1324740469335691266
1324785533755809794
1324643040271753216
1324771426281410560
1324849397088325638
1324708945831825408
1324760953653702658
1324691606293938178
1324595966322855936
1324743836363595777
1324770256259350530
1324672134770294785
1324673903910936577
1324765029841969153
1324734384365309953
1324685979064545281
1324707700090064902
1324697688525459463
1324807158878380032
1324630443774287872
1324787121299881987
1324752373361844224
1324730137204711431
1324714939647512576
1324602587367297024
1324547090257772552
1324726949521010690
1324577826457194497
1324745820856614915
1324775747832188929
1324741775551062016
1324656589463314434
1324779829749755910
1324839375285424130
1324676516203110401
1324801280703930370
1324687541224747008
1324669172970885120
1324795596239241217
1324529620411158528
1324793055216631809
1324759660856025088
1324670801220685824
1324852080054587392
1324609276799844353
1324787123455668224
1324817169255960576
1324758754718568449
1324751266791280640
1324831206131802114
1324689931093086210
1324677855180214272
1324739204983758848
1324841425612267521
1324796005439647745
1324633120440754176
1324612231896715264
1324671759711436802
1324787152752959488
1324799455326068737
1324684660266405888
1324636606188396547
1324524328751345665
1324691021574397952
1324622685956165632
1324738131590025216
1324677470436626433
1324746753648791554
1324805540665544705
1324791228119064580
1324702142096171011
1324684228290924544
1324728805550886913
1324790361542328327
1324599946608365568
1324616734939189249
1324621242889101312
1324588723783241729
1324546086971809794
1324632704038612994
1324705697272090625
1324794641754038272
1324692475987038210
1324778651456516096
1324804673770037248
1324652475853529090
1324623141608525824
1324574938871828482
1324727830320730112
1324661812890083329
1324729439759093762
1324544646480072704
1324792550360756224
1324585614067589121
1324856463441932299
1324693508066811906
1324633707190300673
1324689488426270720
1324620235262070784
1324656442394222592
1324794295480651776
1324752431910178816
1324671349466537984
1324851945971044354
1324835370165587969
1324611752932290563
1324682981362016258
1324623982436458497
1324830656367570946
1324679078880956417
1324666140375846912
1324823049498218503
1324693696068100097
1324775438619693060
1324685060533047298
1324675871333060610
1324620793003855873
1324723568245149700
1324812725407678468
1324789733562736643
1324541533186641920
1324637435381403648
1324615928487858176
1324719509660454914
1324655430526738432
1324739217424044038
1324663624430985217
1324810906287689730
1324623932314525697
1324682091175596034
1324760089182588933
1324619810605572096
1324793293276925952
1324746690797150210
1324818219039936514
1324614409302560770
1324829278601699333
1324608573779939328
1324760919528931331
1324553855695245312
1324546252646875138
1324682477269635077
1324706010884395011
1324671170659188738
1324787805793538049
1324683089197600771
1324785590613745664
1324626257569611776
1324791059881332741
1324755735251660801
1324630551442214913
1324703510190034946
1324801878274809856
1324752059351076864
1324797467909627914
1324612043228516353
1324701502116630530
1324782824445091849
1324788912066277376
1324828924514369536
1324628519041798144
1324516476007624704
1324653661511946241
1324845328944738309
1324716191596879874
1324613245282492416
1324622123915268096
1324733811221999617
1324847661254627334
1324612595706376193
1324840568179011585
1324689069289459714
1324795015483269121
1324675727183269890
1324776922996498433
1324834858938544130
1324684015132168199
1324660725953024000
1324657605709598720
1324801493103501313
1324654950132101123
1324774109012774912
1324662699863773186
1324777757390315523
1324756645793116160
1324798768915599361
1324769059238486016
1324677699663704064
1324804146957066242
1324754562771783682
1324594560610295808
1324630556743794689
1324848727010562048
1324514072256303107
1324626216431878144
1324812968400429057
1324783192688263168
1324641192768950273
1324816291920826370
1324673378687528961
1324692534623412225
1324777737349902336
1324689858003161088
1324685065910165504
1324839173694566400
1324709367174877185
1324620628859781120
1324811556513828864
1324749681084293122
1324755947307237377
1324726623959195649
1324631579541540864
1324603990391328768
1324552549727379459
1324783209767456768
1324734330216816646
1324841905763614726
1324628028782268416
1324851887959646208
1324845372318060557
1324746287166705666
1324843004801277952
1324789122440060929
1324798104357535744
1324737440297422848
1324759318701506562
1324784121932034053
1324679897411969026
1324695543923224578
1324596421379674112
1324658442431324161
1324722164948443136
1324844271300726787
1324754276531556353
1324706264866324485
1324720139359629313
1324662246803410945
1324789152060186624
1324814565411094528
1324796267734704130
1324779701160869888
1324765998898126850
1324753774364282883
1324598380983685121
1324818863729582082
1324619233528074242
1324781957180497921
1324655415481765891
1324733158844190728
1324837276724219904
1324782048402354178
1324808801825001479
1324692441648300034
1324848788004052994
1324597043013275649
1324666283841986560
1324655992232136704
1324551337510666240
1324786742239649794
1324669478286905346
1324744214136164353
1324693155967631361
1324748685847179264
1324651595590676481
1324667552950296578
1324728225570918400
1324590960219742208
1324789374085701644
1324611612087562240
1324764487430426624
1324714984622927873
1324777411771322368
1324620189456019459
1324529504111468544
1324655104809672704
1324735822499897344
1324587489588371458
1324677282166919168
1324692545868341252
1324779677622374402
1324718175058092038
1324806990980370433
1324686728683245569
1324606489286242306
1324610681656717312
1324730197829189632
1324795382854025219
1324804089683869701
1324841656466710534
1324701094115684353
1324679610920013824
1324816338909540353
1324835819706789899
1324702152313479171
1324832517329952768
1324807295042203652
1324760332708073479
1324752790615396352
1324794972667863045
1324699937540657152
1324689279612817408
1324765660048740352
1324687766567997440
1324681972061507585
1324633712278048774
1324688533400002560
1324743342261997568
1324591204542140416
1324620828852576257
1324712991212900352
1324614533240029184
1324616071169658880
1324536772941021186
1324787767260446720
1324693797029236739
1324793432313942019
1324725640009056256
1324837961083609093
1324761481615953920
1324682903968751617
1324702651280482310
1324737846402580488
1324802735112409098
1324598681543364608
1324802067609931776
1324773027792539654
1324780184470491141
1324618174646624259
1324705343402872832
1324776677390589954
1324661966238081024
1324690060927709186
1324791405022269441
1324674968790196224
1324652279006453761
1324791481400467458
1324739914680991744
1324742164501377027
1324730367035777024
1324654330885087234
1324616417388433408
1324505265379704832
1324793959235883009
1324708949430538241
1324678480399867906
1324617726556557312
1324762631257747456
1324565020890550272
1324623781902667778
1324770681876324353
1324761623513411584
1324627812955889664
1324803694102302720
1324629814607781888
1324812669409464320
1324728634150629376
1324646338487848961
1324713982322724864
1324851531045343233
1324558504523431936
1324752841014185985
1324623181374771202
1324729606528815104
1324659609521561600
1324597221841637377
1324713549592174592
1324693994740293632
1324640868876357633
1324745293859086337
1324805870266568704
1324773801649950720
1324804763658133511
1324698646252867584
1324514121602097152
1324797347314962433
1324514622733471749
1324561592651010049
1324706580630306817
1324674618364407809
1324674454329372673
1324653477939871744
1324762307495366657
1324840735284305922
1324855635813519362
1324808855495299079
1324821151596580864
1324605451019890690
1324698058047791104
1324841825711120387
1324768695814598659
1324792178762272773
1324816942012706817
1324730564973416450
1324794919261773824
1324843889837133825
1324760933298823168
1324661808649691138
1324628577309118465
1324532145411547136
1324850311048187904
1324602515334275072
1324738110643675139
1324660212146589697
1324642243924426752
1324693720680325125
1324641907604099073
1324623211989008384
1324740628094296064
1324656866706771970
1324667865795039234
1324714347541766146
1324583314087464962
1324696451604271104
1324617515247554562
1324752131459567619
1324768479552196608
1324569729403682818
1324723262090321920
1324709984387633152
1324637626381570054
1324777829851189249
1324753807104946181
1324819796236664832
1324785786567434241
1324691608902737920
1324761169261899776
1324660766344204288
1324802917589749771
1324601645855105024
1324691678733754369
1324667245990154240
1324731853551636487
1324667297642983424
1324672089727655936
1324674814444032000
1324624415246684161
1324676649372295168
1324731767396421632
1324757105568587778
1324686287224274944
1324715512702578690
1324841001706491906
1324658097793761285
1324777894619611138
1324814349110829058
1324568582240481287
1324855602435305473
1324851264132362245
1324709422753525764
1324655490933133314
1324719968995418114
1324626755978743809
1324759490961543172
1324716423160205312
1324636909654650888
1324618605942722560
1324832946562486282
1324811087880048644
1324862735729963008
1324843777765330945
1324816269347065856
1324564694376599552
1324761725468659713
1324665319198175232
1324690847133257731
1324528587874197505
1324742524817313792
1324726441385332737
1324639649168576512
1324541331637702659
1324541574819139586
1324669276167589889
1324573132494114818
1324775196314787843
1324829783348269056
1324730611148509184
1324761516462264322
1324708649885929473
1324676480492838912
1324733467226185728
1324810438383706118
1324844517216915457
1324809550004891651
1324804663347154946
1324691961551425537
1324838988671311877
1324794304783622146
1324779152847839233
1324736446935289856
1324789371028078594
1324815742697721856
1324712387711291396
1324614506614501378
1324593449270726657
1324584204185882624
1324734161249337344
1324687211602808834
1324796237321850880
1324627305491132416
1324625948688453637
1324514655725826054
1324656125581680640
1324679886582255616
1324595110894542849
1324794999310004224
1324738117279096834
1324742181530275840
1324647025066057729
1324636135990190080
1324695502038990848
1324746566926770177
1324647725628096519
1324673477186621441
1324589694747922433
1324728857673564168
1324720719427678213
1324718878807805953
1324772724045156354
1324688707828568064
1324791051723431938
1324749931975004160
1324720028453928966
1324679683573731328
1324662915341946881
1324630084490301440
1324689887640064000
1324780577891979265
1324797828657565703
1324770431656742912
1324759207720243200
1324686103551512576
1324816474431770624
1324766731982745601
1324609077444530178
1324796746208321540
1324559911863390210
1324605794990522369
1324674927685967873
1324685256025378817
1324671347914690562
1324756452926492674
1324766112953868293
1324702553645420545
1324694371774701569
1324743227421896704
1324674508440088576
1324778234169491456
1324667237035331584
1324734815808167936
1324646145415630850
1324611865280974848
1324757618561290242
1324740616941690895
1324637173845532672
1324606682090131456
1324503238515838979
1324770908465188866
1324707301538877441
1324742191676334081
1324800157498617858
1324683695937257472
1324584516619522048
1324850718663188480
1324671867215642626
1324730305748574211
1324600842423541761
1324681259868737537
1324741166202540032
1324766465174679553
1324671934391590913
1324771435324256258
1324554053582544898
1324709812454699008
1324702634427691010
1324807017769422855
1324625537927622656
1324778517373046785
1324685055172792320
1324755818923872256
1324558908720107520
1324807638337683464
1324599134045818880
1324620072544063489
1324759088509685761
1324742780434997251
1324764593869279233
1324755114360492032
1324726787260223488
1324537159722930181
1324685354859958273
1324843040985485313
1324784521380827137
1324796260256260104
1324668615975669760
1324730408626491392
1324628977504473089
1324801103423279104
1324774919083798529
1324780538855591936
1324638937986551808
1324750656024973313
1324669475518636033
1324780505301164032
1324635304448430083
1324641105602924560
1324649013929517056
1324677344712445953
1324811246550634496
1324780894276800513
1324747853680594946
1324806120377114626
1324633133698981893
1324773788433698818
1324685043000922113
1324707345767780352
1324720988488192000
1324804109074137090
1324755374902300672
1324801815569977346
1324761643608322048
1324681719681851395
1324502124332568577
1324736944111308800
1324507942960406528
1324682323267362818
1324653022014824450
1324794078198988801
1324780591821279233
1324667345944649729
1324690090157887488
1324695671220379649
1324822141326499840
1324779219969331205
1324749901088071681
1324697183870996483
1324629802725330945
1324629298775494657
1324739393022808065
1324804198517641216
1324613913393176577
1324828799356252161
1324544072552427520
1324638144835309572
1324829709159587840
1324659970948976640
1324771528723091459
1324790305909055493
1324623720846106624
1324685710918647808
1324636653252710405
1324628027175784448
1324570638984556547
1324719631731482624
1324705774963220481
1324730435558060033
1324673536867315712
1324691767204192256
1324650872224309248
1324787647965995008
1324844400615313409
1324770736632979457
1324720488627773440
1324687459465252865
1324827898180739073
1324632921878241281
1324813532144246786
1324716177575301126
1324704410803576835
1324781444032614400
1324733359776538627
1324667696353583105
1324802508292825091
1324821540400234500
1324505296149139457
1324586832286404609
1324633476860174336
1324793865820393477
1324796290602016768
1324597858197274626
1324823461370437634
1324680373213794306
1324839814525521920
1324613706915917824
1324839652524724225
1324816688571928576
1324816433101103105
1324608809046859776
1324857074103291905
1324791188952621057
1324650698550763523
1324634130974445569
1324585723329236992
1324665739626737666
1324634338999345152
1324808704739467275
1324694502431432704
1324704800102076418
1324654055696801793
1324673619067371520
1324826398834524165
1324741861827858432
1324714137449041920
1324768478251913226
1324689894984294400
1324751608337629186
1324607239659888641
1324707628526850049
1324785242939510785
1324720664285204486
1324737091322994690
1324678171380338696
1324634434264567808
1324626281376423936
1324715315457118209
1324667646038708224
1324688939660267521
1324619211705094144
1324697737313607686
1324797574507888642
1324644370461659136
1324838922887827462
1324789527324577793
1324520882363129863
1324672522978209792
1324696357781807105
1324737514997981187
1324811574855503877
1324781573519011840
1324748511724883968
1324572436453621763
1324783436767387650
1324647831697805312
1324515243842850822
1324674710710484993
1324861237595938817
1324681957905698817
1324841066797928454
1324811365236809728
1324778522129453057
1324801209547526144
1324637609046478850
1324790403309121541
1324848951825174528
1324649443346571266
1324658330846068741
1324775653812641801
1324838758613766152
1324673680123854848
1324772409040396288
1324835753306869762
1324761655746723840
1324734213191553030
1324710177375924225
1324790150661103616
1324794891776512000
1324601100713033729
1324852683166097409
1324666364716568576
1324835599514324996
1324648026267373571
1324645290985639936
1324795441263890433
1324652947482038272
1324626646373142529
1324777668378873856
1324519919866777602
1324742854858649600
1324765499281080327
1324724113177542664
1324694595968638976
1324649625832329216
1324778105454665729
1324825208092532736
1324720335284031490
1324725310194110471
1324680690890362881
1324511156921356294
1324688102426894336
1324681121821589506
1324826553616838661
1324687917571342337
1324839669159350272
1324597687816232962
1324574518136942594
1324764745379966981
1324715555744526337
1324691237421654016
1324587245844762624
1324617932119396352
1324779107067068416
1324796816777510913
1324779815292051461
1324614693533700098
1324624694205542401
1324606155243638784
1324558231373520897
1324662929892003840
1324772787488247810
1324673166749388801
1324812282975657986
1324800329075011584
1324576157526904832
1324841863854100482
1324769353074618368
1324559537815408642
1324681517445033984
1324637370705186816
1324790079412457473
1324804478894297093
1324742732896718848
1324663763363127296
1324727202445955075
1324601229352308737
1324748639835738120
1324685486057791489
1324779257281826816
1324597667201196032
1324747864455716864
1324657546767048705
1324820057223057410
1324768889448837121
1324754814140588041
1324516931521556480
1324783441444020224
1324745859968438275
1324829595619786760
1324614655847915521
1324813640017629187
1324609657072242689
1324697440394584064
1324674708550332417
1324510652585529344
1324818268478201861
1324597503644282880
1324727182246240256
1324630386299854849
1324616786164240385
1324692492822974466
1324619377724039169
1324504758976192513
1324785378822336512
1324675687630995456
1324807328999346176
1324701071000932353
1324654266200608768
1324676011984855046
1324775541615009792
1324624914821861377
1324623279315968000
1324610475284434945
1324507772264787975
1324766520707305474
1324688306886582272
1324792554030850050
1324712456527269891
1324663458269401088
1324801942586085377
1324644995060695040
1324806511722450944
1324828404429053953
1324799362497683457
1324774788401926144
1324635745143951360
1324718937414770688
1324850841782804482
1324670171408179200
1324617982207795200
1324764944525598721
1324820526741835777
1324626931862638595
1324823365845196805
1324775138089410565
1324674690108018689
1324603213673336838
1324619414248083456
1324568853737857024
1324854483113988097
1324743532704313345
1324665717178966016
1324737734813061122
1324704423550083075
1324604382055440384
1324586387761434626
1324781342844948481
1324774095679037442
1324602972748324865
1324654645151698945
1324610058974617605
1324780916703637505
1324758312831864835
1324691504074543104
1324828245397807106
1324651761135734784
1324563087584841728
1324519370824048641
1324622707401592833
1324761427580755969
1324795553616744449
1324766928955756544
1324538228339167232
1324805279083597827
1324639172808921090
1324794317186101249
1324671198794579970
1324819141140848646
1324785065419821059
1324778947763150850
1324523119789432833
1324842423349088256
1324700072894935040
1324731263970926593
1324676360800002048
1324765970855038976
1324790631126937602
1324764141345738754
1324745836773912578
1324799555926413312
1324790501241925640
1324750875601096704
1324793249119248385
1324746620458700801
1324664648331874304
1324639884611588096
1324633764673236992
1324523203037900800
1324817790247862279
1324510889689624577
1324593491863769088
1324722545053044739
1324671444509462528
1324758164064129025
1324813581427396610
1324606466175590400
1324785251177082884
1324570440501760001
1324664635073695744
1324792282181177347
1324759653335638018
1324610584797761536
1324798179292909571
1324803731226038274
1324814152372813831
1324816324321828868
1324749315395518464
1324623609734844416
1324725999939051523
1324672863731916800
1324680980607717376
1324731267951329284
1324856748004581382
1324708326291156992
1324607201512771584
1324681089831620608
1324717007481249794
1324736944547397639
1324829339742076928
1324674255880097792
1324698274281017344
1324695714778284037
1324684770203344899
1324730288359022598
1324647921111961604
1324662480153563137
1324641878902513665
1324632286311186432
1324809398309498882
1324673406529343489
1324724052611731456
1324617954865090560
1324526261461536768
1324773136999555073
1324842041231159302
1324546071708737536
1324818117885911042
1324622586697912320
1324745290339987456
1324813567015768065
1324727426157522946
1324738364587843589
1324779337783123971
1324664539795906560
1324836226797608960
1324834061345607681
1324677798519283712
1324788970073575425
1324519678170046464
1324682924827037698
1324693147977424896
1324800673381294082
1324778543839125504
1324651257857015808
1324669615323160576
1324776131556528128
1324813666609496066
1324688900976201728
1324674170287017984
1324665826247643143
1324803573012713473
1324706727166619649
1324678432983257089
1324614421461782530
1324841297480482825
1324791772006985729
1324524818071519232
1324674867162095617
1324847644573896707
1324734678818050048
1324753078348906498
1324845315783118856
1324639406016311296
1324749831475208192
1324721474570227717
1324634373153587200
1324587079293173760
1324645953215754243
1324689083923390464
1324670107222761473
1324738807615397889
1324719784722837505
1324684308540436480
1324736684836196353
1324635498552446976
1324835474582753283
1324692436233392130
1324641775768788993
1324780665666215936
1324704894134222848
1324643310460424193
1324793554036817924
1324783486864183297
1324627242404773890
1324615353310285824
1324763863309582339
1324656482047139840
1324795139018162176
1324632228010336257
1324833679798161409
1324607845837479936
1324813834205409292
1324673841403207681
1324832806082617350
1324803466708111360
1324779248670920708
1324619934182289413
1324684128802000897
1324759031307796480
1324775065792241664
1324777608454774785
1324782076017709056
1324755279746109440
1324639046048645121
1324539454485352460
1324823008473681920
1324753218614820866
1324691627730997249
1324722073634283521
1324700708827025408
1324776107426648065
1324813450925776910
1324814016494116866
1324861085749370880
1324663543287980039
1324623983900303360
1324743689294520322
1324739472441987078
1324770217063567360
1324774986578563072
1324513361502085121
1324605038505959426
1324799202921205760
1324790189005377537
1324703671792345088
1324695735200342016
1324661091176243206
1324622554619891712
1324661198315524096
1324758874272997381
1324658097990836227
1324780356155953156
1324707200879730688
1324629336146718720
1324521041411137536
1324791213371891712
1324737646669766657
1324613002755268608
1324670896418787328
1324803936436584453
1324580217080418304
1324529448092340228
1324681505633980416
1324786449653354496
1324653535213080576
1324782179591835650
1324737974395961345
1324813674603753477
1324591927736545281
1324842893945745413
1324853871471169538
1324789435238699014
1324810408277016576
1324649378288705536
1324628665439760385
1324702815554572292
1324539657959305217
1324795641801879553
1324538731756486656
1324821622767890434
1324648293717200898
1324503659632304129
1324852152494415874
1324812080785035264
1324767877430448131
1324769038233382914
1324709841089318912
1324735795836735488
1324726549678039041
1324686749927288832
1324810124536532992
1324798041862381574
1324760777623019523
1324666954934853633
1324682175069999106
1324829672979521537
1324692991815143425
1324754647664525317
1324575629023547394
1324763811946135554
1324784304824700930
1324671316180537346
1324570220212690944
1324521531037360135
1324673643876634626
1324778343049449472
1324736309114667013
1324790065625812993
1324641086908882947
1324833468476522497
1324805779686379521
1324838211378679809
1324648523657285638
1324776621027532800
1324798473791787008
1324674292798377985
1324766503401590786
1324596221466521602
1324608856572440576
1324801488280014849
1324802095581745154
1324794151712555009
1324680405820313605
1324828711565332481
1324503009162858497
1324753077254180867
1324838312457195520
1324581014740602880
1324745822211330049
1324652924996325380
1324772877581852672
1324626131757211648
1324685490457473027
1324643758927945728
1324796931198099459
1324674700337991681
1324629196430315521
1324792844918394882
1324637294729613314
1324635964749348864
1324692343375745025
1324569191563874307
1324736580565766144
1324614896022097920
1324849334932983810
1324835849696149506
1324668899074445314
1324801219022475265
1324667333659557890
1324683486192635905
1324676049813295104
1324509724172320768
1324799068229586945
1324604679288987649
1324628188044120064
1324724084727549952
1324779463599599622
1324708103359791105
1324804926271270912
1324824929754296320
1324514453778563073
1324664635153358849
1324687872826482689
1324656644857487360
1324828731442106382
1324751847341592583
1324754017730334720
1324682977872412672
1324783481071767553
1324740177231753217
1324797686705508353
1324748514019168256
1324720851028185088
1324770582374830081
1324743899924078599
1324671561064943618
1324744225288802309
1324600210866266113
1324784403218866179
1324614448636743681
1324668658866655232
1324627336839499777
1324751114428944385
1324779717086556161
1324799967026946049
1324811969770233856
1324852469395050496
1324646483782717440
1324757761796820994
1324841722447306759
1324716906906046466
1324737781348925443
1324740738035441666
1324695319846727683
1324860911681679360
1324674938830282753
1324728821367607303
1324848302567862273
1324776064292425731
1324792139532873730
1324753737357950976
1324808130270822401
1324692555427098625
1324600584478052352
1324837725397118977
1324670181860384768
1324795390412136448
1324675648141615104
1324779172082888704
1324653656516497409
1324845353015906304
1324815970192527361
1324670571163037697
1324841794371309570
1324785223465394176
1324725261523439618
1324828068939243522
1324795504199389185
1324681318664425472
1324785800383549442
1324775982646108160
1324685780959272961
1324764890918277122
1324667559644418048
1324724536147906566
1324676015893991430
1324674855241945088
1324768986467344386
1324700179010887680
1324789419975581696
1324695030892761088
1324684234141831168
1324723596506247170
1324679512387395584
1324812594977345537
1324569825834901510
1324793549389500422
1324820661076897794
1324752595467096065
1324638487891632132
1324754369682825217
1324605805451186176
1324753997912285184
1324825098940010496
1324687949963923461
1324772721306251265
1324710682617696256
1324654066643963904
1324740350930493450
1324603123168616454
1324736700464177152
1324628142963761154
1324800049990217734
1324707679726669826
1324615134518673409
1324756052622061568
1324798132656418822
1324671697073676295
1324790144965201922
1324629003664158721
1324748643136606210
1324824769007624195
1324630945685786625
1324675701006585857
1324777859563560964
1324767873613651968
1324658980438921218
1324853061286793219
1324823586478137349
1324825255362416640
1324647534619430912
1324592507297124352
1324693543995265027
1324748253179633665
1324699480701259778
1324620240928575489
1324723686012760065
1324816017227481088
1324509155764436998
1324823259150491649
1324809346006589441
1324666028778016771
1324709679369506818
1324501957625716736
1324671777407160320
1324651152827404288
1324806514272575490
1324623932607983616
1324771743597285376
1324569896655691776
1324838680876429317
1324757166482509824
1324735233028182019
1324722819977150465
1324784432159621120
1324834336839970816
1324669956080963585
1324755267473580035
1324742961456943104
1324686814624493568
1324816234605662209
1324807877689790464
1324743120966266880
1324674001147494400
1324851293127585792
1324693417356627969
1324832119735128065
1324711924148428806
1324795792687849473
1324726937642770433
1324616733534101504
1324688490110603265
1324510392513662982
1324779753539325953
1324796228601847820
1324789656576294912
1324805273249263618
1324763412107300865
1324664233292926976
1324805266714595329
1324756334257033217
1324627376144293888
1324811242100371459
1324731638387912705
1324781446448533506
1324806617783783427
1324630638004215808
1324550957116628993
1324856857656274945
1324834612946837506
1324797691797319682
1324720170162659332
1324514222127095808
1324848963447623682
1324768269144854528
1324710775496298497
1324765696199450630
1324647408467398656
1324671696868179968
1324743845872128000
1324686636207190017
1324674387254104064
1324677679401095169
1324723771790544896
1324853355441721346
1324796754357899264
1324530225577906176
1324628336862220288
1324673624545075202
1324685770209271811
1324786784820146177
1324640083459395584
1324797033111261185
1324792498280161282
1324717274281005057
1324844087175008256
1324808883748147200
1324788861294284800
1324656100470304768
1324609892536246273
1324547262551334912
1324550771199889409
1324789832351207426
1324745146110496769
1324679694130753536
1324733003214499840
1324771208953499649
1324787482504941570
1324629959219044363
1324829463784398851
1324795518669803520
1324621428759678976
1324725905940455424
1324798641886973952
1324664911193083904
1324680977009025026
1324758114973962240
1324655542992801792
1324857346720473088
1324622070655967233
1324746865351471105
1324782515454959616
1324687439596867585
1324727163585810436
1324755557471948801
1324673477211815936
1324791475037736961
1324836931587526657
1324656101040754690
1324671451883020288
1324699076835872768
1324772446512254977
1324702809992953858
1324803327964651521
1324653392543780865
1324690298015023105
1324672966823694339
1324770655057924110
1324680298144124930
1324779429315444737
1324628533277327360
1324708892643917824
1324771523656372224
1324682762901721095
1324781526962393088
1324791368028442627
1324666392659042304
1324627280484798471
1324678976791523329
1324819697011929089
1324824241796239367
1324810307114573828
1324778222479986688
1324684904920240128
1324677953280790532
1324709455599226889
1324681880730480647
1324764297956909057
1324630194683027456
1324654056489558021
1324818998278717442
1324854815613136896
1324504338379821057
1324758875342540803
1324725694723706882
1324605934228905984
1324786228915511296
1324665862545117184
1324769607970885633
1324689855910207488
1324653230891114502
1324767471467900929
1324634397652504577
1324700573963202562
1324816410971963393
1324634274398699520
1324777130262208517
1324804111330660353
1324721060600782848
1324766207199846403
1324515106999439362
1324853710204424192
1324850924091805697
1324788573321777153
1324678514478616576
1324763270432129024
1324856483222376448
1324770561197826053
1324684668348805121
1324843096115470341
1324834761437753345
1324763398450667523
1324694725002145792
1324631658566397953
1324799360819990528
1324791655652855815
1324721991253897218
1324605783498125312
1324628534376210433
1324813257014759427
1324675411138281472
1324695413987987456
1324731647456169985
1324591154357260288
1324617028079128576
1324730581083656195
1324507525610459136
1324798211865956356
1324794489505009668
1324669856860557312
1324843414408454144
1324656449163829249
1324647339609522176
1324601556801671169
1324642945623085058
1324767442556641287
1324586620050382848
1324516532819529728
1324683657714503682
1324696978194923521
1324618219009806336
1324820297376276482
1324784106253750278
1324763761169866753
1324659688173162496
1324653059583184896
1324706874344771584
1324650044809744385
1324604142040555527
1324540283938349056
1324811859833344006
1324657437442482177
1324644421518983170
1324830903420542976
1324740765784920064
1324605106264907777
1324708089254322178
1324820864714575872
1324839492956684290
1324766841982603265
1324706520249081857
1324741984913936385
1324811968952340482
1324760554918055942
1324669941791019008
1324715621834252288
1324789022175186944
1324789082208247808
1324770416079101952
1324761393506246656
1324629166067777540
1324767679249600513
1324836520327598080
1324612851416399872
1324812970858369031
1324761584191897606
1324588931812413440
1324655605294968832
1324785551497695232
1324807978826915840
1324625103955611648
1324810949266710533
1324770612192120832
1324526727276695552
1324835478454050819
1324688640732094465
1324837698444709888
1324704684880338949
1324809052338225157
1324786520050585602
1324673557868253186
1324685033395916801
1324628040224251904
1324789891717341184
1324542481858514945
1324781229976309762
1324795246794940421
1324848891729248258
1324791462773592067
1324781119812882439
1324758783441195008
1324698750179332102
1324684663605075969
1324616438330626048
1324787159740592128
1324639377415458816
1324638690837188608
1324748050947080198
1324833071057850368
1324656470051479552
1324813471721160705
1324834766588383239
1324603893733564416
1324716592249397251
1324720408348733442
1324808002914947072
1324618983912464384
1324600775499276290
1324727443949817856
1324630731595931651
1324734084803944450
1324841697910599684
1324653962436481024
1324825507700088833
1324813602042294275
1324766165764313092
1324650591642148865
1324727856174387200
1324622244123987968
1324847607412305920
1324787630593216514
1324810395358474243
1324770611898568704
1324769054985433088
1324764040866996226
1324735856297607170
1324737088152109057
1324706979433058304
1324683851667546112
1324657686131154945
1324644052583800833
1324524505176354817
1324621751167471618
1324843275308748801
1324847914926120960
1324677182094979073
1324798633460568073
1324692909833310209
1324675050654584833
1324569315279020033
1324683308840685570
1324812067279429632
1324723034465488899
1324653765903994880
1324602695660044288
1324592655188316160
1324633137754869760
1324668589455101957
1324601579920609280
1324804541280407553
1324656903683776515
1324704178896277505
1324653981617033216
1324684513168023552
1324803309295804416
1324690342235545601
1324675112034029568
1324758719922532353
1324753642939928576
1324692106821193728
1324620978501177345
1324686973487992832
1324810357630738437
1324681950183960578
1324679323509469185
1324813452301553664
1324776691898736644
1324687732359237633
1324685215797776385
1324531150912716800
1324816120151482371
1324839772519600131
1324774838339338240
1324821334430535682
1324782108066435075
1324585502385852421
1324807405872517123
1324842125264101379
1324834019360559104
1324786172929871873
1324750893334540289
1324810184741556225
1324832572732592130
1324611813267382275
1324726333805596673
1324710622785871877
1324777193122238465
1324602298153226240
1324825206662270977
1324698413246615554
1324789621939703809
1324803897286922244
1324635267433701379
1324812793804169217
1324757264339738624
1324707068356497414
1324703792705789952
1324586411106934784
1324638142788476931
1324751894774992896
1324701808082771968
1324838695531327489
1324729361371639809
1324584605891047424
1324770490855161856
1324685305383968769
1324601010598387712
1324750080461721600
1324669618829594624
1324788729899343879
1324844936894816258
1324736586857271301
1324831574739820546
1324778642086502401
1324770648087027721
1324667658663505923
1324677638586355717
1324831982950469632
1324815955327885314
1324806376456151042
1324761702274080771
1324675793075798016
1324847917232984071
1324798303750529029
1324732411884851200
1324672826729656320
1324637789221089281
1324761356558651399
1324768959028207622
1324629432590618628
1324672886523731968
1324724334821343234
1324772983211261953
1324671936409063424
1324655513804615681
1324834667263131650
1324793150880145409
1324703288454008832
1324786576858189829
1324589112779804672
1324739346705096705
1324722377197031425
1324646979188740097
1324795417079521285
1324642161183367169
1324778816783421444
1324754005352980481
1324842761200259075
1324767284351651842
1324710938923196419
1324806630966525954
1324650105673310210
1324771586969378817
1324684723013226496
1324643966558588928
1324525253742202881
1324794551719071744
1324776429599510530
1324632613617864705
1324785944000679936
1324663912239894528
1324813537680728065
1324730410866192387
1324666472849965061
1324521261918289921
1324782089817018368
1324686937563766789
1324525406821769218
1324684588132782083
1324861621399908357
1324697054921326598
1324628125255454720
1324789835979202562
1324703940487897088
1324845374876618757
1324815280015609856
1324766187226542080
1324749025313230848
1324647474871574529
1324823014316380160
1324786059402760194
1324757888221413376
1324608224855760896
1324641035172126720
1324753850583187456
1324736182698258432
1324670780333084673
1324580176018214912
1324743723134189569
1324602485751881729
1324606112814014465
1324659706917457920
1324683734709424128
1324812660765065221
1324594284272627712
1324687538070671360
1324775842971607043
1324622572122640385
1324720887740928000
1324765174788706304
1324779679157522432
1324752806847389699
1324617729022767104
1324640307854692355
1324792245111951364
1324703701458653186
1324527112875855872
1324633618082369540
1324660263447109633
1324609638218780675
1324602613762064386
1324641376169009152
1324801887288381440
1324782638549340161
1324653962411282432
1324714591377629184
1324608999623413765
1324671559265624070
1324649073530515456
1324815109286494208
1324671911314546693
1324653501201469440
1324770760360136704
1324584102348181505
1324740873670791171
1324786744294809601
1324603985244917762
1324782475911090176
1324860007393988610
1324654920512004096
1324511994653872131
1324855624669290499
1324600635308855298
1324706011928793088
1324698518049742853
1324632373179359232
1324754055449747459
1324685529984749568
1324620171051520000
1324811987449163781
1324829034438676481
1324671467653603329
1324659890762244096
1324799497889849344
1324802899692703744
1324845862586114049
1324570091334311937
1324697332936527877
1324670245605355522
1324781828532817929
1324837126802911233
1324630525160685568
1324520583011459072
1324796408222883843
1324779239489589251
1324803914651312128
1324759060936351757
1324701521884274688
1324811261381615617
1324801765242507266
1324777623176814593
1324699460484669440
1324699534719680517
1324707397340925954
1324786600727949312
1324785454948954124
1324736422687973378
1324638605982224384
1324803176139206656
1324736585137573888
1324684147093344256
1324651294238384129
1324771616170086402
1324678222278283264
1324841383539167232
1324805445521973249
1324838496587173897
1324689334021345282
1324608025676709888
1324530325272354816
1324780518777462791
1324790573618896898
1324742640194232321
1324770324227989505
1324741992774066178
1324650917954727936
1324719408762261504
1324636441897508865
1324593887084765185
1324814198354882562
1324759599275233280
1324755808144494592
1324756884428120066
1324672867246723078
1324787566378442758
1324766334920597505
1324648389917708293
1324730482064564225
1324705334431260672
1324665177590157313
1324614979027406849
1324725354477531138
1324710178936279042
1324690379812331521
1324642469326278656
1324802697292382211
1324684468553175041
1324839405140455426
1324784886805417985
1324827024603709441
1324758314794643456
1324805128910708736
1324634340790276096
1324522372276408322
1324773712319647747
1324643943611572224
1324635307942256643
1324715206874963974
1324672572068421639
1324745547790585860
1324863129977839617
1324693216579432453
1324738964645945345
1324787366570184705
1324738040749764610
1324725805386256385
1324716474146193408
1324700707115720706
1324628523189968897
1324782693507338243
1324604641858998273
1324780097723899905
1324810974541631488
1324726468002353152
1324769125953134594
1324823726173659138
1324758842119434241
1324810344133500930
1324573238618456065
1324743698790363136
1324693165270552578
1324621607424413696
1324672453092823041
1324809934907809794
1324721831987810305
1324580682362966017
1324713455191023624
1324635350808076288
1324834091695484930
1324678043898646528
1324666277215064064
1324819352953229313
1324713784250896385
1324655374423699457
1324685466466164736
1324783841458950160
1324788301501444099
1324648934304862208
1324725607704498179
1324808633440456709
1324721859280179200
1324690158092996610
1324650193556557825
1324758731977072646
1324770499927461888
1324718357904576515
1324836442233856001
1324626532946513921
1324654297288740864
1324825246541729793
1324833827718602759
1324771934173831168
1324808655938691077
1324786080764354560
1324711583784849408
1324689009327656961
1324791859022041097
1324840371508174858
1324637649970278401
1324813742513790977
1324843191565275139
1324805046622691328
1324837152878977027
1324782224277938177
1324755721687388160
1324773629620637696
1324754341123756034
1324703858677981184
1324660819716657152
1324746761152483328
1324634932992462848
1324727758845628418
1324747852095082498
1324792895535271939
1324627559913607169
1324745523753091073
1324746604491001857
1324806491610767361
1324656492692328449
1324693711981301760
1324849865545965568
1324762548315578369
1324512007295479809
1324668560925429760
1324782504931459072
1324617950997975040
1324686737705152512
1324670009214488576
1324792888891482114
1324684990349742080
1324715841674452995
1324791428787163136
1324650759493951489
1324730326384607234
1324618282310184960
1324673508996251648
1324861583114309637
1324600254478647297
1324723355963019267
1324655632956461056
1324785862413033478
1324686630964334592
1324646303146586112
1324805164260302848
1324644963435634689
1324626563443363840
1324614600965447681
1324598151987298304
1324640866925973504
1324760872707829760
1324716601007087616
1324748364215427075
1324621418265518082
1324632800394465280
1324819157884559360
1324621142175424514
1324843180806819841
1324707999378792449
1324838816801325057
1324693797914189824
1324691139912474625
1324638927878262790
1324797329283624965
1324605184971079680
1324510367754670081
1324763244368711681
1324627971366391809
1324743461191491584
1324645473714655233
1324527096748773377
1324730356872941572
1324753231713652737
1324690494664941568
1324666113939091456
1324701300131549184
1324727642969509889
1324606569628241920
1324818639208488965
1324775851116929024
1324777454754500608
1324803618827051008
1324770466976931843
1324860842802880514
1324602297809276928
1324678368365891584
1324794045634383872
1324761912991731713
1324667302634283010
1324698208640110593
1324718627594133504
1324805297035247616
1324711826735640576
1324651675525722112
1324861116963557378
1324765911249784833
1324725445422731264
1324797748915437580
1324790309499375616
1324612018972823552
1324784044282957824
1324619856881291266
1324657757073661952
1324625289276772353
1324671133980000256
1324796285707296769
1324764921335349250
1324736066436419587
1324671116259053571
1324811124789960704
1324815148670984197
1324789556126883841
1324786093968023552
1324689899384176640
1324685882239164416
1324732772901072898
1324758602951909380
1324655887336771585
1324508137727152129
1324847642866831362
1324602429342703616
1324695009841553412
1324674950616285184
1324835922727313408
1324810711005016064
1324804385709371394
1324686105329848329
1324683837755035648
1324626956734910464
1324601594588106753
1324780058066751490
1324772081423319041
1324853514531688448
1324635925763248128
1324514124731240448
1324794681172074498
1324648687805616129
1324797673589886985
1324841543346343937
1324753651995430914
1324794895228391432
1324623331274928128
1324583620619735042
1324594393085607936
1324632653379870720
1324594499633483776
1324773782540734464
1324851180007247873
1324631934954328064
1324629998565789697
1324582677152993284
1324758549864566784
1324805437397630976
1324702487614574592
1324688314969001985
1324707718083629057
1324594127057620992
1324621700370210816
1324774502065180672
1324512082142875648
1324725790005731329
1324741130798456833
1324768538977095685
1324839006966874119
1324672552153817088
1324733120164364288
1324680627141181440
1324701104618328064
1324674745305018374
1324778670704250887
1324637972688457728
1324652631923503106
1324739938768793600
1324506814348693504
1324832061421686788
1324618040718336000
1324624900347318272
1324794779159375872
1324773155106336772
1324691978072850432
1324819563763171330
1324784247379529730
1324812656222625793
1324702478546444290
1324728004828819458
1324863889922813954
1324506180824178690
1324685299251904513
1324800813127053314
1324693317133762560
1324639903880196099
1324754928502538240
1324857564199333888
1324690038916030466
1324661601199251456
1324800131670048768
1324547062474694658
1324779557422043136
1324736775399628800
1324758865293049857
1324711242666287104
1324809476323553283
1324655570805268480
1324739845223288833
1324815028260921349
1324696408855879681
1324812475020283909
1324676340566687745
1324652424657838080
1324681611376533506
1324806010826117120
1324660548173266945
1324691336688214022
1324623620451274758
1324760090633768962
1324622405998882817
1324769026598457346
1324553344845815809
1324691851761373193
1324738835054497793
1324783428592697345
1324644788059181056
1324583967027269632
1324711210651176961
1324719662534397960
1324619348628131840
1324810561620770818
1324632872372883456
1324778212698820608
1324798671049891842
1324636022760722438
1324731449556180993
1324623520928800769
1324761328490340352
1324815045554032641
1324719097897226240
1324799951688200193
1324699737732321282
1324752092897120256
1324813581540564997
1324622702250991616
1324756118464286723
1324772316799225856
1324720284818120705
1324619788044349441
1324847912468254722
1324782563488051205
1324656436262146049
1324835587266875393
1324787749816250368
1324671256155852801
1324671434992635904
1324639708794806272
1324789329290530819
1324800820693684230
1324686648341245952
1324663662028619777
1324636218076942344
1324684464556019712
1324615798804066305
1324695160266117121
1324671207564824576
1324683276402020352
1324759573073432576
1324709236178386950
1324688572675510272
1324790004888051716
1324616388523249665
1324779697918672898
1324853650511040514
1324833115379040258
1324821390013464583
1324807409395732480
1324730900446433281
1324846335284137986
1324700880986427392
1324787009047699456
1324818896453513216
1324605030192865281
1324661704156946433
1324827724792401920
1324686676472532993
1324615812410449920
1324675160734113798
1324772926411988999
1324661187011923969
1324507847154114562
1324523018677325825
1324707341162455040
1324674232916365312
1324720632517533698
1324595206533058560
1324735179773120514
1324669230097248256
1324659093861269504
1324631911143215104
1324773243362967554
1324841645557383168
1324779910716657665
1324685956952174597
1324681887286235144
1324717224544841737
1324676630376308737
1324757854620913671
1324680174483505152
1324817480221601793
1324839113019871232
1324772351762976770
1324754681109860357
1324731824040542210
1324746100239159297
1324637404406468609
1324636361228509185
1324627257030283264
1324746428661571585
1324845334980448256
1324810306070171650
1324830192838332416
1324611044673769472
1324756782447820804
1324824516015591426
1324741025701732352
1324682508110352384
1324818752496635912
1324784042978516993
1324768255702192131
1324833731455012864
1324824881394028544
1324682271450927105
1324829193151107072
1324777702847643648
1324776820043096064
1324678822533439488
1324626806369144832
1324679852880990209
1324613235870412800
1324838098505781248
1324754538893594625
1324706314023555072
1324683627754651649
1324726794969358340
1324658011386925056
1324610893481730049
1324816568853954560
1324792590106087425
1324772870996828161
1324704322005962752
1324666769135554564
1324662202276696064
1324699148445245440
1324602818825736192
1324700309168492544
1324758914911666178
1324824203682598913
1324640809187266561
1324757047330689026
1324672858774216706
1324662470837940224
1324839322596614145
1324735827772116992
1324553581899485185
1324787209715802120
1324771493184765954
1324700170219565058
1324747339521810434
1324682484089528323
1324631864192151553
1324626011787583488
1324846890802941953
1324736674052657152
1324694266849972225
1324625100059119617
1324619031081529345
1324837409218068480
1324698251925311489
1324737192938393600
1324851801867362305
1324759744649875458
1324672491055386624
1324776780302090248
1324799567326547969
1324754655130329093
1324636521442455552
1324569762177929216
1324704530827743241
1324699496933138432
1324654341123440640
1324595354831147008
1324735463626866688
1324554110486663168
1324708568038256641
1324778710768197633
1324810470088429568
1324842893429846023
1324632169172664320
1324750181401808898
1324684441080467457
1324672782555373569
1324739176496091136
1324770999443881985
1324618251255664641
1324752412800884737
1324512355447902211
1324696786485858310
1324814345193377800
1324743638530871303
1324702373277741058
1324700316487528448
1324739221303758848
1324621743126958081
1324809561841242112
1324740733866303488
1324825583730200576
1324830507184594945
1324805149458604033
1324736197453860864
1324725299171467264
1324657095170543617
1324834377566748672
1324679220568707072
1324705255335092225
1324596180031053824
1324803595154456576
1324768234801926145
1324806742115536897
1324671156528578560
1324803018160807946
1324680782837882885
1324693902721503238
1324506608802668549
1324808881025986563
1324653560475324416
1324724708932227072
1324838317762949120
1324597661702512640
1324673731386613760
1324733118541111297
1324674931922186240
1324702824857505792
1324779028872597504
1324724106227552257
1324790698877571078
1324689429420744707
1324649365575749632
1324765310851911683
1324783081899859971
1324700424432164864
1324595782453002242
1324808346927538177
1324796535754924032
1324777354430959617
1324760017153699840
1324748605866082304
1324759701385601027
1324726005236404226
1324696938042822656
1324780168771182592
1324782915381768192
1324730260768935937
1324502852581101575
1324514556383797249
1324781508104736769
1324792337487319044
1324701330288660481
1324750255104102402
1324544686648905730
1324719917732667392
1324804354881298433
1324742322203070464
1324795918009405440
1324808911397015556
1324671841680674817
1324662677982089218
1324645873591222275
1324604636959973377
1324832072431751176
1324752001507446787
1324503639642251265
1324841631112220672
1324676347336294401
1324620033138503680
1324848040579125251
1324679992207433730
1324805806194331658
1324810972251463680
1324538245510844416
1324815617304776706
1324742712705376256
1324849721274437641
1324809660436762629
1324799407578034178
1324672919621029889
1324655019648552960
1324573002831327235
1324812770471219203
1324674945570537472
1324738006209777664
1324645014308294658
1324754678467465216
1324797172773257221
1324676666061475847
1324723554173288453
1324622551780188164
1324685604265885696
1324836625067790337
1324647788379070464
1324731408452063233
1324802654082654213
1324736279154728962
1324679645179109379
1324859475644321793
1324639965976891393
1324696952265707520
1324692079876935681
1324699059043663872
1324777354787463174
1324791578028843008
1324846428380930048
1324647892125208582
1324631444958912513
1324661448690335745
1324809893455532035
1324768784050249730
1324742362820714497
1324737799044714498
1324614291371270144
1324810569732546561
1324626342558814209
1324606564213272577
1324651630374039552
1324767618310508544
1324789706836611072
1324748220547977217
1324838359827730432
1324734202194071554
1324796454192488448
1324748809721782272
1324696432511733760
1324609490998775808
1324680378817404930
1324580046506467328
1324810681812660229
1324807276843175937
1324778435047231488
1324815758564691968
1324685130179485696
1324711868024430592
1324611883073183744
1324680503946022913
1324665096086327298
1324784817590906880
1324626435332624384
1324620180576677895
1324586151689261056
1324561244074946560
1324671205429911553
1324622729786675201
1324667846169780224
1324725716852838400
1324847913672019971
1324753707268034560
1324653728230756352
1324680976392474625
1324623192162553856
1324631960082386947
1324662046386987008
1324637268477399040
1324664731567869952
1324638804226002950
1324660618809483264
1324638546494443520
1324713761652047873
1324654645067829248
1324771408522739713
1324623844754264064
1324533213612679181
1324742215491592192
1324637020954808323
1324769780809764866
1324702947750674432
1324614971641135106
1324577248712818690
1324771867002101762
1324760099185983496
1324599051199877120
1324849712118272005
1324679126054219776
1324748517227769862
1324741951565012992
1324702885125492736
1324700368505286657
1324730487793946626
1324771226448023558
1324614207640391682
1324673638956761088
1324554112743202819
1324676549241700352
1324615103896080385
1324802914452471809
1324744433275985922
1324789517883232257
1324592939260063746
1324725063996854272
1324850346678722567
1324829760275521538
1324827225091461122
1324790774945456130
1324781214146985985
1324692057798172675
1324782566604419072
1324861204813254661
1324773144440299520
1324717335312289794
1324758314882916363
1324503356149293058
1324654225188655104
1324767375384784896
1324651123806998528
1324798284230250502
1324508749265096704
1324719803651788801
1324710953468964864
1324839330456784897
1324799480416358402
1324678777931223040
1324654621453942785
1324833791156899842
1324770889297256453
1324807882928496642
1324760210917924864
1324688526231953411
1324738253300387842
1324621879408283648
1324636046680825857
1324615449649270784
1324810453894258689
1324745225370218496
1324596973064888320
1324769155879456778
1324672681455878144
1324661061300215811
1324567717303779328
1324763212676501505
1324845846043762688
1324802013977260034
1324534611968462849
1324661524120690689
1324797057668911105
1324731474751442944
1324643254084751360
1324733473492504583
1324640805018107904
1324521471713095681
1324717831305469961
1324747039993925634
1324679091388358656
1324667895755005952
1324712861785034754
1324711579380862977
1324607311386714114
1324725785492705282
1324659583323934721
1324706595788464135
1324723696410480640
1324734084619378688
1324817317851783169
1324745800556171265
1324610785449050112
1324810488157511682
1324728529808986114
1324672016650305536
1324730045617852417
1324556736527847424
1324690395071209475
1324777302945943554
1324746895655342083
1324676767571955712
1324849776689582085
1324686016184279040
1324844349155364867
1324746337808764934
1324707784009678854
1324786802402729984
1324683217652371456
1324818386887598080
1324663749513498624
1324793068122480641
1324597862731259904
1324663075170144256
1324780340561534979
1324656736465231873
1324814405159260163
1324717898661830659
1324605947692699649
1324510634654904320
1324662299454525440
1324729244275122176
1324705333114294272
1324738834295410689
1324798539818479616
1324514107966451713
1324691644671758339
1324639718051581952
1324600562751602688
1324708386928316416
1324759733748879360
1324737724897763328
1324774615349080064
1324734862583103488
1324691803380043778
1324614731148251137
1324679976705089537
1324642238715076609
1324825022595293184
1324802555805863942
1324737070649249796
1324633025724981249
1324571704040062977
1324796415453908992
1324541600534593537
1324746188176920586
1324716559584157696
1324634604591030273
1324793733737492484
1324670156812025856
1324674106546073602
1324856948035096576
1324530299238273025
1324672617018757120
1324550506413510657
1324635012424224772
1324800323769257984
1324688298237960192
1324601631099494401
1324784761022369798
1324834023118671872
1324776060131704834
1324838565541515266
1324689493052563459
1324691248486207492
1324814590258139137
1324796696073850882
1324667849592328192
1324758484689293315
1324773622641283072
1324553658449776640
1324616067130527744
1324736441394618369
1324513776272551937
1324676714681741319
1324791502581735424
1324799687916953602
1324795408921600000
1324809698474926080
1324839283535024133
1324764308845244417
1324814639889342464
1324584839874547714
1324777272180678656
1324690960551415814
1324808478813261824
1324805460692750337
1324793439565848576
1324705343461535746
1324701741993107457
1324661489962229762
1324811209225490436
1324800219314294784
1324751973657284611
1324744658195521537
1324830514474307586
1324646033058631680
1324595606057308160
1324669739424223233
1324774883105099784
1324797375651741696
1324793534940094468
1324839886281728001
1324703307965878278
1324634885269688321
1324779398218788864
1324557833166311424
1324621466722275328
1324710201052811265
1324656524002775041
1324640448087023621
1324746192434221057
1324809712467091456
1324802026681835524
1324527094139883520
1324590255559778311
1324637619213447171
1324615127124103168
1324778897796485124
1324748837664231427
1324707176724811776
1324808943990935552
1324786405835419649
1324532306971942912
1324812454782750720
1324647248572026883
1324509786273140736
1324689490036854786
1324683385432887298
1324621019840131082
1324837630220115974
1324693643245035520
1324806399986180096
1324790724366376960
1324788423035621380
1324679544989769728
1324571062479343617
1324618384147963906
1324756763711885312
1324777835043717127
1324788778741964814
1324554386132115456
1324760834426523650
1324511643536138242
1324773831920156673
1324705688568930312
1324696372969308166
1324692218087723008
1324648077882544129
1324706741255327749
1324698432381030400
1324683519612899330
1324665259982946304
1324621468550967296
1324501826780221441
1324791510676754432
1324701867100786688
1324630976413290496
1324795623342805002
1324817456205090816
1324707164364115969
1324854342965481473
1324802626660245507
1324813456546160640
1324760412907282433
1324805817275731975
1324684375158644737
1324677142832185345
1324677038238826496
1324720440292626437
1324791042307198976
1324707856239788032
1324690906654662662
1324601352056700928
1324798691157463045
1324785422241771521
1324635947141574662
1324751040789491714
1324545541557129216
1324756658174779393
1324631880231231488
1324775674855477249
1324816377589440512
1324746466414501888
1324771883745763329
1324675213242617858
1324652431226056704
1324683782100815872
1324604217449918466
1324793211068518406
1324625498048286721
1324855141766451200
1324607015637852160
1324819043476451331
1324720719180214275
1324626545898565633
1324808119743062017
1324796803510898696
1324649008833417216
1324743148279681026
1324799397855637507
1324748710291644425
1324703994376298496
1324688450973519873
1324608549624991744
1324703677358264320
1324807006306390016
1324788992060043271
1324683024705949696
1324577696551178240
1324622137815146496
1324789126651092999
1324799165789052929
1324529581056024577
1324815863858536449
1324731186179121152
1324669166893342720
1324591113508892678
1324511067117101057
1324691003614371841
1324708871487823877
1324746202454347776
1324742781751988224
1324774843456253952
1324803951301189634
1324758926198513671
1324705839412879360
1324763972734750720
1324504887418408960
1324854652039553024
1324826536143392769
1324688426646540288
1324817660111192068
1324803404493922304
1324696579572457472
1324693959852130311
1324816925642395649
1324681461434384385
1324832295195275264
1324667840335695872
1324735187041878016
1324770903650127873
1324757632352215041
1324661654295117824
1324657684956749824
1324667464383406080
1324594956439326720
1324514629528084483
1324753229423562753
1324822639211384843
1324738222317051904
1324699027766714368
1324765167369015297
1324863437965570048
1324769831384719360
1324756186583937024
1324679215346843648
1324601177040965634
1324744007596101633
1324670940354142210
1324798379411578882
1324708530201464836
1324695135788085248
1324747402151108609
1324710538895675393
1324766422640328706
1324800317347794951
1324589539713781760
1324607523450724354
1324682854828298240
1324816695488356353
1324736132953812992
1324803358511816706
1324676182311346176
1324671443356045312
1324637396302966784
1324835005248475138
1324823959586656256
1324673430873120768
1324746859135569920
1324609635060453377
1324655949404135424
1324789523553898496
1324620263196139521
1324728386112135168
1324774385367080961
1324684353063034880
1324716044431302661
1324544608823627776
1324539861693509638
1324607257414230016
1324796232573833218
1324663289826201601
1324636758265442304
1324594158124883969
1324854304826662923
1324629364668010502
1324745117702475778
1324771618393071616
1324783352658989058
1324667772966703104
1324637657062924289
1324751469359341572
1324839566185058307
1324507921053614080
1324599013467893760
1324648658617331712
1324736306530914306
1324699671999188993
1324686746181840899
1324665306485325824
1324671024093421568
1324576786999595008
1324791272163418113
1324683346199433220
1324506467068715008
1324771896622223362
1324742052085641217
1324606256737386503
1324849932252098567
1324553789379141632
1324672981092700160
1324745223189266440
1324702702010572800
1324548941329895433
1324773490684289030
1324832791054454785
1324836797873086464
1324731402676568065
1324657383226937345
1324683762219831297
1324681881464569856
1324734652238749697
1324704001737265152
1324706844850462720
1324589894686199808
1324778395964706816
1324598069862764546
1324671589745676288
1324749580567797767
1324650850434863104
1324792444236500999
1324777600829542402
1324730886504566784
1324798415243563009
1324581384103600129
1324733418299678725
1324716275768172544
1324735738693537792
1324530140127416322
1324686752481759233
1324649648255127552
1324803352115453954
1324753878903066630
1324695990167887874
1324663957995573249
1324638199352872966
1324648721074786304
1324712185839439874
1324694262378881026
1324615493014163456
1324623140341862400
1324728794008199168
1324752758105407489
1324522596646428677
1324661022855065602
1324826843019661313
1324757312612012032
1324709422896193536
1324613864466620416
1324740815160107008
1324623316443893761
1324658396361084928
1324790648369750022
1324765537054957569
1324679522873200645
1324653467181469696
1324757461367214084
1324690196370214915
1324768439425290240
1324634554318151680
1324619243455975424
1324672825261740032
1324639542113161217
1324856617402347521
1324622338772635648
1324665034522480641
1324741069767122945
1324654140686041088
1324628734985592832
1324638849872658434
1324747836802666496
1324750880323837953
1324747516680830976
1324619904528588801
1324692371590795266
1324623888702201856
1324722946531872768
1324589135433211904
1324796496773087232
1324708074863628288
1324836562341867538
1324828812182519816
1324671801750917127
1324726621648097280
1324829423691091969
1324711233132650500
1324754837674860544
1324747035988426752
1324680856611495938
1324568632882614272
1324756675308519427
1324579215031836672
1324692520962609152
1324793579051601921
1324681839542501376
1324637776051163136
1324677628142432257
1324746459703615491
1324774049009065985
1324846229717745668
1324711542001119233
1324643706981539841
1324797994147995649
1324683429250826240
1324777724968374277
1324694139812929536
1324778064191098880
1324758262970023936
1324704639917371392
1324697413731389460
1324752859443974145
1324772562191208448
1324726740174995456
1324678849280561152
1324640163469971456
1324671979027312641
1324605773234790401
1324840324133494786
1324692544211607552
1324745609866321921
1324718885774438401
1324802788635955201
1324817086397452291
1324621585739907073
1324709664295104513
1324656323586383872
1324588775004131328
1324737177016848390
1324791594088878084
1324752810328678400
1324613368133652483
1324676756348043264
1324796250009620480
1324630077204762624
1324795920194654210
1324689637814710273
1324754334551281670
1324574211843756034
1324755845327032321
1324849888392347648
1324520968560271361
1324743372637163522
1324815074297585669
1324730685383389184
1324509147812012032
1324756467342344202
1324608733369016320
1324600092905639936
1324788857334865920
1324790394845122560
1324829360461766656
1324775722624405508
1324825847975563264
1324764665650569218
1324803246205079553
1324736994459721728
1324770444784881671
1324808844527177731
1324778609052176390
1324618264476028932
1324740947188633601
1324568603686043648
1324722912314707968
1324712038384455680
1324844068476723200
1324725765712338946
1324853312924037124
1324601079338835968
1324828588810620928
1324666131127373824
1324621384367165442
1324581940490625025
1324526606489161730
1324821520288522245
1324710108459421696
1324641027207155712
1324822003791122437
1324778447009402885
1324777357253742596
1324676287550623744
1324804421809745924
1324714613448036352
1324627246204755969
1324772822724608001
1324733348309336065
1324653996057993216
1324843368690712578
1324589698170392576
1324714920617926665
1324687779532591104
1324774610668236800
1324834109043200000
1324797092863332352
1324542090131525632
1324820968171282434
1324773612897918977
1324770589941342208
1324822286839459845
1324674111541518341
1324623844951396352
1324628028681523200
1324692291236339714
1324845992852758531
1324775133236658178
1324773749548351488
1324660197005185024
1324781493659590663
1324805581874597889
1324794142241730566
1324777890559516673
1324781990621696002
1324626565054013440
1324758278912565251
1324655479046504450
1324705141786816512
1324536683820437506
1324843735075721216
1324727340895784963
1324776734542172164
1324728314662166529
1324755828994396161
1324747973021077514
1324773333859270656
1324764837788950530
1324799667511713794
1324683839902519298
1324721094675304451
1324620717393137665
1324673618559848454
1324729302357782530
1324805113584721920
1324678316939509760
1324602984177803264
1324681000530649089
1324649232779911169
1324606514997334016
1324632121680515072
1324838654045491201
1324778599115796484
1324684369542434823
1324694204740751361
1324683525744959489
1324680428759011330
1324502858293747713
1324534324679614465
1324687800160178177
1324691272825774080
1324856699828772864
1324733791311699969
1324672785269084160
1324827722632355842
1324775720908918784
1324685145862000640
1324590865042595841
1324772216010088453
1324660619858059271
1324841947480100865
1324819047943471114
1324662229464195072
1324703437314007040
1324600548163833858
1324730097262301186
1324782667171274752
1324679925639634947
1324789845013790726
1324735348954533889
1324502290724724736
1324779629337522177
1324523900659769344
1324814878713012225
1324774278848544769
1324724549347430400
1324647060151435264
1324766818456768513
1324727264664342531
1324668120091512832
1324789840404189186
1324784927250984961
1324844584590020609
1324791359811817472
1324676071602741248
1324750088607027201
1324653665064464384
1324638496104030209
1324768932851494913
1324756668392067073
1324752462444679169
1324817080479322112
1324694487445241868
1324703346649911296
1324648559749324801
1324615723768025089
1324794772930912257
1324637630450061314
1324768500574027778
1324708548601876481
1324796397074481154
1324606677472063488
1324654913461329920
1324722665983234049
1324823580618727427
1324840306144149504
1324645198274715652
1324716784134561794
1324593967581794304
1324815155738402822
1324821240503242754
1324750697674539009
1324699538267975685
1324661381447254017
1324762796156948481
1324695497408417795
1324806943005880323
1324773716065161217
1324783324959805441
1324683179354181632
1324776680536363008
1324833665411620869
1324747816049233923
1324744070439165953
1324657406752755714
1324849973121482752
1324684307030593537
1324705066880770050
1324827778185891841
1324574289190887424
1324683899650428928
1324723507788451840
1324755463779553281
1324614349479153665
1324765604855877632
1324582076734124032
1324749846436335625
1324619304399212544
1324760243071553538
1324789625068638210
1324683309184634880
1324812033863372800
1324839049635500035
1324851324798836742
1324627415348498432
1324598039634477056
1324709812345720833
1324667292374966274
1324667123256434688
1324721362162909185
1324613828408168448
1324763997456007168
1324802105534808066
1324791437184110594
1324677738523955202
1324779614703656961
1324513953536507904
1324641749877313539
1324784943042568192
1324760077132304384
1324590052031123457
1324777885920645123
1324674976268623873
1324661009500590080
1324715567480213504
1324803888390787074
1324641502409166853
1324739823576457216
1324607247905939458
1324814180927635462
1324635852753031168
1324835294739398656
1324751234025345024
1324694980728860677
1324625180904222720
1324774414387392513
1324576562872803328
1324784127955079168
1324610899668279296
1324521098638098432
1324665001731391488
1324679594906103810
1324740708855697408
1324625434164842503
1324791340685762560
1324687720879427584
1324577163513892865
1324687810348097536
1324678359121580034
1324636569710583810
1324678689448230914
1324818193093922821
1324826715286392832
1324763241059373058
1324688431000309766
1324793975535030274
1324637388619063297
1324778344303501312
1324606105012625409
1324685883212242946
1324802218814541824
1324674438235869184
1324571316171624448
1324605382388494338
1324792886718812160
1324771006918086658
1324703111827652608
1324769099948457985
1324622408259612673
1324782467216232449
1324661923674312710
1324814736010129409
1324733320622649347
1324621930201292800
1324640860127055874
1324775387994443781
1324853905340194820
1324681801076510721
1324592851737579521
1324790221788061698
1324759534297063429
1324654269606338560
1324711648179986432
1324838528560308226
1324736779719725056
1324703040629313541
1324779219528880129
1324749594459361280
1324697751192522753
1324771569944637440
1324690145950507011
1324826188142043137
1324706523038257154
1324632594336669696
1324840688236797954
1324678591964188672
1324761267026956296
1324512279023489024
1324653610756694019
1324686088288444416
1324692791339921411
1324748664636645377
1324684288353132544
1324631448511488000
1324617450734931968
1324651912856305670
1324838056491405312
1324825983468425216
1324641309123088386
1324845390181617665
1324776592141373441
1324829962956886019
1324771510020644870
1324771466366357504
1324685063024336898
1324861484548157440
1324651218342449152
1324783099473993728
1324643184421539841
1324781073692327936
1324846049001906179
1324794602105249796
1324697126794719237
1324752469507907584
1324826763285958658
1324690383469772802
1324745638492442626
1324698329058598913
1324746171668201472
1324728924656586752
1324722325338656768
1324730612545105920
1324806002978529281
1324751533137895425
1324817598320726019
1324596092512702464
1324638407818125313
1324829007859359744
1324813043407093761
1324730319073878017
1324657588642996226
1324685357393289218
1324839618362167296
1324654019571310593
1324771475543437313
1324684618713452544
1324706737484713984
1324807093988270081
1324711512209051648
1324631580548235264
1324602092821090304
1324669984010915840
1324744680882491393
1324506003216519169
1324709815504031745
1324793926830772230
1324779727681425408
1324715400253313027
1324770234109222914
1324691645548429313
1324772830928687108
1324705408037064705
1324673945682006018
1324806152933281794
1324672499414695938
1324718824671817729
1324806212299481095
1324842431410483204
1324696015853756416
1324656836310667264
1324776862460071937
1324735646813007877
1324703449087434755
1324650224653160450
1324735919275057152
1324534625805475841
1324835964053680128
1324589266400411649
1324781505235869698
1324620497636806656
1324653076221988864
1324705452861652992
1324632192006426624
1324700701986009090
1324762663793139715
1324781056843763718
1324790593017569280
1324747125675220993
1324732738235179008
1324714879446585345
1324797127864864772
1324737017075347461
1324717801169391646
1324806230649561093
1324773101280833537
1324627944262803458
1324715492955856896
1324636803035529216
1324648029069205506
1324682948017184769
1324772803430780929
1324780295040675840
1324744712079790092
1324748628171329539
1324800270677774336
1324850724979822594
1324748126528393216
1324738064955117569
1324759605809917954
1324685193182171138
1324691937887178754
1324605634382336000
1324697433377591296
1324656064491606017
1324698664103780356
1324674456879566848
1324518046082519042
1324653502531047424
1324774367696429058
1324789520747909120
1324788902390018052
1324690526147366912
1324505537350914048
1324793694776602627
1324747048349028352
1324647469389615104
1324697124945223680
1324634498236076033
1324687252883185665
1324592148055031808
1324676790816788480
1324737382386642948
1324686823931654146
1324758955290230785
1324725470710157316
1324847962359554050
1324777327151226884
1324780894213779457
1324705468271439872
1324674630444027906
1324609910580088832
1324845118361341952
1324510520339275778
1324621030665687040
1324825204321853441
1324804925034057731
1324789110213648387
1324795562789580803
1324757318416871426
1324628488289210369
1324795824325480449
1324761325478838278
1324734353780387841
1324653802692239361
1324722497636454414
1324631468178636801
1324628100995579904
1324803392892555266
1324778369590960130
1324716254725316610
1324808200122761216
1324684175551717376
1324650814711975936
1324807088284012547
1324645997998465025
1324505730808979458
1324665748174868480
1324653357546545152
1324728431477694464
1324674132886327296
1324692753851289601
1324813625551392768
1324788782411980808
1324847555444965380
1324845451338797057
1324612229568831490
1324802555482902530
1324669746038644736
1324745170357800960
1324798660379578373
1324632917096673280
1324821181984317454
1324505437576855554
1324745783560777729
1324770980200386569
1324706616743219200
1324742217269972993
1324764431692242947
1324627408373370881
1324601552582201346
1324663075610439680
1324770437528719360
1324791141640867840
1324660269373657091
1324769473304428549
1324612316328087552
1324615427167821827
1324640764337508354
1324636404152963072
1324608702649933824
1324598459689766912
1324771089952759815
1324741115686363136
1324691428405104640
1324681324251226113
1324741807566192640
1324798881725558784
1324678145874821121
1324842911280828416
1324688146819416069
1324656702504030208
1324753594994798593
1324814894697533441
1324761049791385601
1324680989394767879
1324601893813915650
1324673529971904512
1324816510158852099
1324796927871995908
1324672169037746176
1324837400955265027
1324706263318618117
1324735823959494659
1324723554445873155
1324827690055147525
1324674546381762560
1324795982853378060
1324762616074510336
1324773559781232641
1324677140017827840
1324793623104376833
1324672650988396546
1324681677013176321
1324681906206711809
1324667991628353537
1324726988289048578
1324609418345013254
1324841987032469504
1324702684918751233
1324793158933352449
1324774113777459202
1324769197675732992
1324735149829967873
1324828614450434053
1324579181754286080
1324804373936046080
1324803935039873027
1324720563038965760
1324779039236771841
1324698722568183809
1324753141775142920
1324688310812495875
1324811328830230538
1324722953968406528
1324810879284711431
1324817834262843393
1324524232915771394
1324681582473601025
1324693010727260161
1324676238879973376
1324797747132796930
1324784429617848322
1324794169114697729
1324824506863669251
1324716471403089921
1324584445005959168
1324700363954552832
1324635591598813184
1324772906157678592
1324607072068132864
1324673001829376001
1324576675347243009
1324747122500116481
1324683974376116224
1324619575120613376
1324857220048343042
1324606088529018880
1324843714779484162
1324767502153469952
1324720221089943552
1324726111939502080
1324605747053928448
1324816646779904002
1324695320975073281
1324652323256340480
1324671723665575936
1324671734293975041
1324656606475440128
1324647613677903872
1324629760681627649
1324503161432907779
1324620912759607297
1324630176731418624
1324783343792230401
1324661821157101571
1324659939718139909
1324605633858019330
1324763181416370176
1324604459125743618
1324640845291835396
1324683048038916097
1324792216565489665
1324659197632458753
1324745933553344514
1324674487456047104
1324811768674328577
1324707695430086657
1324773613929746432
1324851945987821568
1324802881468379136
1324628520002347009
1324503199387176962
1324758491005898753
1324752345448783872
1324823768750039042
1324803880757174274
1324635578642632705
1324605061905948672
1324777802214887425
1324655269947858944
1324677724854722560
1324798167905411077
1324687788827156481
1324781017287241728
1324636830382366722
1324668965717712897
1324809017559048201
1324686767316893696
1324790948241420288
1324571307418263552
1324818762541998085
1324847295930769412
1324651486849236993
1324760036950843394
1324676740569014272
1324608723776638976
1324693282618777600
1324794072322740231
1324666999939747844
1324521159405244421
1324600708239364096
1324743349241323521
1324742012545961986
1324784452724236294
1324786716067192832
1324645196961783810
1324593972069732353
1324715393446006785
1324850770349535234
1324639036754042880
1324680400199962625
1324783558960009216
1324563445476478976
1324729285157019648
1324765623201783811
1324690515984527360
1324851003284443136
1324788320312954883
1324808608182374402
1324844722544848899
1324759917593579520
1324618559478255617
1324794161510420482
1324809619370364937
1324791476233084928
1324742991597232128
1324728020180082688
1324713609948237830
1324663055444226048
1324635090173992960
1324810975405658113
1324689469098872835
1324514317211963392
1324824013877686274
1324615124850823168
1324763499176906755
1324814944244740097
1324764052275515395
1324798742445379585
1324840558624411654
1324827308918775811
1324799748788916224
1324720434135339008
1324707956643008513
1324781718059044865
1324687579522961408
1324667755124187136
1324767806513184768
1324842782662500355
1324679936339226624
1324706518458130435
1324773144104718336
1324748849651552258
1324727403927740417
1324679352336982016
1324513977364336643
1324674699423555584
1324812865686147072
1324819321470799872
1324724946560520192
1324575706932719619
1324627562845233152
1324687847337676800
1324571122977906689
1324638137369481216
1324525583712325633
1324691952806318081
1324701295580712960
1324669477007593472
1324606658727825409
1324682826239922176
1324671229152923648
1324705145255567360
1324738133741719553
1324712734836039680
1324813838739525634
1324596729862303744
1324690555432030209
1324805162737704962
1324822257072484352
1324859927215689733
1324839476363972611
1324746471892226054
1324710643572891649
1324686336691982337
1324762809578774530
1324750838842200064
1324683450591399936
1324858949946970112
1324803007356219393
1324637888101888008
1324775895043813376
1324856660637134852
1324600519629950977
1324798783780245505
1324819435329376265
1324708868476358656
1324631847008112640
1324815182154137600
1324771045195370499
1324842806553251841
1324793930534277121
1324617560134979584
1324715323287896064
1324676652442505218
1324648208069545984
1324640932986298368
1324589600858394624
1324708238080823296
1324664564236111874
1324677278861766656
1324756644727787520
1324766845082210305
1324687516881092611
1324749813091569664
1324749506500583425
1324723680732131328
1324642498904555521
1324701095650828288
1324812306765795328
1324809292948582408
1324748473497980928
1324704913599942656
1324663117591228416
1324644360676397059
1324701780899516418
1324577457421406212
1324835142410604551
1324640640617992192
1324781573712039936
1324753244388761602
1324852441846874113
1324800994937577476
1324617723251445768
1324805731254677506
1324742072075780100
1324731737864343554
1324689125858025472
1324795877320466432
1324600043060514816
1324807145846722560
1324689557170900993
1324844060213940224
1324841089245847558
1324657160358420480
1324544794945794049
1324820518206345216
1324652418366349313
1324734188910747649
1324789852680970240
1324669329422561281
1324623326682251264
1324770677078056961
1324706738969354240
1324681183612014592
1324765995886473216
1324758648992768000
1324790454412578816
1324789865972748289
1324667187387338753
1324686578602725377
1324642187452293120
1324839159677202434
1324671525778296834
1324824517424877575
1324843612220329991
1324842974447022080
1324802943317626882
1324702902838042626
1324666464754978816
1324798180815495168
1324734030135332865
1324638062320771074
1324816965735768064
1324680541552189440
1324837385243402247
1324614984173785091
1324822805591056391
1324599160688041985
1324698049579520001
1324646640632926209
1324624854662918144
1324571344990732289
1324825395204661251
1324804407486304263
1324772576896425985
1324826155464167450
1324656563110449153
1324762471169728514
1324705485224841219
1324830329660690435
1324614620108279808
1324817789631299588
1324686130122383361
1324684629090205697
1324811011992489985
1324721141064368129
1324612746235809792
1324726008491200513
1324839598246211584
1324745254185193472
1324735893492666368
1324681570184318976
1324688910602149892
1324810785688854534
1324685848718254082
1324725370197807108
1324693690045112320
1324792657277710336
1324685851041943555
1324729861764714497
1324620828428947456
1324785872731017219
1324731239912349696
1324669485756915712
1324793460264738822
1324838658588004352
1324688538630311936
1324690508040425472
1324772640335253504
1324637599185686528
1324811866212892672
1324742115704950784
1324742952674099201
1324845404580683781
1324747321721167875
1324768517032476673
1324679733968330753
1324645596389609472
1324503633657036801
1324672331390869511
1324665237874892800
1324833542698881029
1324649348039352321
1324681449824542721
1324619755249164288
1324694886382247936
1324653422944149504
1324834402518663175
1324763159656386560
1324779693749526530
1324737201926770690
1324645964712448000
1324660321538158592
1324514108599898113
1324663224160178177
1324805264453865472
1324624635493842945
1324537567317032961
1324672196946632704
1324605845968211968
1324772360730402819
1324677343592521730
1324598005530529792
1324658402711212032
1324806687916777475
1324764902192517120
1324777568139153411
1324766207128588289
1324796323539918849
1324540438397788160
1324720870397497344
1324783203253702658
1324662821477638144
1324804382265872384
1324537680429043713
1324613261657018370
1324600026010685440
1324684926109818880
1324620832744812545
1324827999884222467
1324606019155218433
1324761436858523650
1324525664318431235
1324710907814072326
1324673942070661122
1324806617527947266
1324641298213752837
1324704466042556416
1324777665015009281
1324633442076790785
1324651981227655168
1324610330014658560
1324699285649297415
1324695357612318721
1324752557441503234
1324725710854987787
1324546203426705408
1324817908913111041
1324772637030207493
1324786514149154821
1324801931924168706
1324620202483552256
1324842954306015233
1324687698884497408
1324813123384168449
1324653729811959808
1324739524703014912
1324703790210179073
1324749363395121154
1324607025163210752
1324723215483211779
1324830796692267008
1324783571320659972
1324682610828890112
1324778879622488065
1324704593121521666
1324670175380197376
1324680150106230784
1324665192500908033
1324799588591636481
1324574447647543301
1324546560013774854
1324852177865682947
1324676582557048833
1324689077401227270
1324767759146897408
1324787968750604289
1324674841107116032
1324766178137526273
1324791009511936008
1324753605333716992
1324737287138254848
1324762149915414528
1324759372661202946
1324708533309476865
1324807218949218305
1324658032270286848
1324829922158874626
1324686645053063168
1324618370122194944
1324654003087659008
1324837069798203392
1324648677009481728
1324684138801188866
1324671007848861697
1324794707713642496
1324836205117190149
1324647421167755264
1324676572507459584
1324672799181602816
1324811887473819648
1324686656750997506
1324673111741128704
1324513865665830920
1324736330908246017
1324670458978013184
1324671472145752064
1324614987281625090
1324844288249942016
1324675835249496064
1324802970861658118
1324785391644385281
1324681245964554249
1324801779003961353
1324710807465320448
1324754089582956544
1324854456400449538
1324800481076666373
1324624876578217984
1324723874622283777
1324787136416174082
1324795515712790534
1324783034680397825
1324713656567975937
1324619902464991233
1324723464545198080
1324647148663853057
1324749104816263169
1324791003501498369
1324643749046136832
1324669708671569921
1324760717149569027
1324659199700291584
1324679236951642112
1324733733837176838
1324848720320540673
1324779789283196928
1324760220397174785
1324849075578089472
1324812821750829063
1324627704554115072
1324520500920487936
1324635087007289346
1324775835828670464
1324712587146264577
1324527641035218944
1324647927034368002
1324656660703563777
1324621848852668416
1324708389771907073
1324724240407531520
1324703988281913344
1324726298602688512
1324775520471552003
1324612031564156928
1324698525532381191
1324625350782029824
1324546898481598465
1324767167221518336
1324623135736582147
1324778593453543426
1324528113720721409
1324660788343246848
1324622676372164608
1324712725042372608
1324629914490933248
1324602401807060992
1324760079032295426
1324762141681950723
1324827551144005632
1324754913402982400
1324748215942553600
1324703900629389313
1324782359254884352
1324665845121978368
1324840778317942784
1324770516826263555
1324632345643749377
1324560210669744129
1324607525803745280
1324631271310565378
1324821901684973568
1324847867081728004
1324805098376232966
1324677430666297344
1324506062909833216
1324852151043186689
1324800303745609734
1324800639025745922
1324542408324009988
1324768958814294019
1324745598852042752
1324720991705223168
1324838693815857152
1324708576678436866
1324686112548442113
1324688813852139520
1324833350956294150
1324715958255161345
1324669465095786496
1324655086061133830
1324776521811271687
1324772121717989377
1324760168811450373
1324826717282775040
1324677114298306561
1324584565135020032
1324662561892147200
1324739347564945409
1324695147846795265
1324688879937572864
1324854858181079040
1324836590582145025
1324685013426855936
1324683214372376576
1324655044235612161
1324700185587519491
1324573153721462784
1324675854962741248
1324580292875702273
1324741719259230209
1324636251782303744
1324605805543497728
1324775826982928385
1324812925681471488
1324822828655497218
1324797163440885761
1324629369571201024
1324803067250880518
1324772350735298562
1324773610129629185
1324666284009791488
1324685895346364416
1324716883543818241
1324793633330106369
1324737526314209293
1324715193679646720
1324822375276445698
1324824201744756737
1324597683827388417
1324718107936522240
1324612967422431233
1324683299302891521
1324686621090947075
1324629495177949184
1324625064050962432
1324768268389961728
1324829991566254082
1324773397474279433
1324698969298055175
1324665172439556096
1324758298592247808
1324657063889379330
1324599647097311234
1324666321041317888
1324817694605119488
1324750635334475776
1324606257823686656
1324513918149156864
1324653734652248064
1324658143851384833
1324745533337030659
1324728773405773825
1324711097383952384
1324747871426674690
1324795828100304897
1324758325049831426
1324604003766968320
1324608965074997248
1324760067573489666
1324772553466982401
1324839293374898176
1324833714258485248
1324799983686688772
1324734833227108358
1324615411816636416
1324674291045158913
1324784767502602247
1324807413132873728
1324759280713695232
1324747554484035585
1324768541824995331
1324754545365405698
1324770472802832384
1324837726739402753
1324795813571289088
1324766083102986240
1324591779094691840
1324659171212578819
1324848667803688960
1324841565446197248
1324761002425098240
1324747622247211008
1324635470656118791
1324839095730753536
1324687145651576838
1324796783185301508
1324803440711749633
1324679681937952768
1324682041846308865
1324686739617828864
1324681312171679744
1324629712384237571
1324786902642401280
1324620584014196736
1324711473252339712
1324751465248890880
1324678006133137408
1324831301489348608
1324763707361153026
1324694186474561537
1324631394694373376
1324503228197806082
1324810015065165824
1324751111677509633
1324751964220129283
1324716518962331648
1324837620715819009
1324672461586255872
1324725463382663168
1324795412780404741
1324729060862414850
1324654208268861442
1324751586728595456
1324839123836981248
1324791267126136840
1324723583554387969
1324686031967367168
1324676919812608001
1324646664213274625
1324629120807034882
1324653923748237312
1324671829131276289
1324628925662769152
1324623409121296384
1324672679677431809
1324636314340384769
1324504047982907395
1324811551233220608
1324794155491536896
1324592828127735809
1324783583840653317
1324661782154223616
1324656969530155008
1324837766694391810
1324755127136325634
1324667292492378113
1324625018815455232
1324744166971265024
1324673398463729670
1324647314502389760
1324658244556627968
1324690324497797120
1324798416694710273
1324792178808365058
1324701312576049158
1324605993653776384
1324648847553998848
1324662768641953794
1324616630727528448
1324794451563347971
1324824599796830210
1324825444437413888
1324651411725000709
1324806568165126145
1324684682131394560
1324819504606728192
1324790852498214913
1324771009052946436
1324786440153288708
1324764502240485376
1324700900317896706
1324667615990734848
1324807400801607680
1324623012382101504
1324615084908388352
1324796830991994880
1324781867313352704
1324754211226177539
1324749320164433920
1324631972950482944
1324689035902783490
1324793884237565952
1324717629941161984
1324862894840946688
1324665922406277120
1324644326698328065
1324745052510441474
1324764152208896000
1324619479620423680
1324726208261689344
1324698307197865984
1324755072014835715
1324704818917761025
1324661740081188864
1324646958133321728
1324731375774101505
1324835465850179593
1324761729545474055
1324777965100634113
1324711517892345861
1324803708711063571
1324728649279590405
1324700928541364229
1324835608456499202
1324662705635184647
1324838930072719361
1324653266291097600
1324607027147022337
1324847086202953733
1324784272398557186
1324854862732005376
1324729994900312064
1324680630249103360
1324642028148412416
1324666378687795204
1324618488074412033
1324756830032175104
1324854668938383364
1324634457534509056
