1323234332857765888
1323328575693606914
1323183998529638401
1323185507174633473
1323183229449474048
1323058600059817985
1323373250773209098
1323140213141635072
1323205575547695114
1323191198840987649
1323227917179146240
1323286337953406976
1323324013461049344
1323242294770913282
1323290174017703936
1323335698049605633
1323239206567686145
1323313488840826880
1323241854415065089
1323079063263571973
1323362247125721088
1323236487819939840
1323306107809501185
1323378361218072579
1323244746828140544
1323286324770754560
1323282534227214338
1323243523982983168
1323398649796317189
1323232154512465921
1323341877454774272
1323300951386710018
1323383670904889346
1323186420559892480
1323063454576660485
1323363591630761985
1323239197029945345
1323312510167113730
1323269668199665665
1323400151910780930
1323296503067193345
1323377819544621056
1323407088589131782
1323249719062179845
1323282440421560326
1323112348362678274
1323234844986494976
1323239902146908160
1323257051322159104
1323208934782574593
1323279710869196801
1323163620956639246
1323233035173666821
1323061799776886784
1323152042832048135
1323230597540679687
1323351291616256000
1323318196259217408
1323413711340642310
1323311185760931841
1323320579013939203
1323309478641631233
1323150695231594496
1323272180164153349
1323389656319303680
1323353163664154624
1323373695533023233
1323173666440564736
1323273954946125830
1323345783979184128
1323405605168648193
1323234903744499714
1323196334019661826
1323299378958925825
1323170744474488832
1323326900069109762
1323162645344800770
1323285600909361155
1323336943212634114
1323391541889716225
1323245401307303947
1323249742948782082
1323338589766385665
1323309515178213376
1323260745870618635
1323258016100241408
1323244420372828161
1323389480624103428
1323214179680079887
1323271324828094465
1323308262763171841
1323316535923015692
1323151833590861828
1323325707037102080
1323147104953503744
1323334469168828416
1323277205984694273
1323348170663956480
1323202336836231168
1323354246117470209
1323300260740014083
1323328738617184258
1323351319927758850
1323089803706093570
1323318134791671810
1323381988267614208
1323284497215967232
1323243214774673409
1323359862340898817
1323170118797561858
1323286840695246850
1323369239084998657
1323284855044612098
1323210350414696448
1323191962518888449
1323172078690906112
1323244839572557824
1323212358790107149
1323291210484752386
1323387643082743810
1323192375431307264
1323355681404178432
1323260990264352769
1323193819924451328
1323264493678415872
1323152230434758656
1323250470702505984
1323204548723429377
1323382961769750530
1323332410021453825
1323173991767486464
1323396646407966720
1323198273142857734
1323304781499293697
1323236970651361280
1323346619027390466
1323365521753034754
1323062692513538048
1323356862708932608
1323310039227076609
1323207620765908994
1323147147156574216
1323267869166211072
1323379762627252226
1323364762726526977
1323261493132054529
1323368213586038784
1323157133047771137
1323266539366338562
1323248129601359872
1323320929175457794
1323317277601705989
1323185078911045632
1323230376635125760
1323392263708381184
1323098837255360513
1323230689970561025
1323295569977069568
1323304526238093312
1323158742431600643
1323327527004286981
1323055653401858059
1323111727874101248
1323355519587880963
1323210430161059840
1323246073482280960
1323276899116896256
1323266687295246336
1323317814288142336
1323213130504298510
1323102385158455296
1323238381430710277
1323306601227423744
1323171944934658059
1323225334305689600
1323405200548372485
1323411718270320641
1323248358698422272
1323215037352333313
1323289717778108418
1323141820809912322
1323195827020582914
1323369682989129731
1323280309144719361
1323395140518633474
1323240056216276992
1323070894252662785
1323213721838243841
1323355798609809408
1323276119680966656
1323141892847054850
1323257743764017152
1323210496468803584
1323236204456923136
1323230826348322817
1323240805579055104
1323307502784663552
1323335444965265413
1323287013806788608
1323260926909468672
1323403138423021572
1323378894825791490
1323250030183129089
1323367766854950918
1323243286929330178
1323239489297391617
1323347607972884480
1323237948893089792
1323205257510428672
1323234694557827072
1323283579447726081
1323237092105793536
1323253566979670018
1323364041738379265
1323184761628753930
1323312379069927424
1323325756165005313
1323305898614366212
1323208120768880640
1323344682089402375
1323179884336828417
1323057902312185857
1323245567141621761
1323292267491328005
1323233329626435590
1323229667940278272
1323290343094292483
1323272155149279232
1323156413871521797
1323334198900461568
1323221925141819394
1323291715365670915
1323205465241751561
1323401305184940041
1323259500720246785
1323368388471697409
1323139362264145920
1323158082415972352
1323403931100348420
1323348397160570883
1323233254233808899
1323397017104715778
1323388421407076352
1323212460254441480
1323343285964996610
1323198648184938499
1323131665980493830
1323239198468591616
1323231043294535680
1323289346666094592
1323288091726172163
1323402652470906880
1323367656293097472
1323184190481928192
1323231105038864384
1323064853779697665
1323312065872879616
1323245856049549313
1323253022575730690
1323378334319988737
1323278108909338626
1323406305529311239
1323309570446548992
1323356375154610178
1323232523170754567
1323237291922493440
1323187130290622464
1323344136053903360
1323350386783277056
1323255256222998530
1323239071179804672
1323202220553285632
1323310621358784514
1323393400377409540
1323231657835532288
1323374915576365059
1323350627494318081
1323278830040158208
1323359591200182273
1323410283033960448
1323168433354252297
1323272309008932866
1323251248926236673
1323397147702775810
1323324410963628032
1323307431410208768
1323161671255396354
1323313352479825921
1323346568607653889
1323333273418928130
1323220733657600000
1323332340295311361
1323318627710443520
1323198345456848896
1323203200619565057
1323262757538582528
1323255880335458305
1323283727812841478
1323310548524572672
1323216092496568320
1323154043032752131
1323154014138228736
1323355056645808129
1323122885259612162
1323233144846340096
1323382942371110912
1323275650342539264
1323358464282927113
1323257181890924545
1323379032939995136
1323349611633905664
1323125141887483904
1323380211778465793
1323257592785887233
1323236326821531651
1323337781091905536
1323374616753147915
1323226779386105862
1323233847484493829
1323403043019378691
1323373193114099714
1323333907593527296
1323291208559583232
1323291877060284416
1323313300487233537
1323280271165267974
1323245511864995841
1323307190577471488
1323267313781624832
1323250495025197057
1323308257394544646
1323228705125224448
1323254674552582145
1323371860344688641
1323059930144903172
1323278148868427776
1323247396369956865
1323306403617013760
1323210686567272448
1323232124955222016
1323175648945446925
1323183159580762114
1323279173499129856
1323185757524209664
1323173855305891840
1323249947140120576
1323406521250816000
1323394923647946752
1323135176428281856
1323293843018731522
1323078634505207810
1323327150599163912
1323064409976147968
1323062102530150401
1323162951734484992
1323297663991926796
1323195100940349440
1323084025293058049
1323222528374927361
1323390431162519552
1323261474098368514
1323394381664178182
1323173122141495297
1323304301188554757
1323146436939288577
1323237972100173829
1323208731291602944
1323245582220201984
1323186920931926016
1323240077775032321
1323071347094859776
1323307167508824065
1323233014080512005
1323179073695371264
1323245381178822656
1323327388080607235
1323230628394008576
1323251142256713729
1323266541656383494
1323236358060707840
1323315747901374464
1323208731304353792
1323186625178906625
1323338895954714624
1323207436006789120
1323292537898098691
1323138993576386561
1323365770164916230
1323269618857816065
1323375258343276547
1323260881757753344
1323269467883905024
1323236650655322123
1323399056442490880
1323240662704246785
1323192086653534208
1323342723785625600
1323150014189850625
1323349686581891072
1323221945027072000
1323304423678976001
1323241700794503170
1323196157447856137
1323233715129036802
1323308199173410816
1323095352854171650
1323158006389985280
1323175338948632576
1323335994242990080
1323381755806699523
1323221727556632576
1323235292736835585
1323249919654809600
1323344548186259456
1323320848082739200
1323173520730447874
1323344475993837573
1323363750154539008
1323229559693692935
1323054551176531969
1323233515950034945
1323210195783290880
1323263865480744961
1323300877520850951
1323200076299313152
1323306206367272960
1323267670704300032
1323218889065537536
1323237049860849672
1323298752342462466
1323271560652795904
1323355233012060162
1323196743559782400
1323133690810142722
1323281919476436992
1323300110453907457
1323230572186132482
1323288972261531648
1323192623478222854
1323366495859204096
1323230817171230720
1323279653881217024
1323129289643040768
1323325643682172930
1323267882034356224
1323183766496518152
1323150065633009670
1323249054890020873
1323270933281460225
1323364744175255552
1323171638653997056
1323333837531828227
1323346769875533829
1323232008311611392
1323388640182022144
1323247518604472324
1323149556750684161
1323313801991696386
1323081227084066817
1323246845489893378
1323311208880050178
1323312480534364161
1323389681648738311
1323295375759970305
1323271048071184385
1323246965472321542
1323324564546334721
1323233425273376769
1323170718415290369
1323358800213168130
1323201573133180928
1323151758361853953
1323367465754177537
1323259206011596802
1323283351365705729
1323277522663100417
1323387137169915904
1323202448534740993
1323331026094071809
1323377422604140548
1323231164375642112
1323159913053511682
1323346177107103744
1323311544357261315
1323396478283501573
1323206439981228042
1323411594576044040
1323358155951218690
1323289296816787457
1323202293521698816
1323226959674068993
1323154121558355968
1323272300268032000
1323227809460965377
1323286039943892997
1323271590314971137
1323233158729445377
1323213697859395584
1323235970045665286
1323241182873440257
1323284188351635456
1323292173836656643
1323265385894916098
1323279162656935938
1323135030554697729
1323371042367262721
1323204880824209408
1323384409677090822
1323210891706441729
1323319942771560449
1323262904116936706
1323240483150274561
1323333719957131264
1323285561440899072
1323285077103706112
1323303849332035586
1323229432065175555
1323155824043327489
1323251396817358848
1323380492662722562
1323164379966263300
1323234346959020033
1323387551453974529
1323262995984764928
1323068370535677953
1323398581760479234
1323204667694829568
1323310806143012864
1323301658319872006
1323184955271352320
1323236556480667649
1323348925085110272
1323349117356154881
1323293223004098567
1323357363328421891
1323233433225584646
1323232799852212224
1323358308393246725
1323296608159715330
1323312189420294144
1323225466665394176
1323166053694885888
1323230523309854727
1323232651000598531
1323393817693851648
1323198519503671297
1323294147663536131
1323190568437063680
1323175397874376706
1323218336818352129
1323153907841929216
1323374584196980738
1323231492202467348
1323253758395060225
1323230878869393410
1323062847644016645
1323292419937492996
1323143844968472576
1323252896343953410
1323277763562844161
1323230657007505408
1323396722731683843
1323202507070443523
1323303126384992256
1323156210795819008
1323291565390024706
1323184048790003714
1323304891654262784
1323400829571944449
1323089699938856960
1323232430942232576
1323316523302268929
1323370590682710016
1323196674794229762
1323294872867057669
1323178129721118721
1323369155601551362
1323068731283615747
1323230791174946817
1323342490062200832
1323296474894131208
1323316948122423296
1323359671105789954
1323255887046316032
1323229733891559424
1323334246736474112
1323248623950340098
1323230420964618240
1323254766261149698
1323241608540758017
1323207114635022337
1323299326135816200
1323296874942603265
1323158882240352258
1323053235427528715
1323286029558833152
1323363077073571842
1323230529542627330
1323191497211203584
1323296276742623233
1323137532108939264
1323062680438013953
1323387741674102785
1323260529020968960
1323270766603939840
1323221264333504517
1323387657158885377
1323251428723404800
1323222034164469763
1323232408620118016
1323297704739508227
1323321049761619971
1323178248243613696
1323251819678748672
1323194554833641474
1323241334245916674
1323233896830537728
1323195893072482304
1323243638365818884
1323375328513896448
1323274000563318785
1323356861303848962
1323174544643919872
1323368873173913601
1323236300380639234
1323296275215847425
1323285374807003137
1323294851849486343
1323325790260527105
1323291041420742658
1323414485395124225
1323264405472239621
1323309185942118400
1323263127480344576
1323141672222556163
1323173063144345600
1323280003711279104
1323327978651164673
1323287661268918272
1323375217159348225
1323308166466183168
1323305514328035336
1323270150158749696
1323396648572121089
1323359193013854208
1323237341419446273
1323169103012573186
1323414557491159041
1323267375131774976
1323252024734031872
1323333333208735744
1323364604622344204
1323227710328590336
1323246179962990594
1323322894705971204
1323240484433702914
1323236363773378561
1323283940573143041
1323185720224337926
1323246556708065280
1323267898396364802
1323255570900668423
1323166151426428930
1323314738714083329
1323349182594338819
1323259688889274369
1323202815217598464
1323273380569763844
1323306544163885057
1323355351652196352
1323308942479577088
1323192799320330240
1323247534404440064
1323381458644467715
1323236993141190656
1323383463899254784
1323057489726889994
1323309161166364672
1323182245964861442
1323248381599354881
1323329837935792130
1323175979779543045
1323230493719101440
1323213292958076928
1323337779087052800
1323314449860710401
1323296952151384064
1323330006949548033
1323380572346109953
1323322565478277120
1323364159556407303
1323360111553880065
1323305516882382848
1323195335712346115
1323392778009718785
1323266084678651906
1323307374665474049
1323383422744711171
1323141690304200704
1323376590223454214
1323381669680816131
1323258301237338113
1323230357102186496
1323218727433867264
1323200618358624256
1323170005912047616
1323288080212774913
1323356427554066433
1323391419478933504
1323326800060129281
1323249058350288896
1323187123902652416
1323348794642206721
1323254169701130241
1323177690497720320
1323221610862645254
1323401040016953344
1323176251394281474
1323263705317019653
1323239374742528006
1323387565265866753
1323171961871212555
1323193901390462977
1323230497087148038
1323138985384968193
1323251273798483969
1323288877726126086
1323185420583215104
1323262845539287040
1323346185738948609
1323226596120109058
1323217432132096000
1323242664645505025
1323362683844993025
1323169235422633984
1323379414332280836
1323189172195233797
1323349180077740032
1323253387945791488
1323407070134194176
1323186136571912193
1323350300850294784
1323160533068091397
1323189451594616832
1323226188995809280
1323287307949084673
1323178881814245376
1323196160086036480
1323056877199101954
1323266988454588416
1323330559901401089
1323369777235111942
1323203407356846081
1323140953570451459
1323249132144873472
1323412248635781121
1323345422589583366
1323348122349821955
1323121760091385856
1323378584526983174
1323112769600819201
1323323619108335619
1323203680334716928
1323361698724614147
1323240827263586305
1323354895559348224
1323304213254938630
1323330615912128513
1323184991149428736
1323226644434292736
1323195276631412736
1323157466042015745
1323242843046055936
1323368648619282434
1323179799284748288
1323321009739628544
1323349100977410048
1323289295663353856
1323354907618009091
1323355300548796416
1323198736890241024
1323189839706132491
1323285580663427072
1323190650687422464
1323208731841253377
1323310975433510912
1323351060606496770
1323179535685308416
1323402620917161984
1323249748418191362
1323359392612438018
1323308609732825088
1323356971056156672
1323241899289911296
1323388623442612226
1323381607726796801
1323349763790655489
1323233437441024000
1323335785525989377
1323220491688120321
1323250530492309505
1323241151021854720
1323338956331765760
1323221698146172929
1323321371557089280
1323214643926630401
1323290996143230976
1323413618977890306
1323075057548173313
1323296927241437187
1323239295965143041
1323153299995054086
1323348130117656576
1323154679732326400
1323183626901721089
1323343950191755266
1323272548872839171
1323332269575122945
1323144192583966722
1323363648488771584
1323237371236749312
1323405002279428101
1323233712117612545
1323266280640700416
1323371208574992386
1323138442461696001
1323249041724104704
1323262887184519168
1323180060325629952
1323296458641166336
1323301128356962305
1323180307655335937
1323252279701590016
1323294038041206784
1323217985218236416
1323238354306084864
1323270036874792960
1323179397013188608
1323275483526647810
1323235855645986816
1323366177805078533
1323264872084344832
1323312727377543175
1323231982659264513
1323265390852612098
1323342552830005250
1323257909132873728
1323260023242444800
1323235904387977217
1323241410104086529
1323186717298446336
1323165687439831041
1323148544577077248
1323243884529487872
1323165915668729859
1323236342864760832
1323347392947773446
1323341175584182273
1323101448326950912
1323202761907908608
1323249245474967563
1323061516799717376
1323384232379588608
1323354572522475522
1323226603627884548
1323250394408095749
1323250670389088257
1323263990110261248
1323311316149350402
1323308937240891397
1323380929667104768
1323280223052451842
1323059080685101056
1323231601774440451
1323230473687080961
1323247412648038400
1323284915904008194
1323356472126939139
1323314307170504709
1323214267643023361
1323377694122381319
1323154341226782721
1323336388893429762
1323388416004919296
1323320698127982593
1323075134173962242
1323231996055879681
1323208388981985282
1323231706699149313
1323096086433726465
1323188581331046400
1323388442747801600
1323265449317064705
1323360593676541952
1323065604736167938
1323257223552880640
1323162798550097920
1323277714133028866
1323372569165180929
1323330849614503939
1323251008047353856
1323130993637756932
1323222012110819330
1323228752206352386
1323379861499580418
1323227157708087298
1323260835410698240
1323310033879392261
1323388998698569729
1323232634445639681
1323380017540354050
1323326303320363010
1323173329268867073
1323252381874835456
1323161272653926400
1323173204630884353
1323244785121992706
1323170509060792331
1323223507350769664
1323319957694853122
1323232333647040515
1323156028633001984
1323388876879241224
1323317046776598528
1323377478912659459
1323231092330156033
1323250565330194432
1323250125997854721
1323298163822907393
1323366430612561925
1323322463812571136
1323301776804687873
1323231371008069639
1323385022976561153
1323374281292681216
1323259824822456320
1323232358376591365
1323368502326140928
1323167295959670785
1323239188469325824
1323319323138564096
1323067258986500096
1323237086334509062
1323254419132239874
1323108310925586436
1323249772602548225
1323260180465856512
1323231396190658561
1323289372339408896
1323350813230641152
1323403252197658627
1323243876799389696
1323378077599227904
1323212254754541570
1323283249678921728
1323231895296086021
1323234036479832064
1323341600924311554
1323317713280868360
1323307520706990080
1323233147589447681
1323307570468130818
1323289461602590725
1323137477633331200
1323234864661975040
1323360424482537474
1323292562959060999
1323193848571584514
1323159378913087490
1323289917485666305
1323304132401418240
1323397160185090052
1323328893441527809
1323411912290373637
1323086504206499841
1323378112734908416
1323234882210930689
1323281439912300544
1323390945732288516
1323355381465231360
1323311023231782913
1323159129670692864
1323204251074572288
1323373706253664260
1323362182520778753
1323390147459768320
1323298566551621632
1323111428967047168
1323251010199015424
1323343614890676226
1323178265239048192
1323250094922235904
1323082428592902148
1323368076960817153
1323231450649534464
1323292556973789185
1323280002813743109
1323389849395744771
1323054778457403395
1323293975835516929
1323192208628043777
1323200574884597761
1323233157362143233
1323153183066251269
1323174970667732994
1323364045395841025
1323258976432246784
1323299331210924033
1323300169702645762
1323188878082215941
1323243474284666880
1323381954809630723
1323202667620012033
1323279640237146112
1323367101231517699
1323062458345529355
1323348369398550528
1323406004479033344
1323237251728461831
1323205112517419008
1323373218141478913
1323160006007623680
1323201558079832065
1323237619875065856
1323390248009768960
1323309526930567168
1323074270948450307
1323297996243611648
1323190967118241793
1323184385470902273
1323348639239077891
1323242113350488064
1323268479571628032
1323230483652710400
1323113389325996033
1323322809251172353
1323351893289144322
1323186804942667777
1323370671930593280
1323398966885687296
1323398013566550016
1323232382464466944
1323222585300127745
1323243176233213953
1323280433900097536
1323389204534071299
1323298516513554433
1323160812362428416
1323346993629007874
1323173515282026496
1323281932378087424
1323231106595016707
1323197739090563074
1323240543783129089
1323088854572814338
1323378254623985664
1323229191307956224
1323322811855810565
1323384248838033416
1323293818012184576
1323358410218287104
1323241117660418048
1323356329243791361
1323360478215741440
1323226107743797249
1323239633556328454
1323188573886205952
1323262366457409538
1323222378307063808
1323275536014151681
1323255396493074432
1323139936070045696
1323366191143002113
1323375079699419137
1323238861389135880
1323230401167609858
1323181696800460800
1323236925633908740
1323311924931633154
1323341599355641857
1323300145165963264
1323224746402729988
1323357781152407554
1323241086127607808
1323356165640736771
1323316479937445889
1323264714458222592
1323227800657121280
1323199651550552064
1323389829745356803
1323221570920292354
1323158509324652544
1323298040183246848
1323257250119639040
1323208928877043713
1323237902017593349
1323242719188262913
1323163063814684672
1323408373795213312
1323081549097639936
1323313939783012352
1323136574540972032
1323280936042172416
1323210753550258179
1323228654550290434
1323058004657405952
1323224416793305089
1323057415487705088
1323120329577910294
1323353967708000256
1323183410605641738
1323334854872879105
1323287044290994176
1323396031569186816
1323178871986876416
1323302541736747012
1323305031337082880
1323054180915908608
1323409081420439557
1323246518955057153
1323157198445465602
1323336777663451139
1323318857055064071
1323296742662688769
1323175555454406656
1323283113607417856
1323307360488693761
1323318930543419397
1323328859840929796
1323350765851856901
1323129610779955201
1323315374910283777
1323171609985908736
1323308637536854023
1323312747614998528
1323296213647740931
1323230763857387521
1323239157959958528
1323174415421636610
1323269858839113731
1323349275657555968
1323166682802757633
1323262196952915968
1323367117744427008
1323376529670311937
1323085249073602562
1323283836525006848
1323309359678607361
1323236517310062592
1323253522092228613
1323391449698836480
1323396668671332354
1323342387037589507
1323231317006442503
1323238519024865280
1323374638710349825
1323179348027973634
1323182074585600000
1323243031672299522
1323365660840337409
1323311735961460738
1323164306939195395
1323248020843057155
1323273920364138496
1323311700511281152
1323244064448434178
1323337288995262465
1323089778783506433
1323339013806301187
1323251253590327296
1323232267536343040
1323328936764411911
1323172286225002496
1323348660252483584
1323287061890277379
1323276905605439488
1323352990850424834
1323321859308478466
1323321003120955396
1323055179093204993
1323263673247424513
1323171338505326592
1323232891917262849
1323166523138080768
1323292369366753285
1323339192970207235
1323220003714379777
1323081823770075139
1323406886335631361
1323308564769873921
1323291448511467523
1323272274330505221
1323330484974268416
1323323739912708097
1323290090504916992
1323225634219397120
1323341693924552704
1323241286820909057
1323238189545512960
1323324401174122497
1323196024345841664
1323232172216619009
1323202477785784320
1323191441519267841
1323240281869791232
1323325305617063939
1323246944546902017
1323280637483192320
1323328880703348738
1323356559964065793
1323181261444288513
1323248487211933696
1323353459689725952
1323227479675441155
1323236696079667201
1323280915506860032
1323275907830845443
1323060666090070017
1323308345772675074
1323233503551590401
1323380001396412419
1323248526671990790
1323317854893211648
1323305175403167744
1323324744528207873
1323357681785163778
1323349689538928641
1323382488274767873
1323239230466916356
1323392218888052737
1323336918688518144
1323259338564227073
1323243742350987264
1323214507532058629
1323067581251682304
1323371390494482439
1323196107703332864
1323368902005501955
1323230746933428224
1323259453072908288
1323080913987751938
1323246979762278406
1323237163769757696
1323238098512285696
1323188098868523010
1323243340230496257
1323403276948279304
1323316637727105025
1323250952959381505
1323302529514561542
1323154140999155713
1323162428335685632
1323260052820627459
1323169750395113475
1323248501392875520
1323389027869970432
1323210505234821125
1323181704564166656
1323191671857827840
1323134202737557504
1323060848823336960
1323246686454599682
1323219671483637760
1323288436061675520
1323304729380872195
1323158614211743744
1323223995387465728
1323249539877343233
1323168734207447041
1323192406565703697
1323166268808171521
1323239200020402177
1323155673694306305
1323242189929984001
1323149361686237184
1323413506570543114
1323217409403215872
1323160148181999621
1323354591270940675
1323410084353986562
1323263218207379457
1323228822544752640
1323111226105319424
1323221891017035776
1323159895588315136
1323157805474467842
1323209433653149700
1323241716065964032
1323308092227018760
1323258761839104001
1323318685432483845
1323343171020066817
1323287954798874624
1323083744060858369
1323317021682139137
1323403053807095808
1323321968817561600
1323059855763058694
1323201971675955202
1323372501297205249
1323192132291731461
1323254808451710976
1323404268825645057
1323388829185777666
1323276891588091908
1323363951967576064
1323177628455624707
1323370964730740737
1323381562336051201
1323409689007312896
1323310473459228672
1323370048912805888
1323175562811158528
1323295005440692226
1323363017967456258
1323283547604570114
1323082443482714112
1323078726410670082
1323239500143857665
1323385489253085186
1323374999185592322
1323170501410332672
1323203567650557952
1323301930110734336
1323231471897858050
1323316732753268737
1323271596019195904
1323391871545151492
1323113991728730112
1323363130395762690
1323274431838539778
1323185916031193088
1323363066629730307
1323311186209837058
1323237975447244800
1323351048745111554
1323216039925219329
1323263124674387968
1323294660505358337
1323324134907138051
1323411782401220615
1323225011444998150
1323391094919434242
1323397630437822465
1323053618187149313
1323344073370050566
1323319792804241409
1323088776093147146
1323172116913639427
1323398118130520064
1323186122781003777
1323156745498382336
1323278454033448960
1323238150450401287
1323268650086916099
1323265321113915393
1323275510055686146
1323259622380232704
1323267367154163718
1323221772712448000
1323231035388239874
1323378868493950976
1323365172317200386
1323226728903430146
1323367892881166336
1323295383997566978
1323338239948820483
1323367527326601222
1323357015230586880
1323227752833667072
1323240665573171202
1323231989126864908
1323249200163966979
1323298815009607681
1323235090999160832
1323268687625932804
1323342994477633537
1323205212807585792
1323387200680218624
1323101530195595268
1323222097091579904
1323250460430639105
1323270967288832000
1323226005457297408
1323295425856720897
1323138335234314240
1323275572626313216
1323063340999036928
1323241988578332672
1323284127156719616
1323300026894983168
1323294849248972801
1323181822394642433
1323309846918238209
1323366786402799617
1323186962757521413
1323165559249358848
1323268795956449286
1323074847086358530
1323261476774285317
1323300725334618112
1323225937996091393
1323137179577544705
1323355150346571777
1323068582381735936
1323314039099924483
1323393932332589063
1323380495028244480
1323249015832616960
1323221096636637184
1323229354562899968
1323256077522259969
1323353896199294977
1323289518414434306
1323294772400967685
1323328676335935489
1323271602641997830
1323185710040567809
1323389234645008387
1323231229873971202
1323222982609743872
1323357155987214337
1323233843588071426
1323250765939511297
1323161824968249349
1323195815393984513
1323313428488953857
1323297961443545088
1323322888523534336
1323339872048992256
1323157034636873728
1323299018458411010
1323231259955515397
1323299894602379270
1323254068652003332
1323155777784262656
1323235330414301185
1323321973167017985
1323270933147226115
1323137526194995200
1323075994257948672
1323383624100696067
1323292035734974465
1323202365638496257
1323238674272788483
1323297512233590787
1323189422981107713
1323377069212999687
1323302625505382401
1323276288115810304
1323271614964944898
1323303159473836037
1323247628889526272
1323385885765885953
1323198239940726786
1323204466158432256
1323312123859116036
1323195420860887040
1323251205599055872
1323272945620393988
1323222217031737345
1323311172481912832
1323308605567848448
1323107804618645504
1323277878642049029
1323349520823001089
1323280564430999552
1323348046126764034
1323230875157438466
1323259280145944579
1323230967998406656
1323209824197369857
1323055966800273410
1323217245485617152
1323140038444593153
1323409880338866176
1323194016570200065
1323178654856302593
1323144946199744512
1323239305351991296
1323243036286062592
1323390606379503617
1323389866617556997
1323307862819561480
1323066391738654724
1323067033177739264
1323376214770409477
1323365831166873603
1323312328784388096
1323224050731286528
1323239582679400449
1323177391221579777
1323298233133735937
1323162341274456064
1323378154849914886
1323160020817727488
1323253918915330050
1323347254007222275
1323266967235710977
1323242170044866573
1323059000926216199
1323057348932456454
1323177089508532224
1323066527013371905
1323088279059734528
1323372486424223745
1323306998893563908
1323291332476063749
1323241467188531200
1323250871984115714
1323172093920497665
1323114000335441920
1323277787457855489
1323079021752688641
1323220412378042368
1323245218733428737
1323221899216912385
1323057814093389824
1323255319859003395
1323246730138296323
1323248914087223297
1323176294377545728
1323268247794438144
1323277533689876480
1323321617792045058
1323054019628146689
1323232956069093378
1323295969895718915
1323387066667991041
1323231251164205059
1323257978154307585
1323381472640835590
1323362405301264385
1323231093353521153
1323332346356051968
1323171461000011778
1323306682416582656
1323338810781061122
1323239695803949056
1323307779155763210
1323174207367368704
1323158907272003585
1323240473838968837
1323394246142005250
1323071644664029193
1323334450558783489
1323231403446816770
1323233234101149696
1323366224710012935
1323283752412418049
1323132208576667650
1323302754962591744
1323251669396803584
1323375403239694336
1323287111332581377
1323280018257174535
1323127796332453894
1323224311612788737
1323106518288502785
1323160544032018433
1323061272699719692
1323170853803216896
1323369873561604099
1323355674408046596
1323308055291928578
1323314991408230403
1323086297251127297
1323323286529269760
1323061668750991361
1323179502080561152
1323282137693495296
1323364077637455872
1323197144120131584
1323312970143846405
1323241219418411009
1323257925654241282
1323401854286548995
1323335552331075584
1323212036873035778
1323161729812045830
1323215081270894593
1323176773274783745
1323247231470886913
1323333287432081410
1323236666463715329
1323239840759111680
1323153635811987456
1323345603234009089
1323233939692150784
1323331796122144768
1323342245005795329
1323236299088777216
1323239482968154113
1323396152222515200
1323289433261645826
1323263226818211841
1323226000931590150
1323326322400256002
1323182161651007489
1323341377644748802
1323303746944774149
1323370298704539650
1323178320708562944
1323329742750306304
1323259771500331010
1323369906566561793
1323298663859408903
1323170474466095105
1323256410805862405
1323256370779611136
1323374504278712324
1323408569522409477
1323232300461600769
1323263673654300672
1323141448615759877
1323342562447532032
1323301210900889607
1323370314135470080
1323375691140923392
1323173184275841026
1323265012551606273
1323261783726084096
1323056605441699842
1323395834222956544
1323351651722403848
1323387131243483139
1323259198680031232
1323177798010392576
1323173823529799683
1323286597924724739
1323248544866836481
1323357164413554690
1323232361476141056
1323313330728087553
1323261954526511104
1323222029508620288
1323317316164177921
1323381260581015558
1323249349124567041
1323250674868641792
1323312502831271942
1323346949135831044
1323087061772083200
1323196529927180292
1323253700773744641
1323162314338652161
1323330890374762497
1323250037498011651
1323296047595245568
1323071289242853376
1323208417742303233
1323330222746460161
1323349751698542593
1323232233654751232
1323201714279882755
1323230235832258560
1323315529457815553
1323196485501030402
1323304822234374144
1323284086325202945
1323301525326864384
1323210178225987584
1323157993853247489
1323310972371685378
1323233460631281666
1323157485230850050
1323225782387413001
1323278692605415430
1323277057619537923
1323321996676128769
1323387588426768384
1323241351794872320
1323149561695817735
1323258644226547713
1323229566807232512
1323208439347240960
1323313578259161088
1323059384583335936
1323092215502176256
1323402060780523521
1323240922914705410
1323140558840340481
1323161775584530432
1323286975034630144
1323272428177510402
1323346304731369478
1323304683478437888
1323399289847140352
1323240318196736000
1323187505668259840
1323184715973742592
1323326637589626882
1323345850551181312
1323278695482724354
1323323923338039299
1323222288355991553
1323171673114365952
1323253960795410432
1323246631777718274
1323261017477054464
1323170182697750531
1323230428795408384
1323303731623010307
1323064345518084097
1323251415758835712
1323210364226592782
1323199282070114304
1323202243689107457
1323239920220184578
1323394702905888769
1323308025092988933
1323349136742191107
1323081343354474499
1323288770125336576
1323296054972977152
1323220800317591554
1323269266620252162
1323345065499074560
1323173929977106432
1323241250787631106
1323157220243197952
1323208929741049856
1323190359514632194
1323412947356536834
1323230274109538309
1323408473477054467
1323353440228093958
1323362070486786048
1323341670931406854
1323278353164546048
1323180458780352514
1323386333306507264
1323314772872450049
1323315549250736128
1323235964609847297
1323171178006106115
1323159250429005824
1323199985186459648
1323391332279267328
1323086094582353921
1323321714172854272
1323386310745358337
1323230750897000448
1323211339158925312
1323086935913570304
1323334576765345794
1323267518476201984
1323333269920849922
1323345984966004738
1323185802755534848
1323231135871258630
1323333285485957120
1323137954785669120
1323351737244274688
1323374158479298562
1323389109092655105
1323321480692879360
1323221623848271921
1323253441750310912
1323164243936616450
1323397418768076806
1323317748001329155
1323257680602009602
1323149628380979201
1323388381213167616
1323172784101494784
1323396571485163521
1323344552699318272
1323339390488354816
1323319120557985793
1323401077060980737
1323215753131270144
1323390186705821702
1323243930725613569
1323243139356909572
1323172124891250688
1323281557919064066
1323132533224124416
1323242036338827264
1323292195064107009
1323052770010824705
1323232799030202377
1323233112378232832
1323184108563058689
1323199517802508289
1323314425332486158
1323290616000876546
1323171270263975941
1323237239481131010
1323398333453508609
1323361989222146051
1323269538025213958
1323311322382147584
1323234046407823363
1323267695568166912
1323102533737328640
1323354412362989569
1323226453056606209
1323190649571708938
1323403141241516033
1323345717566517249
1323184328910741505
1323116337091194880
1323135545183145984
1323383586574241793
1323276364397436928
1323233931706195968
1323397455321436160
1323268836024590336
1323213189279027202
1323283799619342337
1323278770669801475
1323314436082409473
1323294017510084608
1323295571805954048
1323327596541677572
1323344783289602048
1323295497889681408
1323374116351729665
1323191578521985024
1323410755820150784
1323185774301483009
1323312142326575104
1323293786190077954
1323271259464105984
1323394222792314880
1323231562872311808
1323305004657266690
1323245569209491457
1323353244387651588
1323383339026403334
1323260690778497024
1323348927891021825
1323385008019640326
1323221358176862208
1323259474640076807
1323264856884203521
1323185182355107840
1323256676963811328
1323251216714027009
1323303720348749825
1323278175992950784
1323243091432792065
1323242064528723973
1323309194330705920
1323243454202368004
1323297219206926341
1323158783762354176
1323376335759286272
1323206938449117187
1323303913836187650
1323172603499057153
1323384266177335297
1323180891548622852
1323214363172442114
1323338388318158852
1323186998262325250
1323271117084282881
1323258997940621315
1323354787707002883
1323053310929215488
1323119099392614400
1323072869333716992
1323232774325764097
1323241767672700928
1323275897391222784
1323377189698576387
1323374551024209923
1323218862129713152
1323194686106963969
1323248471588175872
1323403551176040449
1323173730051383296
1323370273471606785
1323267094297956354
1323176415253172224
1323145171391885312
1323247004538068992
1323071765992611841
1323161028138536974
1323396420917972998
1323240252245483523
1323198044293210112
1323226953592221696
1323385620597772288
1323241551829602305
1323246321055207426
1323211504297062400
1323166984419364864
1323245727594827777
1323069049035698176
1323327904827248642
1323227955506667521
1323221374333259795
1323292006056103940
1323275302576021504
1323150144662052864
1323294068751933440
1323344928055922688
1323232370800152576
1323319835858796550
1323191430005854213
1323232460696702976
1323370490501734402
1323353396162760705
1323371319891820546
1323167684507426825
1323307155676663809
1323060058004115457
1323202184364908545
1323366182615977986
1323320379788722176
1323151526400036864
1323378264736489475
1323304361913704448
1323162582547615744
1323118114020691968
1323298902288834563
1323292805532450818
1323257250803294208
1323231687841615873
1323376998136373248
1323160972551462912
1323265409760612353
1323157472283140096
1323399501311168512
1323230968270983169
1323162624666849280
1323290849158012930
1323366151968215041
1323229494723989504
1323192876696768515
1323225796962562049
1323252660624105474
1323313568939474947
1323272666732789760
1323060832205496321
1323201752859136004
1323156111365582849
1323392404582502412
1323316832007344131
1323204117871927297
1323296553486946309
1323294346070925314
1323270227170349068
1323330637596708868
1323182297504514048
1323222890460971008
1323212997502865409
1323253318756503559
1323247343878184960
1323239909423984640
1323297923594100747
1323352216892329985
1323280849106804737
1323173004990402562
1323232220740571136
1323320702674620417
1323230831855472642
1323235555346448384
1323220736874524673
1323151429759127555
1323266333291675654
1323190118241488896
1323344798703640576
1323263106450161666
1323280000250974208
1323375093767147522
1323327580368445441
1323110355359440901
1323296714770571265
1323360085595357184
1323388193639682048
1323281373348679680
1323233339973816321
1323412331859238913
1323238025464324096
1323218234447941634
1323238192225701890
1323157912118874114
1323188166040440833
1323406707217833988
1323340793457815555
1323266422362017792
1323250093961678850
1323286234303791104
1323180272674852866
1323179855157055489
1323057644622532611
1323184531457875968
1323340948135444482
1323263590728667139
1323144655689711617
1323230313976352769
1323224249738342405
1323306464145035266
1323153719064756230
1323106564731998208
1323180402987749376
1323217084579565583
1323281713976496131
1323237622114852865
1323336829207257088
1323230322100752388
1323317789881454592
1323265674597277697
1323240899208486914
1323315845771264002
1323186147871330304
1323388429988777984
1323258218236305410
1323336348938473474
1323186818112724992
1323362758017064960
1323276560091238402
1323324564215074816
1323331161779802117
1323251047498993664
1323382191058026496
1323307952099524610
1323261409594118144
1323292151250358275
1323250866502193152
1323230427428114441
1323204437054312448
1323179026140332033
1323173722077958145
1323232868311748609
1323171946499084288
1323246361966497792
1323204266778071040
1323243427413192706
1323216877141872640
1323175772866158593
1323397720170729473
1323273065359462404
1323361200864923648
1323230666356592640
1323391129514106881
1323209284969205760
1323061770290929665
1323375520319504385
1323322410016395265
1323283945274957830
1323212785531191296
1323309078412754947
1323241196156784640
1323280850558029824
1323239656679460865
1323171244213211136
1323347545037377537
1323244521476546562
1323261752750993409
1323230416912920582
1323223432352419843
1323182128125874178
1323292706320375810
1323233612511219712
1323354702680068096
1323237766268882944
1323358435602276353
1323289702355636225
1323329252251602944
1323376641960235010
1323275142127063046
1323130401100042240
1323311559570051072
1323292362966183936
1323254546584555522
1323198318248341512
1323331073628082178
1323279489841963008
1323201981155037184
1323254189263376392
1323270351036600320
1323224421411311617
1323276135904563200
1323183170469171201
1323343433361248256
1323375124989562881
1323209344943611905
1323348644754579456
1323244205246996480
1323318719926411271
1323345174601306114
1323212506165317633
1323353832995332096
1323246697552715779
1323305221876011013
1323171406599852034
1323160965052071936
1323252109303783425
1323141865294778368
1323184660017516545
1323299914881839104
1323250547181367301
1323224569528913920
1323235509460717568
1323351638472613888
1323328994696220674
1323157523684335616
1323252466583044096
1323146287194275841
1323362152384745473
1323247500107653120
1323059893750870019
1323333455170674688
1323265066037379072
1323209256410251266
1323237955213864960
1323253711385333768
1323307646586441729
1323257591242383360
1323311193986076678
1323274747434668033
1323155221321863183
1323219965802151937
1323218422050770944
1323161970321821698
1323214580814938113
1323232126616129536
1323368664519839750
1323247794023518209
1323065787901448193
1323355924237553664
1323173004982001666
1323149990005514240
1323391492321402883
1323266393912057856
1323057520768917506
1323241451619233794
1323175460466053120
1323257116887494656
1323181706258644992
1323159294880194562
1323066882044420096
1323312122290470914
1323232029618700288
1323090272364957697
1323115883917643776
1323336709032038403
1323283721605259264
1323354601677086722
1323275167116726273
1323164006945857536
1323308487837995009
1323197260738547712
1323376032884379652
1323313285777756162
1323218287363301376
1323233344637882369
1323271459062636546
1323260983687733253
1323237579941175296
1323294198993485826
1323308083200905218
1323328618949414915
1323305391044939783
1323264251633586176
1323217230537043975
1323331757857525762
1323278029976707073
1323210769429835776
1323241706830123008
1323192172749955072
1323346986221948931
1323315462248255489
1323363093775372289
1323296513863409664
1323170075181023232
1323337773399625728
1323394162331451394
1323183366200582155
1323164714214559744
1323407530744291333
1323291541713072130
1323218531169771521
1323138421729202177
1323358353356148744
1323359577166041093
1323392623973982208
1323262359784185857
1323325880266039297
1323247048188141569
1323152842711093260
1323287229930868736
1323226250178121729
1323280130295345152
1323084296324861959
1323264364263165953
1323171522194923521
1323365911944957958
1323238578479050752
1323186215600955392
1323162240028184577
1323400837620707334
1323124750760202244
1323238581092175872
1323328290388692993
1323274788652146689
1323060911729508364
1323220683149791234
1323083457883480064
1323319391262547969
1323052238990954496
1323175358615691264
1323213607082041349
1323214226303823872
1323276362833104898
1323173683393908736
1323382614623924224
1323232729111109632
1323212777612337153
1323217157493317633
1323225754503684097
1323146151974047749
1323340110922993665
1323220579491733504
1323180247542648833
1323352665741578240
1323294944614928384
1323222311747670017
1323231419934691328
1323386050438451200
1323161871772491776
1323413243835068417
1323352962597593095
1323202259623333888
1323310579835195392
1323302272781135872
1323151994035601408
1323302680563953666
1323336914607493123
1323225809675558913
1323217315505315840
1323057959300177920
1323261787194601475
1323392115435589637
1323243068317966336
1323211305537413120
1323177688803270656
1323267771736707073
1323158380798726144
1323062153339936769
1323054703207436298
1323309844628152321
1323288807215685632
1323317269057937409
1323161166370189312
1323163932614369281
1323277391456776194
1323389935584485377
1323152648997130241
1323145424472055808
1323243339999825920
1323379253954695169
1323233864756715520
1323295537395806210
1323374134609498114
1323377094525636611
1323153687968178176
1323361908901191685
1323227345734565889
1323390058288812038
1323194847612882946
1323325064314540034
1323276888614252545
1323368650544451585
1323222392165048320
1323115532841869317
1323307298429849600
1323264174865240064
1323381180230782976
1323217474427539458
1323308722907680770
1323187934003105797
1323113051806175232
1323340530772856832
1323340853448986627
1323239524139442176
1323290665141358598
1323228123274579968
1323350755252838400
1323166516095889413
1323159787358531584
1323198188162060288
1323261169872838657
1323307366834671616
1323170647929954306
1323159770971385857
1323247700926697472
1323358224700100612
1323241061314105345
1323361846649327629
1323373830803316736
1323386708096942080
1323291071808380929
1323385855289995267
1323225608286064640
1323215136547573760
1323320121415421954
1323296264075776006
1323232577994530818
1323248998157848577
1323213788468957184
1323260255694921729
1323330541966528514
1323211555522125824
1323190430234759169
1323325095209803783
1323254492767395840
1323231926581420034
1323289473707315201
1323157644345921537
1323304986432970753
1323224352460959744
1323218258309353478
1323284968089505794
1323309522350473218
1323264908247601152
1323350490885853184
1323189077374570498
1323291100522647554
1323374832042549248
1323317544988672001
1323295012684206081
1323265612798435328
1323351407920111619
1323177211621421057
1323239208102825984
1323131830527287296
1323257667603865600
1323305797875544064
1323179494824443904
1323082076497809409
1323229417519386624
1323274478433062920
1323259439529529344
1323157233497219073
1323055374811992064
1323310983973097481
1323136406978498561
1323385789745635331
1323329436029104130
1323154017225220096
1323354653996818444
1323295145035522048
1323320397530599425
1323292888684470272
1323176026357354496
1323358821071376385
1323194410679631872
1323278326291726337
1323253318035083271
1323182790897246208
1323212873380909056
1323252359267536896
1323063940474175495
1323158108324175872
1323236736793792512
1323230949333782529
1323174694292475904
1323271842686210048
1323239561154224129
1323192456872153089
1323174693441077248
1323235484861169666
1323341394006724611
1323184653570842624
1323274641704714241
1323400795002490882
1323414102312701953
1323204671893286912
1323232557006311427
1323065139021701124
1323347898646614016
1323220098379894784
1323234351459508225
1323233632375492608
1323180590573772801
1323289098170359814
1323065411450085383
1323226128681701385
1323246806491406338
1323383629846892550
1323205193329184769
1323293662156066824
1323354434181672961
1323158555130814465
1323262538788835329
1323236272203321345
1323194410625048576
1323280939540189185
1323233277814181888
1323362593923280907
1323211380489682944
1323365530728890370
1323190712310050816
1323107615400955905
1323324449823858689
1323380124226621441
1323217470749089792
1323292408835166208
1323079303983235073
1323180430338785280
1323143721068756993
1323227131044909056
1323230191720824833
1323307718791319553
1323209622740701184
1323369967908229125
1323323660476784643
1323399819013066756
1323282956304211968
1323282326034485248
1323272386402242560
1323138921686016001
1323345301655195653
1323226196985917445
1323332092516851714
1323154878504538118
1323195705851301889
1323232007091081216
1323208891988119553
1323145920993726464
1323241097993347073
1323406339691991042
1323317479435894784
1323321560892100608
1323317303614803968
1323305707723214852
1323346135436677120
1323312660541284356
1323235599718010881
1323199293176664064
1323260932798205952
1323310651465412609
1323294262537146369
1323280902953250817
1323252849103568897
1323400302771490819
1323058050308124683
1323327787088990209
1323327526970757122
1323370426165272583
1323375365578989570
1323249135236075520
1323233492499648512
1323320564166074369
1323343934299557891
1323291774304083970
1323349825459544065
1323218117166878720
1323167738378989570
1323096091986812933
1323289084924710912
1323189394753294343
1323245365475352579
1323244205242785793
1323337650938499072
1323305950565064710
1323081097522126849
1323193976518750209
1323239337119666178
1323233892527042560
1323068238893371395
1323346473619107840
1323325494377537543
1323253127299141632
1323345970445373441
1323083549856157697
1323256213082165248
1323326868993564674
1323254324437409796
1323219790203412481
1323348154914377729
1323169513005813762
1323326618346131457
1323053235637276679
1323387970964066305
1323251016440139776
1323308535439118337
1323140867952152578
1323173900717576193
1323230391826812929
1323219489232723969
1323235725979099137
1323324687846432772
1323325018080747520
1323253300100288513
1323165908924289030
1323262122386550785
1323311693829677056
1323238768204197894
1323256698426019841
1323326448220983298
1323197425314574337
1323323304363675648
1323379080935473159
1323329529230860289
1323383307346841603
1323181546866618373
1323165710214942720
1323230579077402624
1323265719904145411
1323227011180056586
1323149517663866880
1323232901832581120
1323340969538969603
1323062482773151745
1323088121974706176
1323213785419685893
1323295611278544896
1323322010190139394
1323235741611208704
1323390146360860672
1323210882852085761
1323397856519163906
1323227921402703874
1323278410743992321
1323250033647624193
1323241883020206081
1323308116264525824
1323187421136228357
1323362936950312961
1323185898129948683
1323136568161456128
1323177886698950656
1323187875400339456
1323315394363404289
1323195156372299776
1323390389122904064
1323353864494587904
1323230413821804545
1323290679070654464
1323405114053451778
1323075839517478914
1323316254946533376
1323300701406138370
1323318677668810754
1323291812967178242
1323255502101450752
1323371167974129675
1323313333391499267
1323174945174728705
1323194974134013952
1323237376068620289
1323233790102306816
1323337570323959813
1323163730541223936
1323225325778718720
1323397602717609990
1323171468931485698
1323232828037959683
1323395788916084738
1323308560818778112
1323285173581062145
1323228753108062209
1323297790404026368
1323361065686749191
1323230526778605568
1323275231763570688
1323242986285748224
1323221639857885188
1323393638198595584
1323379598177042438
1323252440498606080
1323234744860053506
1323408183315091458
1323323161727959040
1323240028391264257
1323240428313989121
1323401271349567489
1323317264188395527
1323346686291435521
1323227668167446529
1323092692591648769
1323232136447623168
1323274292285575174
1323319973608148998
1323236121988468738
1323268179536289792
1323353202234957825
1323262540617523201
1323321556492259329
1323302443745239040
1323353140779978759
1323122953601646592
1323226337696514048
1323086933917130752
1323208093946314758
1323332502245855234
1323238532002025479
1323351928387047426
1323277121008140289
1323317780016435201
1323263341205188608
1323406570269585408
1323270001512599552
1323255676689391621
1323357978003689475
1323399854543036418
1323316936298606599
1323326432651710468
1323247399268208641
1323268687588134913
1323226200538578944
1323273448043483137
1323249604721299457
1323382750565597184
1323275772950388742
1323230316018962433
1323153258349776896
1323333985183956993
1323330004864872455
1323229484397580288
1323276203814510593
1323195192552398849
1323347536241954817
1323357983942868998
1323158182018064384
1323257281513926656
1323303034307420160
1323369948647989252
1323263278496337921
1323298383667355648
1323147562229092352
1323238200790470657
1323194548038836225
1323265034500280321
1323370279708598273
1323390547738976261
1323157965407477762
1323193630971072512
1323398565750853637
1323345507238830080
1323364171501785094
1323336285340225536
1323384370690969602
1323201500034846720
1323170510323228673
1323325247064518656
1323287667929452549
1323406994976505857
1323238151926796301
1323269058528219136
1323299912025518082
1323257495381487622
1323324557516775424
1323364578655424512
1323247761903538177
1323220854931640320
1323247577484197889
1323344415637884929
1323347659684392960
1323307263147331585
1323293345788166144
1323195466411102208
1323232516225073156
1323228519451820032
1323218822761975808
1323381689847062529
1323230307307425794
1323149305285382144
1323341988985475072
1323260714245652481
1323267966197211136
1323334700178591745
1323351184300740611
1323163859591548928
1323304670715064322
1323215503071027201
1323158751369723904
1323132726665531392
1323185234725228547
1323238692199288832
1323407049133334533
1323235236898099206
1323350813155229698
1323206338177048577
1323322063566835715
1323061044160462853
1323320675059322881
1323068175102201865
1323166931889901568
1323171782971576320
1323221359607074823
1323273080744087557
1323214892686577664
1323166668231757825
1323215784617955329
1323144757552566272
1323325176856088576
1323387025161179136
1323361983211753472
1323297072905396224
1323284019241472000
1323405434619912192
1323295739351629824
1323231135447527426
1323308603667812352
1323239986469216256
1323319963025920005
1323354998852505600
1323330692131049473
1323347427663978497
1323136412477247491
1323277572025782275
1323361083952910336
1323205825591128068
1323399940505260032
1323169360047972352
1323137150381154306
1323176997955293185
1323195971254276097
1323366225309765636
1323267247801016322
1323375279096635393
1323176914387947520
1323251461141237760
1323359362237243397
1323221894540177423
1323183984298381312
1323087823029837832
1323226260617789441
1323253297227223041
1323191344576319489
1323136051888721920
1323253266298396672
1323155594770042885
1323164428980883456
1323193713007480834
1323135759185072139
1323309289835024386
1323267078036561920
1323264443942342656
1323233462057422848
1323188265336344587
1323195583029518337
1323228936952795136
1323351170425999361
1323377350961188866
1323304693175619588
1323402160529432582
1323341353116442630
1323203002321297411
1323342833856716803
1323166025031032833
1323230775949578240
1323231028887101441
1323378796020588548
1323388519256117253
1323239804151177217
1323159043083587587
1323238936936927232
1323231324962983936
1323193103566675968
1323224364330999810
1323386583500967936
1323367862397030401
1323212585966198784
1323368003078180871
1323378396169035778
1323398419180912643
1323230515747528704
1323384673016434689
1323314143626203136
1323398311336923136
1323323290572726273
1323309363172417536
1323230090893942789
1323250240183480320
1323231442063790081
1323312499039588352
1323139077558964225
1323215586332233729
1323271222273212417
1323175988071665664
1323203983809355776
1323182868588384258
1323315286796341254
1323319386283921416
1323286435953283072
1323203909452767232
1323270524173209603
1323281577007321096
1323336109007511553
1323322906802294785
1323397299482099712
1323254827271573506
1323055658384633856
1323364337852010500
1323272356282929154
1323069912093515780
1323286791277957120
1323234734604984322
1323166723617525761
1323178068769415168
1323309252497342464
1323307426561564672
1323236079982563328
1323294746924797954
1323234172207566849
1323317312917852167
1323293575539531777
1323286270274142208
1323199431672516608
1323291620574433280
1323290601425690624
1323386926376886275
1323201709435400194
1323389677538320387
1323369440860360713
1323292603824197633
1323310495613521921
1323355266130366470
1323340208436322306
1323319481654018051
1323216794962829312
1323232434603892737
1323242055372623874
1323348114766471168
1323398859532500995
1323230444314337282
1323356865963634693
1323338389278642178
1323352286064791553
1323252108804657152
1323199715832455168
1323293691428151296
1323167546783223808
1323234975098064897
1323380565433851908
1323257245828894727
1323366198025850887
1323365603143536642
1323248579989938188
1323244787638640645
1323176952065306627
1323330156455464964
1323351681963298828
1323148000634507264
1323266691506294784
1323052621461151745
1323307380898226176
1323392974500319232
1323262222957711361
1323224032037265409
1323284958442672132
1323378112080596993
1323303392635215872
1323264990770581504
1323237087013937155
1323372184019062784
1323190748230176768
1323169445288751104
1323201898187509760
1323054298033496066
1323053370043731968
1323072845312872453
1323241041563127809
1323252468134891521
1323374593990602754
1323293201181138944
1323173397468188672
1323258837034565633
1323367984769966080
1323151953929641984
1323350833082368008
1323191309226643456
1323382699885797377
1323328864920260614
1323155289223421952
1323272654124732417
1323091012210860032
1323335417660346375
1323326065117483016
1323269571160252422
1323230571821207552
1323162028203278336
1323401096665145347
1323139329561042944
1323232444976431105
1323363503764348932
1323262021954117632
1323233250152689666
1323208050342350848
1323317686449905665
1323344863790878728
1323260721845702656
1323311006618144768
1323327986461016064
1323161692700815360
1323124584191725569
1323247499893755904
1323234532372480005
1323292019809308674
1323280320872013826
1323157737287655425
1323363021578768387
1323358284636704769
1323281008863707136
1323168551352463360
1323316005922344967
1323233857827565569
1323376823733026817
1323147445564526593
1323199859919409152
1323291922719531009
1323239231179919366
1323078339737866240
1323169007583768576
1323346495056302082
1323063703391113216
1323381644053630978
1323298050769588229
1323297878832521216
1323341959709265920
1323083872884719617
1323279680770871296
1323346660420890624
1323247173396504577
1323053984756736001
1323238840207900674
1323327339078582273
1323259088873136128
1323158855891718148
1323296796693712903
1323268859164528646
1323272454085746688
1323177434183802887
1323394589898821633
1323200346760634369
1323154150910271488
1323188303043170306
1323249587864350720
1323205115130634241
1323158328743206913
1323279868985925635
1323172998610882560
1323228170250846209
1323309966921445379
1323261344523657216
1323257769106038791
1323293404634243073
1323284506200231938
1323392123979337728
1323306633460621312
1323259128844791810
1323254231315451906
1323377692557877248
1323399465814949889
1323227546272571392
1323231542806806528
1323088614369251328
1323183319148863489
1323394252106334210
1323227949894717441
1323230810309382149
1323300756607389698
1323248465372205057
1323146450558193671
1323331750064496640
1323382653584814081
1323347775837392897
1323390270659010560
1323285572300034048
1323275856970764294
1323397112609017856
1323222732293742592
1323354395661209612
1323352510573252613
1323257918985220096
1323398479293652993
1323261651269881856
1323160209473286148
1323315870970556418
1323340058062163969
1323170796903272448
1323212839931285509
1323248033937633280
1323238224790196225
1323369183577624576
1323343827458023424
1323410046290743296
1323232922581798912
1323156888515731456
1323256625914925056
1323230267348295680
1323197900449554434
1323350767697338373
1323279464294453248
1323284124430438404
1323281188979675139
1323226840996171776
1323276372907798534
1323211325825232897
1323151236292554753
1323339578669965313
1323308310636974084
1323412209817554944
1323310991535448065
1323080456456253441
1323243105689153536
1323323098901467138
1323305303232991237
1323318873354080258
1323338127331786752
1323288450460753920
1323369069437952000
1323291084127129603
1323250283024187393
1323160053193519104
1323332470306209793
1323316039195758594
1323139368954023936
1323367169829359624
1323230971957751809
1323183558371016707
1323407372677730305
1323277123264663552
1323192301242454016
1323315687226572800
1323226518089289728
1323249487918338048
1323239861193744384
1323243080149987328
1323316641447530498
1323250939898269698
1323360853396234242
1323098682489737216
1323324932248477699
1323228596543098885
1323222354055581696
1323087801273982977
1323349064226906112
1323242693586280448
1323235432650444801
1323174632355176449
1323166568226971649
1323145624531935232
1323398412893638656
1323234264767438848
1323242248256036866
1323166911383900163
1323223222817574920
1323161740134277125
1323246978483032066
1323341124996636673
1323290451483496455
1323311516582596608
1323231071387963392
1323350753650626563
1323324068918136838
1323251950436208640
1323090450862006273
1323344940995354624
1323225866973958146
1323159790336544768
1323272486767808512
1323370329163616261
1323299326010019843
1323108087033663489
1323210283456909314
1323171083328081920
1323386044000206855
1323264783920091136
1323208078578327553
1323298865450287106
1323281140141215744
1323391014363607040
1323175189123862530
1323327810954551298
1323150717528477710
1323057263049846784
1323245900823732224
1323240222193295362
1323296654024466438
1323279722621579266
1323202493359247365
1323371572355190785
1323285934285180930
1323247383019462656
1323375249514237954
1323357965093654531
1323201485837078531
1323167017420115968
1323081170008113152
1323211339712634880
1323370212385804290
1323193332860887043
1323287973606105090
1323238464163381250
1323403571480662016
1323336924006883329
1323265016087384070
1323324543163863042
1323389425397747712
1323299240861409280
1323218444049854465
1323321107798249472
1323212371196784640
1323252197627469824
1323355816032980994
1323350282194083841
1323244922552635397
1323238018115870720
1323232350298394629
1323272773519769600
1323280516741844999
1323313517316001794
1323192750913822722
1323270065245093888
1323315513292955651
1323197536052645888
1323250819974791168
1323316538183700481
1323336737385492484
1323233997066043397
1323250680149233665
1323293137129951232
1323202112025747457
1323320343726051333
1323209257659985925
1323314325382193157
1323317720662814720
1323204478301077504
1323274871347073024
1323168091493249031
1323207616613523456
1323172380060061698
1323207204699316224
1323208428047732736
1323318629446930433
1323231978615877634
1323399212168630274
1323330678457511936
1323412322828783616
1323253789470662656
1323063377896288257
1323306871525179394
1323262448904884226
1323272016959578113
1323287218929209348
1323347351063453698
1323241961264979970
1323332469022691329
1323238587727532032
1323157501815173122
1323210884114751488
1323281279845044224
1323291697481211909
1323358210410119170
1323168462508855299
1323238714215190528
1323302872314974208
1323228729183735810
1323357414771621888
1323259565400641540
1323263246539870208
1323231004287533062
1323253189974609920
1323144259340509184
1323389520008646657
1323182131506393089
1323122389769687042
1323381238183460865
1323264881265696769
1323217713658056710
1323246148874764288
1323233900429266947
1323404237221568512
1323200839192875008
1323184775067295748
1323389797507936257
1323329798941401091
1323155685232750594
1323174949511663624
1323277585271398401
1323314853927407621
1323301847537491973
1323383700126638084
1323291831778594816
1323243138186698757
1323253324569808902
1323068837156315138
1323279275471081474
1323304272797274112
1323126350236934145
1323236374351413248
1323256503298568193
1323392066961944582
1323347570928853004
1323170156097478657
1323306427033800704
1323242016847863809
1323327567022227457
1323247075035881472
1323084484892270599
1323339385237086208
1323338590861099014
1323289407139520512
1323203793962569728
1323196232299433985
1323170153270513667
1323239974930624513
1323223692764205056
1323381706225782785
1323178434454016005
1323273705762492416
1323054286062968832
1323339173420556291
1323304685881741319
1323198037976559622
1323075031056945153
1323213103660736512
1323063198841475072
1323199526493106176
1323365957528625153
1323399462899884032
1323231528176988160
1323246305532121089
1323230735386423296
1323340310748024838
1323218327863463944
1323331512905904128
1323255419020730369
1323294824137658372
1323260270953848833
1323366563047706627
1323089153098240001
1323356718911397890
1323329295385874433
1323248123653824512
1323329998611193858
1323109841683075073
1323340259539755010
1323320228923789314
1323171048880295949
1323310124535001092
1323352042031747072
1323239756671700992
1323245783794241543
1323393829148499974
1323177076992712705
1323272251257573377
1323263355876945920
1323227331297742848
1323328481464385537
1323185632286547969
1323380065690857474
1323214571260227591
1323234132688883712
1323057362081615874
1323317391229620227
1323164343496810496
1323323279055163395
1323307172533587968
1323202194544431115
1323371387084546049
1323251576388100096
1323197093687775247
1323120769254215682
1323318674569207809
1323197063924981761
1323143363365806080
1323394870724222976
1323244307948675072
1323242453802078208
1323249058979450880
1323175098648506369
1323347201565839360
1323170126456410112
1323227103437955072
1323189684944646149
1323358194979250176
1323339189006598148
1323195116442583041
1323169180905099264
1323270238868307968
1323248080926494720
1323377233248067585
1323262625283739648
1323247401457668103
1323234016716378112
1323330788071510016
1323313793380814851
1323069961569472522
1323267815210668033
1323208121523834880
1323404593922035712
1323231796692213760
1323271171081527299
1323243522938556416
1323355372007104515
1323347704509071360
1323321424602406912
1323157995740635136
1323110221766709257
1323228510715056130
1323240996868677632
1323169089515360262
1323278884872355841
1323202363151183872
1323185869885419521
1323262356936445954
1323239246988251136
1323320175530254336
1323312771069550593
1323243500385820675
1323358255830192130
1323208950955859970
1323144352659484672
1323308006633836544
1323345383238651906
1323290374610235392
1323394183353245696
1323213485598191616
1323231228712099841
1323281762940760065
1323167890745470978
1323206040368930817
1323364289680412675
1323213082685038593
1323248735753830402
1323259140953821184
1323173078382317568
1323379696252452868
1323258421685166080
1323237535850647554
1323143992691859457
1323337404254769152
1323066322717200389
1323235142186475521
1323325591521820672
1323284393037864970
1323215597052792832
1323249504829788162
1323233055469916160
1323364506131668995
1323221945169620992
1323322909738323969
1323207121568210944
1323132219561566210
1323097544537374720
1323244311195062273
1323260232273924096
1323179544254308352
1323412945670410240
1323326873997320193
1323230173928562698
1323274965446176768
1323369916481884168
1323284816352215041
1323210015419830280
1323059930178457603
1323343131753041922
1323322296594014208
1323218145029607424
1323196582402105345
1323160569696919552
1323365439368531969
1323217386137440256
1323348500558598144
1323390016144420866
1323332430690983936
1323148571848417280
1323343225038491649
1323151829765640202
1323255082520092672
1323394417827450880
1323230786833780737
1323312007651696640
1323265343465394177
1323328027661606912
1323218461682769926
1323392893374107648
1323313484034121729
1323197716680396802
1323323729821261826
1323246737981607936
1323331532992487424
1323243127528972289
1323231125796458496
1323166061580161024
1323233706996338688
1323172669605449733
1323060783861932038
1323371442721927174
1323232638648418304
1323303860597903360
1323341163710107649
1323340888727293953
1323349669611741185
1323311961975726080
1323230796182966275
1323280123450298370
1323299249736552454
1323266506776408066
1323381907485282305
1323230396293783552
1323340794783322113
1323352813578211328
1323352335834382337
1323195924961742850
1323273388983549953
1323360027730653184
1323164201087574016
1323226556928503810
1323369763805011970
1323330454620168193
1323324626328576000
1323303042138148865
1323181221749338115
1323079259905282050
1323324914695393281
1323372782936301574
1323235333375479808
1323250820712931337
1323215011569979393
1323184124153241602
1323318654021312517
1323230112876236802
1323319087502602241
1323161050229792771
1323136459046531074
1323325756391514112
1323372137252638720
1323288980255920128
1323274382526001159
1323361812146987008
1323351051047739398
1323317307502940160
1323322481353084930
1323234039835316233
1323345816732553218
1323156005996429312
1323308787109924864
1323300198488170496
1323317986434912257
1323383387458076672
1323207688688455681
1323321306595643392
1323236943245811715
1323282725218979840
1323183986370322432
1323267504714715141
1323251771217772544
1323246235671842818
1323401440044425216
1323304771130974209
1323395800802693120
1323326485952942083
1323191537631666176
1323119070217072641
1323191363366719504
1323210499136409601
1323365084849147906
1323351598475730944
1323228806505762819
1323220620159684608
1323174163524308993
1323345227785084928
1323316620102639616
1323301976361390086
1323347709458321408
1323160044712677383
1323244542812950528
1323263649360814082
1323231121920954368
1323358893188259840
1323379504128163846
1323232281138466817
1323279557181480967
1323186540353376257
1323224790606487552
1323301030835167238
1323183311267729409
1323338624532946944
1323230515583983616
1323398490546933763
1323223392598851586
1323334032067829761
1323212047862169602
1323296202650226688
1323303782994845696
1323052864525258753
1323295912035196929
1323235227586744321
1323274976468807680
1323169657617027072
1323339492451909632
1323130585104240640
1323140143696564225
1323347534975279107
1323265804289384448
1323246361203134470
1323306110758080512
1323399677505622016
1323340472488730630
1323173969113931781
1323279467826106369
1323145119600705539
1323313175203295238
1323374031438045190
1323395222714355713
1323210242293932032
1323156018109579273
1323367938179670016
1323192170405371904
1323334145561497602
1323353782399488001
1323220925156909058
1323087480015495169
1323171081633570820
1323203441385218048
1323409525081313281
1323172294622126081
1323258534625234944
1323257821467713537
1323207819131277313
1323163321168621568
1323242929960439809
1323277092784644098
1323152353818718208
1323217007358185473
1323111835525029889
1323285400991993856
1323282537926582272
1323213602174717952
1323156637872492544
1323187872812466182
1323222564295090177
1323284487757848576
1323167735279280128
1323393626114826240
1323238255354105856
1323355548969013250
1323305085020024834
1323242622891208706
1323272822316277761
1323153469616852992
1323383489631342592
1323221204929531912
1323233395766370305
1323168474806575107
1323410130088636416
1323316209853599745
1323241154780028930
1323243805148123137
1323350315974991873
1323155250732290049
1323376339240583172
1323320769003311105
1323160601355575296
1323313141242044416
1323260461392007168
1323333363655168000
1323340512548605957
1323108995914035202
1323231360602066945
1323360581462691842
1323238864673251328
1323216952249192449
1323331262107496448
1323156681682001921
1323161038947274753
1323329210035937289
1323300110613286912
1323240656278638593
1323137626346528768
1323258583803400192
1323169899192135682
1323405406765539328
1323312809099350022
1323079047958556672
1323256002691694592
1323246248539938821
1323317995687596033
1323297640403005440
1323395274828615681
1323321951293681665
1323304937804148737
1323238116526821376
1323378067675451395
1323345977135321092
1323314485176766465
1323233877683523587
1323299675139690499
1323317184534355968
1323166722099216402
1323247097060184064
1323233342922346496
1323336698789531654
1323377098166276098
1323239904415985665
1323355474692132864
1323228994720989186
1323263530708144128
1323215453645320194
1323399885731860480
1323386334531194880
1323197807885504512
1323174205198868480
1323411837405274114
1323230645561233408
1323245324073345024
1323247039761862657
1323321476930543616
1323297460433920008
1323277174686785536
1323094933927022597
1323342673185509377
1323136295447777280
1323141886840872960
1323247963049701376
1323309175779299330
1323239725449306112
1323231472740872198
1323226942418681857
1323325290307850241
1323118107234312194
1323203944588419072
1323236173368745985
1323361461717127170
1323256706189635584
1323309917474856960
1323214807655419904
1323166546039111680
1323284474977800194
1323248467066671105
1323358251971469315
1323285955487371266
1323092335157252096
1323212001108262912
1323305627737874444
1323274316671258627
1323370260674859008
1323096366084694022
1323385918477225984
1323213195348246531
1323267816129241088
1323281083367071755
1323252764399513601
1323074109861974021
1323333756770570242
1323155270772678658
1323323868522680323
1323373525160382465
1323237276437143553
1323314228976037891
1323149041140748288
1323351961266245632
1323247615262285825
1323196592631984133
1323253271386087424
1323231105282179075
1323136524549083138
1323290929122414594
1323195260214890496
1323346669795221505
1323262813368950784
1323328919928557568
1323399261250310150
1323275005162041345
1323315915874775041
1323278825338404864
1323217631344812035
1323376638978084866
1323230616398274562
1323301660249260034
1323308024807784462
1323198850132303884
1323161472827011076
1323365711180374018
1323054939338350593
1323350287348867074
1323239406929649664
1323055136290283525
1323340345158107138
1323319663347060736
1323362003369549825
1323233491287420928
1323193298744414208
1323374587942416387
1323245581901312001
1323236954079637506
1323359145001701376
1323063814842142720
1323265759850700801
1323219569935343616
1323329512646598656
1323166371895791621
1323250067852197889
1323293064207699968
1323348560428048385
1323358234615402496
1323222540928638976
1323160629054562304
1323192213103386624
1323187052557553666
1323382592343810048
1323287068324278275
1323231791935836162
1323366758045069314
1323189510419718149
1323382532126244865
1323404074662940673
1323153594095382528
1323267834143801344
1323302868850479104
1323202129536950272
1323192365247533056
1323328674947543040
1323232082634641409
1323186814488891394
1323208492392525831
1323250104220979203
1323252904321572865
1323304190698029058
1323321314942308352
1323208209268645888
1323355463807885313
1323366725799317513
1323310402491588616
1323334791132045314
1323258954827386880
1323268309458903040
1323230500497039361
1323249576820854784
1323244047402733569
1323126959321264128
1323258063059648512
1323114376145108992
1323239051793747968
1323401159869157377
1323179774127362053
1323344206950223877
1323321906620174337
1323235755225960448
1323222547480170497
1323312492446142464
1323366846519742466
1323349326022791169
1323395078862372865
1323316010989031425
1323271910940168194
1323219328771260417
1323183290950537221
1323229198337626112
1323285563970101248
1323334993792425986
1323266414787153926
1323385477215461382
1323117885447905287
1323234122643419137
1323296273873702919
1323161019930288128
1323374282072903682
1323318555912318976
1323366663014797319
1323244249949810688
1323320858434306051
1323209689509801993
1323247577983320064
1323230342162059264
1323179380500291585
1323378650117480457
1323204057717198848
1323378864480018437
1323210374225797127
1323367471353679873
1323259070309158914
1323226598724816896
1323270360503037952
1323232918626537472
1323331092355682304
1323341008915042307
1323329885851447296
1323382717782831115
1323364819274182657
1323074593989550091
1323321308793446400
1323316664491036677
1323055741905838083
1323273738079686656
1323191465988759552
1323066781313937408
1323295373687967744
1323207831143784449
1323300528567275521
1323230274377949184
1323385830153555969
1323231911259549697
1323297992321998848
1323375942375493645
1323211597511380995
1323408607531143172
1323291767052013568
1323066673189060610
1323369075792293891
1323314214014984192
1323196762320941059
1323346088636698624
1323176599131508736
1323249747013128192
1323370216441741318
1323311158925922304
1323176473365282818
1323266416389349377
1323160275122638853
1323231988237635585
1323172264272105472
1323105956193050625
1323234650513412098
1323338640018341889
1323244607824678914
1323194334989242370
1323177537669898240
1323349729904857088
1323190430708736000
1323335244779560961
1323371720464629765
1323190077904855040
1323349006504910848
1323252276262297601
1323257586037280768
1323063134542794754
1323392436253741057
1323216705187962881
1323401126906089473
1323230784740827137
1323335964526284800
1323348439233679361
1323257917441601538
1323248621836533761
1323171135173890049
1323101886828994560
1323271862860816385
1323413066168623105
1323356909332824065
1323332196497870849
1323403198380544000
1323188175305641984
1323259176290832384
1323238002869604352
1323352175771344897
1323410122949955586
1323339189329559558
1323202118476587009
1323361338018713601
1323171032623161344
1323243981946408961
1323234547237036033
1323309945597689856
1323138882771259394
1323273249397067783
1323232103731965956
1323248540802600962
1323319934915649537
1323184674437550080
1323318956464242688
1323400648101081093
1323314714273865736
1323310458431021058
1323269085275316226
1323260594791895041
1323229025091944449
1323279528790269954
1323342100554043392
1323231910752096262
1323325822187560960
1323412246081523713
1323299168148967425
1323381473727184897
1323364012692770822
1323246214951915520
1323334801009504257
1323064646924980224
1323218631652745216
1323141229471825920
1323393733249945600
1323182152897482754
1323231710474084353
1323087977417973761
1323274374313582594
1323250421985648645
1323293829110419458
1323344083935547395
1323308829984116736
1323299374785531906
1323230853384806400
1323391014757978115
1323236616400474118
1323198428466339840
1323232458251423752
1323143419951271936
1323298414864617472
1323308938327109633
1323223370037682176
1323307119664390144
1323267686344908800
1323115356886568966
1323141808247984135
1323339053463461889
1323253289950056448
1323224713544552449
1323260486109011981
1323210153043394560
1323272694398332929
1323252551203102721
1323379738048634881
1323207240032100352
1323167317140918273
1323322346757828609
1323193349130592256
1323312477673803776
1323061460344492034
1323279218499878912
1323210696411258886
1323255408627167233
1323246891803549696
1323167813801021441
1323213430774472704
1323295813565583360
1323274837679288322
1323364308412235776
1323121653199626241
1323267241882931200
1323201728502767617
1323362249881300994
1323281518274510854
1323389646714380289
1323238605591105536
1323388464528805896
1323325192005963781
1323267205857947650
1323249173240623105
1323230016126242816
1323138439655624704
1323256701194276866
1323220967162892291
1323236802745032709
1323170640548012032
1323145688557985792
1323396623700033538
1323244179439439872
1323278345442832384
1323240908100349952
1323134740233412608
1323298595190263809
1323193579339157504
1323351115837169666
1323370705237512197
1323397724620939264
1323238130116415488
1323233820611694595
1323405555994664963
1323395595718021121
1323272200540037125
1323208164586737666
1323339544037642241
1323231151532744706
1323306748497854464
1323332386654924800
1323179133216710657
1323314278452076544
1323368458252419074
1323379730821881863
1323231824596865024
1323322298192068614
1323349837019025408
1323394695767142403
1323075095427010561
1323372380463521793
1323216762104676354
1323210567595733002
1323060728400695300
1323224632745447424
1323364238673530881
1323237858392629249
1323298742934581248
1323413227078909953
1323254353776549888
1323262706145775616
1323249453093060608
1323352866845839360
1323292788440604679
1323260103773065217
1323118262465552385
1323207482718752774
1323286219263016962
1323205764723474432
1323154701333004289
1323091938568974336
1323388507088441344
1323164153541001216
1323211290928697344
1323089138913058822
1323291946325024768
1323062460232929280
1323352891017617409
1323199808585244672
1323171079515480065
1323318534005469184
1323241329778974722
1323203701956243457
1323175628368203777
1323306228194398210
1323316506420219906
1323307632845881344
1323231667323047947
1323300196281913349
1323236260048179200
1323377525179994117
1323233200219557903
1323262553124933632
1323306061630230530
1323133399595278336
1323368116055924736
1323360024664690700
1323280523591036928
1323389849060184064
1323254907034619904
1323398514416734216
1323234608264130560
1323266522190667776
1323353050422087680
1323218617434017796
1323234965061050370
1323396285932703747
1323372912196333571
1323196120063971328
1323206391515983872
1323217380110143492
1323221643225956354
1323360151580102656
1323198316201549824
1323227593714315269
1323179074068586496
1323293435466571776
1323190393723379714
1323221223959076865
1323248034826866689
1323223711382720514
1323305219376250881
1323106360154820608
1323354760305647617
1323335397188030464
1323164046183419904
1323080171566460928
1323255720960094210
1323238424950804481
1323365416085999623
1323318841498345472
1323188098725892098
1323066038464991232
1323215482149871621
1323231248953806849
1323199467324084225
1323328554424258562
1323231040870195201
1323319378285334535
1323364897237905413
1323358114582810637
1323073281205948417
1323390070200635392
1323231485789437952
1323257445133754368
1323234785838379009
1323231428289638400
1323310430975107072
1323372792033804290
1323060819568005121
1323405643915665408
1323297618588479489
1323195712084037643
1323317693294981120
1323232927287775242
1323290567602745345
1323180964256878594
1323106324931137536
1323221731801255938
1323387171424899072
1323273688016367616
1323052858644799490
1323384277648707595
1323292394016702464
1323054206396309504
1323265648261214209
1323285432042487813
1323277060715008001
1323220332988215296
1323374776388362241
1323224847623794689
1323229365858111488
1323169289466191872
1323403210825060352
1323191457524654080
1323291012140273665
1323217208047263746
1323325756508954627
1323254770124152834
1323302009492008960
1323252141310513152
1323308559761891328
1323159655107973125
1323078806744178689
1323309196704698369
1323243992633483264
1323323758606749701
1323230991104806912
1323379146500808706
1323239559451287553
1323352483083833344
1323403343096676354
1323157531829673986
1323104469735870465
1323300689221746692
1323292331261517825
1323058042020257794
1323224587610525698
1323102679804088324
1323363107922714626
1323150196302401539
1323146522343735296
1323373725987807232
1323383581281050627
1323213105363640325
1323195041905577985
1323226864857567232
1323142738137800705
1323366703309475840
1323294551474425856
1323242967562334208
1323368004374138882
1323263276390748161
1323230738238623744
1323229874614657024
1323296127605682176
1323257841826832387
1323318245026390019
1323237427792805889
1323232696416555010
1323278421393350656
1323365360775712774
1323228827032690692
1323145618508943364
1323350641792733186
1323269994612985857
1323181874999660544
1323380267906715650
1323407122730766344
1323219427987476480
1323222836786262017
1323180804021854208
1323164696258793478
1323218965548728328
1323321301742850053
1323156748535009280
1323293199973142528
1323407669231816705
1323398889353945089
1323077891027095552
1323170246396620800
1323331443553116160
1323224915248508928
1323267147561394177
1323411624972177408
1323176026030133250
1323303382224900098
1323277129598074888
1323307124559151106
1323068542779084800
1323276805894213633
1323263780453834754
1323304950517125120
1323149783192772609
1323208759997534209
1323273533460566019
1323063650786156550
1323156899823521793
1323399862080229376
1323354207941021696
1323317035368153090
1323334834266214402
1323300991744282628
1323246251471753216
1323231253496291338
1323311161941598214
1323274254931107842
1323227603260551169
1323250745748213762
1323161120736202758
1323265786480349184
1323396100250836995
1323305374942924806
1323381534188077062
1323353586068262912
1323156930030899200
1323323904048484353
1323337281248350215
1323231706686640133
1323166433786929152
1323310066305507329
1323146005848743936
1323200646728830976
1323315303556751361
1323344870346510340
1323058105366781959
1323355994223726592
1323349011890343936
1323196273697169409
1323254316837326851
1323088965101113351
1323292592205893632
1323397937066659840
1323354737010446339
1323139604808146946
1323322600773267461
1323273832657027072
1323160723967672322
1323225973156962305
1323237493316161538
1323153586499559424
1323287217415065602
1323150756577308672
1323145816995958784
1323231498783391744
1323369019609649153
1323265126905106432
1323369845346414594
1323308617097949184
1323388211964661761
1323208461551869952
1323301649952186370
1323208926851158021
1323218215762276352
1323280473607544835
1323156402865688576
1323210258962124804
1323230775140114433
1323295450628317195
1323334508373004288
1323359596392681479
1323311961237585926
1323162727481827338
1323319287185027072
1323312942767628289
1323350245904965636
1323239977971523584
1323372316164804613
1323186314418786311
1323233199057756172
1323137120836440081
1323371751812857858
1323136893601648640
1323179823460720640
1323235420457586688
1323297925032796162
1323191083094970368
1323230336936009729
1323295479287943169
1323317972807553024
1323357326632460288
1323300170788966402
1323313955050295297
1323171401059229697
1323247931059818500
1323291042674700289
1323112166141136899
1323159037597331466
1323319712701440000
1323299155448631297
1323276616479526912
1323234167967154177
1323322366768926722
1323325929100365825
1323405695023222790
1323145298487685121
1323347614654517250
1323157552226553858
1323145343966601230
1323190091435696128
1323188208805515265
1323394161228349447
1323119485268729856
1323263233134891010
1323232048178450432
1323386363467714561
1323244264470552576
1323245448799408128
1323396023050477569
1323158074094505984
1323211607745400833
1323279490684981253
1323232386797240330
1323173351154659329
1323230936549466112
1323153147792134148
1323400977307865088
1323187766788870144
1323386443478302731
1323402708070486016
1323230464795152390
1323306124347518976
1323230745108881408
1323292614171439104
1323188529959178240
1323306026809151488
1323304737085816832
1323268627089555456
1323339657686429696
1323235169986334725
1323234294316388352
1323382402669051907
1323309099803660292
1323243211146563586
1323348348116652033
1323238909841707008
1323263772107177991
1323357427610324993
1323167403421933568
1323211076784238592
1323230610144563200
1323269192074825728
1323323795193606144
1323401080873603074
1323323393987485697
1323281721647837187
1323231125842644992
1323067901402894337
1323363615039234048
1323212169798975495
1323317666820595714
1323309619188477953
1323296968169369602
1323230533904642048
1323263641328799747
1323345373264515072
1323278946796974080
1323248941811425281
1323237495551741953
1323297709009391616
1323306955444805633
1323383208885559302
1323148857325297664
1323241704766361600
1323173133499748353
1323354445850333190
1323276241382838273
1323272767496720384
1323318828420444161
1323221830019305474
1323112210076438533
1323162038785499136
1323251635217420290
1323314109073530889
1323325143830155270
1323252575597142022
1323335863292538882
1323155945636171779
1323295429715525634
1323201262914076673
1323354699890905089
1323397417169870848
1323089060399894530
1323343130880544769
1323257681503727617
1323360396808519681
1323320668310675456
1323306513411223557
1323208952323186688
1323301953548492800
1323381661036388353
1323304878328946688
1323274912610615297
1323147771461992451
1323370542557204488
1323173924071448578
1323145545473531904
1323257488502915072
1323231185926017025
1323366443333935104
1323316706794708994
1323348455490801666
1323246904025718786
1323323780274528261
1323279835855233025
1323355144663273472
1323370236515475456
1323274890020085760
1323361976836304904
1323281613598433282
1323267974762029056
1323273914374672384
1323109002004357120
1323061027358056448
1323230950478827522
1323171888613437440
1323266363012632576
1323312521802108928
1323243432308051968
1323362744045850630
1323120420002947072
1323171307110961154
1323181886659842048
1323355820818616322
1323228701669076993
1323208015949008899
1323177476089065472
1323153981359738887
1323240426497810432
1323385018304126977
1323387315193077762
1323253424083902465
1323159794279211008
1323334630339203073
1323242823454543872
1323230365792743426
1323235948595941376
1323275535305396224
1323080523896508416
1323274226598641666
1323231637367332864
1323307838006067200
1323175887420968962
1323368129129549824
1323232572474904576
1323343651498561536
1323171516163461122
1323370597980737536
1323232326826995712
1323240649026658304
1323176617112412160
1323259002541789184
1323234160476041220
1323300937331597312
1323344067477016577
1323334918710136832
1323320489956311043
1323281226455781377
1323252159006343168
1323263851572400128
1323330223530803200
1323292245181845506
1323289047171846144
1323164452171251712
1323350630602330113
1323352661677268993
1323397901297528832
1323173234863464457
1323269327391514626
1323324454567583746
1323300338498215939
1323294775123021825
1323291408418119680
1323224655805747201
1323348842255974400
1323287972322619392
1323230379164258306
1323056014380408839
1323376828040564737
1323388469780119552
1323386496158781440
1323370608168763392
1323299154714611713
1323278615828713472
1323278749849313282
1323268712925900800
1323263631199449088
1323359116484632579
1323295970155704322
1323330017150017536
1323267598637780996
1323331901097201664
1323250677997576192
1323245832532090880
1323230598639570946
1323349911212011520
1323386757191241729
1323214519997485057
1323298527049621504
1323264602034098177
1323236586746761216
1323153071237713931
1323399428808597504
1323392058539823106
1323229498364567553
1323234770051018753
1323235967810109440
1323306996490215424
1323235210109112321
1323290363008831489
1323178103468892162
1323340915486920704
1323230417068109824
1323350352612175872
1323162217936814081
1323381176116137984
1323148206453260288
1323231194172063751
1323214852115046400
1323246780130168834
1323262036017635331
1323298233049882624
1323286407071342595
1323233053091778562
1323197262089080832
1323336839453986817
1323214275515736064
1323177361018376193
1323175974343708672
1323306613604843522
1323407455892754436
1323273426669359104
1323223811345571842
1323166049903255552
1323273159475384325
1323308550794416134
1323251146715242497
1323289506942980097
1323267823704150022
1323230534781251584
1323253552735752192
1323242804684984320
1323300585999867904
1323219563450929152
1323115124006277121
1323299696367050753
1323233617556971520
1323233737535086592
1323377850788040706
1323311138977861635
1323358455856566273
1323384530405859330
1323248427766063109
1323296214201356289
1323240662410682371
1323170315569111041
1323231872688836608
1323242736842088450
1323356144551821314
1323229353392701440
1323266731285090306
1323333758305603585
1323201215824580610
1323403884816224257
1323241701394337792
1323213173265149953
1323074244624961543
1323126078374895616
1323387977276530688
1323313975245897731
1323316759152263172
1323243731626139649
1323334688421892097
1323324594464395266
1323280280988356610
1323255429955289093
1323414435868762114
1323318646391902209
1323261634933149699
1323307590407884806
1323186123699560449
1323300347050414082
1323303709485469696
1323240850244161540
1323207949637062657
1323180383761039361
1323292936596000768
1323277814750236675
1323231022985682944
1323184722315513856
1323296676539437059
1323152325544939522
1323157113007427584
1323240926928666631
1323293295167102978
1323055084570316800
1323193013246611462
1323246004871770112
1323360705467322371
1323391262293217283
1323294409123864577
1323393543759683584
1323241980692959232
1323410620667072513
1323194293528526848
1323186363353632769
1323403203145306112
1323158221922684928
1323194519689580545
1323299499381530629
1323268906132406281
1323365889752924162
1323185049077010438
1323370815329652736
1323342427764260865
1323319838769643520
1323153042443771905
1323339347169550339
1323244277976211458
1323169663698804736
1323265434095964160
1323379666783293442
1323231767743111169
1323323035907215365
1323059953842720773
1323368269127077904
1323250629972819968
1323380513789386754
1323150859870588928
1323381006901170177
1323335808322097152
1323232607069331456
1323230922477654018
1323364783756922880
1323284236800053255
1323298111167602695
1323161366744698881
1323351774531649537
1323208309424480257
1323246860870569984
1323241692770799619
1323153315925053440
1323362553884532737
1323234362536660992
1323308508566216705
1323216713622704131
1323326970374070273
1323275066344431616
1323324188996837376
1323337784376074240
1323231963550015488
1323356587008921601
1323167577657454592
1323148748910927873
1323396428769697794
1323393004997124098
1323183019797204992
1323394292786843651
1323197431245398016
1323196311034843137
1323244071402512384
1323230669271715841
1323273325829914625
1323306216232226816
1323191148253532161
1323374633714855936
1323193500041650177
1323165897159331840
1323177798262022145
1323379579352997890
1323154842983038977
1323391959625539586
1323061803417542656
1323197827124809740
1323175555534082050
1323254358943899648
1323254733138702337
1323390980465328128
1323386420329959426
1323284367020576781
1323198196366086145
1323372625037561856
1323108663347871744
1323250177377972227
1323316633054646274
1323233600125472769
1323370333169164289
1323252982427865089
1323292298004910081
1323363509846089728
1323253849247916033
1323322189387620353
1323160676379099136
1323400552517128200
1323379099646263297
1323309246885363718
1323390610305388547
1323265370820673540
1323283491254083584
1323235433942294530
1323155539078094848
1323258350835027970
1323198566580559875
1323193586385604608
1323059974604509186
1323187157322838016
1323225690452447237
1323209058439041026
1323355952863694850
1323132483131637761
1323266651123572736
1323342943881744385
1323119229223137282
1323323793763389441
1323152972516335617
1323298070294048770
1323204829133549569
1323245843915411458
1323344609850908672
1323348955908943872
1323353260942569473
1323321706996518913
1323226282944008193
1323242765401116673
1323295755973599232
1323090326018498560
1323285362194763777
1323154776016695296
1323261322453241857
1323229266163761162
1323302451991240717
1323183231986999307
1323203612819001345
1323158361488187393
1323376601195794432
1323234917040459778
1323212863226478592
1323321683651022849
1323343340830674946
1323230405080813574
1323245017301946370
1323253306131685376
1323173403197640705
1323317926729048068
1323328167579406337
1323247367353733121
1323130281604358146
1323211280002539521
1323231022381752320
1323240304149934081
1323139517050703872
1323234797272080384
1323294918438170629
1323357452599963649
1323303022739542020
1323266850164146176
1323243214418096128
1323227048630980612
1323248160450486272
1323235450404950018
1323216091976523777
1323235682505150464
1323202999733358592
1323221876869636096
1323057978002542592
1323272596453023747
1323186028925145088
1323319154766712834
1323173142769078275
1323377100385095682
1323237883667456001
1323359456600743940
1323232919176073225
1323251602325753856
1323270751290609673
1323262691490877440
1323369699850203137
1323314106108157953
1323237588438818817
1323241148673130501
1323332078696628227
1323376905010270208
1323310919171137537
1323368986520768514
1323347093268955138
1323233359368257537
1323338129319907329
1323380077074276354
1323288919912390656
1323239039475064838
1323178214076878848
1323371235657601024
1323183101959458817
1323335866148917253
1323241659879084032
1323389915401539584
1323241093186658306
1323232979561402368
1323093490528620550
1323253323663839234
1323206652292718592
1323363065551855616
1323351930018713606
1323301259458220033
1323365615315406850
1323269224991760385
1323292757180489728
1323387651953741830
1323137478820302848
1323320396855300104
1323358599503073280
1323168228223393794
1323294836959649794
1323162329417134084
1323321823140978694
1323227965254180864
1323241189026471937
1323313193830260751
1323241665117753345
1323394486261764100
1323349101992443908
1323305890469027840
1323162513605906433
1323232770756411392
1323234981129428998
1323369598431956992
1323295750189711366
1323107782648844289
1323399648153948160
1323169770901065729
1323265404643479552
1323103998036103168
1323347616172810240
1323186653146525696
1323180797558460416
1323313155125219329
1323345586846900230
1323292828349419522
1323332891523338242
1323202175644901377
1323157454746722311
1323250379753168897
1323310785817415688
1323230538484862976
1323276712520622080
1323273099404550146
1323214085861900294
1323239508117258240
1323347946897920002
1323230871697170435
1323338634737651712
1323358717144956928
1323212196348833792
1323339837764718592
1323124548665896960
1323207482068602881
1323241633295597568
1323281839382007808
1323225479634210817
1323171428552855552
1323321762524864521
1323243180440068100
1323169962404564992
1323186010080055296
1323327937219887109
1323271956221878273
1323248487568429056
1323174219975413762
1323229863759806470
1323291723972435975
1323238978129154048
1323253030800818178
1323198432891330561
1323189992336883714
1323344334431944705
1323370178013499392
1323301182366994435
1323188333829361678
1323228507548340224
1323409806414270467
1323368543455481858
1323413579538796547
1323230371337641986
1323274919149490176
1323410413774655489
1323274064891240448
1323250217538473986
1323171859253366785
1323340333363695618
1323230049953263617
1323200516625674240
1323234647426408450
1323184975840202761
1323355799624781824
1323195054811394048
1323256310729744387
1323394866894802946
1323230346792574976
1323327966978449414
1323211817406074880
1323206824116604928
1323348395138928641
1323391461375807488
1323183759257198608
1323068877610340354
1323064411796480002
1323333882645721088
1323265441272369153
1323281473877803009
1323176909090492417
1323130830785519616
1323195831097458688
1323235592520478720
1323266843679870983
1323159472144003074
1323249837421273093
1323123237035872258
1323384951744745473
1323311272520261632
1323206391801282561
1323319251772542977
1323378715577982987
1323343745107087360
1323163608361127938
1323279702237368321
1323253090565431296
1323314323159162880
1323179803231555585
1323305500897849350
1323116011579650054
1323244940311334912
1323188174697435143
1323236370048057347
1323221104345804801
1323225971110105088
1323346697909641217
1323306106836389894
1323135008828203011
1323356532743032835
1323236548926709765
1323267675913670662
1323348653768134657
1323162981253992448
1323247074582945792
1323182704377081857
1323374364037971970
1323057506193727488
1323196651859857408
1323082109158858753
1323207956310171649
1323270616179482624
1323156892764569601
1323230440904400898
1323183691724660742
1323266559251484674
1323165698059808768
1323052243080351754
1323286262627913731
1323381557739069440
1323297144980283392
1323203254604517377
1323133954451558401
1323381920273747968
1323222673049161728
1323319266163204098
1323263158857990147
1323171568105697280
1323336836706697217
1323232365456535552
1323137002624221184
1323121833428848645
1323250640445984768
1323181307938197504
1323374596226244608
1323358207729950725
1323295894968684544
1323238527035990016
1323305664593231875
1323184860446527488
1323138673148334081
1323338089440444417
1323132488559058944
1323147292422135809
1323367797993492482
1323177953082200069
1323343564022173698
1323191138380062720
1323243672020885506
1323324288749965314
1323241413778284544
1323240641455939586
1323176182809088000
1323317485358243842
1323236302695837697
1323316451051229184
1323338657412063233
1323217946374799374
1323326075708067846
1323227819846127617
1323392374987509760
1323203210832740353
1323294953108373504
1323204715887398912
1323218717287866368
