1325056516265799683
1325093059256864768
1325156114200195072
1325115077763194882
1324995825710342144
1325105366053621760
1325080715155959808
1325122045823180801
1325002165316972545
1325064655446941696
1324977053620465664
1325038544000258049
1325025558376423424
1325068076556185602
1325037682783903748
1325180516409237504
1325158196110004230
1325163871842263040
1325033603563220992
1325101739280904193
1325183983903272962
1324998057583407104
1325046932872507392
1325024633066823680
1325064541357666306
1325119205008683008
1324970287222415366
1325137668276039680
1324985359063789568
1325088578335088641
1325060433162588160
1325034757122629633
1324997626014658560
1324999777067610112
1325026297454735360
1325156032025276423
1325034311620448256
1325025697476259842
1325060789816987649
1325117111182745600
1324892295292915712
1324990672156454912
1325095796342206464
1325174712146800640
1325163955946459136
1325079376833245186
1325096649077755909
1325054790330687489
1324994552198029312
1325080413698732037
1325127359922544642
1325208551049007104
1325092366114566146
1325152592876462081
1325021078289346561
1325058875712823296
1325056677222223873
1325092264088100867
1325190747402940416
1325026023210151937
1325095709822099464
1325148364007071746
1325181835060543488
1325126302903513088
1325102450353852416
1325066510600167425
1325157273564483584
1325102989871296513
1325183120363106306
1325021603705589760
1325161949785698304
1324886087580446720
1324986259853500417
1325027373511749637
1325023411442167808
1325123358917160966
1324971323630743555
1325071575750746112
1325117335212978177
1324960385796071424
1324988031028383744
1324919093242290176
1325115495037669377
1325047577725853696
1325218168638468096
1325207329109905409
1325022984512413696
1325050326156718081
1325016174107701249
1325123972560609280
1325018496724590592
1325026880790130695
1325034496383733761
1325130940872450051
1325002059540738048
1324963020993409024
1324989026198310913
1325198232763424773
1324905820514029569
1325030682188525569
1325132878024335365
1325063054976045056
1324974082010525701
1324921017601548291
1325043378124447745
1324963385344102400
1325091170352050176
1325058377077182464
1325025079286239232
1324987709182660608
1325126613621596162
1324986359203958784
1325069989162971140
1325018510020505603
1324985197369176065
1325046673761038336
1325050184192188419
1325039034796806144
1324979938529775616
1325199519743696896
1324987231606550534
1325015438087118849
1325093891067011072
1325094914456244226
1324969324319268869
1325013240804487168
1325174051489214464
1325171274268676096
1325142228268879872
1325105045222944768
1324975785409720320
1325045787378716672
1324958007285977088
1325120752211910656
1325042140112629760
1325193800524947456
1324983038326038528
1325027013074284545
1325039393514676224
1325121768487464965
1325121938797309955
1325041932373020672
1325122612184428544
1325035861919019008
1325037114220818432
1325032821430349824
1325189586323087364
1324995059415207936
1325108097011081216
1325097632499425281
1324980181384228864
1325015750957002752
1325182166544904193
1325098838881873921
1325127326426820608
1324875897359507456
1325225743278874624
1325076093062287369
1325121323874590720
1325122486791364608
1324981109264879618
1325010238894968832
1325148701468274688
1325191902178672642
1325140306203975680
1325172813267759104
1325134971778953217
1324995696773259265
1325036552125358083
1325047844538114048
1325134544387903489
1325182704694951936
1325079094548189184
1325099060517367808
1324968347616882688
1325223968232628231
1324962832388067328
1324868367031951360
1325194683262394369
1325079269492535298
1324993537541349376
1324866761141985281
1324963949679349761
1324988002775552000
1325124146645229570
1325008557549424640
1325056804179546112
1325039567196610561
1324967447833825280
1325028192403513344
1325127699497709569
1325042999739420673
1325167794938245121
1325158690752753664
1325034887297036288
1324957754554011648
1324982289303023616
1325072071085461505
1325056098114674696
1324878376742612992
1325105144099430400
1325005268866969600
1324970465157406720
1324999772143562752
1324868005545857027
1325090153744961538
1325153925570449408
1325147242068496390
1325135485841387520
1325011179119517698
1325124427395305472
1325073856822992897
1325016557366472706
1325052380837257217
1324986858288320512
1325145367004868608
1325224517728411650
1324982956574773248
1325061897608175616
1325026140617109505
1325112707742380032
1324928793774002176
1325088954757091329
1324975230046105600
1325027227482918915
1325131794346254337
1325053536783261698
1325037559915950080
1325143801447370752
1325217328150306817
1325119578179948544
1325140761931755521
1325113339001901056
1324988990567698432
1324964410721505280
1324892554664488961
1325141314288185344
1325094999449620485
1324999012739641349
1325059457668222976
1325093077921492995
1325065565891801089
1324974047294332928
1324977520349949958
1325100827611107328
1325003144192008192
1325033342018998273
1324942796260855808
1324928017580298241
1325069975267254275
1325043180052516866
1325007956971302912
1325053363243937793
1325073731815944192
1325116349614616577
1325006404114067457
1324991161879191552
1325120170726023169
1325055993454137345
1325006162014711808
1325217337193197569
1325197757263572993
1324963714026573824
1325036262340894721
1324865319119286272
1325109160392839168
1324891668236136449
1325089145144958977
1325178595484987393
1325078009859239943
1325117201700040707
1325111306563760130
1325032143836356609
1325025296920309766
1325050290387685378
1325004223608725510
1324999888124452864
1325134442533445634
1324984450275553280
1324984349385699328
1324976743418097665
1325176958670528514
1324998176059891712
1325194966218371072
1324989188689833985
1325010187502178304
1325133714074996738
1324883718360674307
1325150006442070016
1325041740064182273
1325084317152911362
1325072719508070400
1325003215545520129
1325184499035103233
1325133296179814402
1325211146945785857
1324983637222240263
1325005200852135937
1325052998075166720
1324927887347240962
1325163678291746823
1325075763373215744
1325204694327726081
1325016698332852224
1324973793077567489
1324922723408236544
1325201091001155584
1325009254504423425
1325075532048965632
1325120581461663751
1325225298745561089
1324935801080311808
1324976095251271680
1325161154642124800
1325075113339969538
1325009889580765186
1325175454244941824
1325096477086142464
1325144314993758213
1324977397540794370
1325073465725116417
1325038463033487360
1325005392938721280
1324955218770006016
1325094095363174400
1325086292712042496
1325131338823983105
1325181046372114433
1325122476108619776
1325198060197040128
1324955426191003648
1325082678388006917
1325139715121586176
1324969163685851136
1325030817391923200
1325112166668783618
1324984674293329921
1325166141489098754
1325159827283214336
1325020004744638464
1324985652895682563
1325138300789645313
1324901571121958917
1325139043403829248
1325012514141327360
1325179479862374400
1325091134255886337
1325106353287868416
1325042463610970114
1325103579590516742
1325070303492513798
1325024214278090752
1324998095579607040
1324988236784136194
1325201979023388672
1325116638824370178
1325122435360960512
1325199610374189062
1325030469952548865
1325166569283006464
1325010542453469184
1325156978214068229
1325191253458345985
1325040732923715586
1325179117269000192
1324992383080075264
1325076889124433921
1325178565701218304
1325057497552531456
1325186638805233664
1325154668998250498
1325056341438763009
1324885514370113537
1325169736649330688
1325082024139501570
1325014818995265539
1325049684042330112
1325175042850873344
1324983431995006976
1325085210241880065
1324983678024507393
1325124640537276416
1325056972920659968
1324933480791289856
1325046277906771974
1325007849894916097
1325206811612508160
1325121436814630913
1324991860880924672
1325171626925830146
1325126704604516352
1325074871106334722
1325132299424296963
1325108813427568645
1325002523711688704
1325157981067993089
1325018704967569408
1325006087796371456
1324924896653307905
1324964574207111168
1324866122030657536
1325062670043799553
1325023991451451400
1324963969719734274
1325108759513985025
1325101375274037248
1325163257917710338
1325057187601936384
1324995800292847619
1325087520128905221
1325165858520403969
1325130169078575104
1325115399554392072
1325067523507822597
1325075535429570560
1325035470368215040
1325124998248484864
1325122386153312257
1324974323665395712
1325067460215771137
1325120858965291008
1325127067550167040
1325059518775111682
1324883022181785600
1325117689401053187
1324990245377609733
1324882311507300352
1325174003934388224
1324963047270658048
1325055233408577536
1324955957449945088
1324953499235389441
1325112119700942852
1324963697937313792
1324981083138617344
1325093600888238080
1325130570553196544
1325130594561482752
1324913531335143425
1325092722705903621
1324973652912312320
1324901867810299905
1325128354798788609
1325006653171912704
1325064464941637634
1324996874114392064
1324869269985910784
1324984006514003968
1324945769691045888
1325026129120522241
1324998388736270341
1325048656014303233
1325049328122155013
1325141240690536448
1325037934727340032
1325205956368719872
1325139046213935113
1324953373746073600
1325121144697970689
1325016042784092160
1325145246062288896
1325208254910144512
1324991739468320768
1325002489230471168
1325212228971229184
1325076054231437313
1325038304639725568
1324978862103662593
1325110797668933632
1325046505158414339
1325168970836697090
1324975495595888641
1325001573987180544
1324981388358135809
1325041558459052034
1325046783026876416
1325190186062409728
1325184879739498497
1325140601545793536
1325083081024425986
1325056293833465857
1325058203273596928
1325043502934274048
1325037098349563904
1325019436139614210
1325100694454603781
1324943867188219905
1325156548159565824
1325084252665470977
1325050162876702726
1325222982554439682
1324984230884077568
1325220772139298816
1325145221852762112
1325193020250189824
1324960606462554112
1325096614374100992
1325013970487566338
1325191692337598470
1325042768733990913
1325164814067511297
1325050930446921728
1325197788586549250
1325116378865684483
1325091817923211266
1325139465443176451
1325047981679194113
1325034558597652480
1325137454194716673
1324990896476213248
1325162147127685120
1325068062559789057
1325203919727960065
1325063732750376960
1325040844332785664
1325077025468665856
1325193017729421313
1325012727170015232
1325118690094931969
1325073896765317122
1325001553292496896
1325171571925921792
1325092574101712896
1325092710219395073
1325077057945161733
1325194714547621888
1325174119063805952
1325007475469381632
1325124921953980422
1325178519006089216
1325066868080734208
1325011865446051842
1325192223655419904
1324968648793067521
1325019765975506945
1324970242834132993
1324989533209964544
1325108956348506113
1324988413037174787
1324982933313249281
1324964275119673344
1325045680012992515
1325157539646861313
1325115596258897929
1324986731066765312
1325017263989280768
1324886244384518144
1325199944366530562
1325090751974436864
1324989229571706880
1324969160900796421
1325046195455205376
1325000467320025088
1324875257442873344
1325187764770361347
1325115294914924549
1325128598005510147
1325012809554534400
1325051231325351943
1325066922350751746
1324973300477550594
1325016602220355584
1325061407361085440
1325087468711014405
1325048270700376065
1325137536491122689
1325023076850032640
1324868208231395336
1325131895320014848
1325021994132385792
1325173168219148292
1325125244181385218
1324917601097625601
1324981972112986112
1325060557611950082
1325027335570067456
1324941568139202560
1324940255837949952
1325002999811497984
1325085963383681026
1324874008333004807
1325090821092347905
1325077111330189312
1325021409085632515
1325129337444720641
1325106562139090946
1325111755136266245
1324943874444419072
1325061163449724929
1325145389398437890
1325038276047204352
1324980823867658241
1325089559877709824
1324978317653659648
1325162422638927872
1325063642040168449
1324995768055459841
1325024320947580929
1325080168730333187
1324999456996126721
1325114926835372033
1324981095230820352
1325051351190171650
1324933629584297984
1325082840321712129
1325051564650795008
1325180274955735041
1325132581847801857
1325194430949724161
1325177146768150530
1325108076484173826
1325119026847240194
1325003100910923777
1325089193085841411
1325042972438786048
1325030381108817921
1325220283452690437
1325150698648952834
1325170656854544386
1325164217087954944
1325077293832822784
1325059886389075968
1325113762043596805
1325012215288786944
1325053894532149248
1324976261295349761
1324981886574358529
1325017477894594560
1325019232837447680
1325188516557381632
1325040410893357056
1325110627627651073
1324993528523579392
1325039702353858560
1325143848662822912
1325093028395163649
1325030584654192640
1325139050668429312
1324948213007265797
1325126819318738944
1325040120463056897
1325146036814438400
1325086437390209024
1325042995498987524
1325110586473140225
1325008746435768320
1324997795993051136
1325100360600580096
1325077455292526592
1324999384032038912
1325146254356180992
1325039134717726720
1325117964933345280
1325180574735224832
1325102794504867840
1325184721425321985
1325030639540826112
1325211640229453824
1324985011217559554
1325071821079801856
1325185716847058945
1324973360082776064
1325090736069599233
1325141232507645953
1325023557718564865
1325225963320463363
1325063114967162882
1324965286357979137
1325122917886128132
1325091897040310272
1324998321681944576
1325067817440456704
1325038259953676288
1325032148722720768
1325129286492155904
1325126130828009473
1325057539344654336
1324936101526695936
1325078671774916608
1325128109880913920
1325077499454353408
1324990441981419521
1325035727265140736
1325138616495075328
1325215577829466112
1324982149209055233
1325123715194032129
1324986309581164544
1325170929358548992
1325069042097459200
1325000777283350528
1325219410219593730
1325163498687492096
1324912462706188290
1325151839923408896
1325186868053495808
1325042855774199808
1325085695694737408
1325046807995568129
1325134195279101952
1325196863180517378
1325086805465698304
1325005051295838209
1325071781699457024
1325071965900730371
1325202143977107456
1325112587177123842
1324873116187840518
1324912976768458753
1325224095043219457
1325082906256154624
1324997688253886465
1325029981978726400
1325212022481432576
1325091345661370368
1325096362384502788
1325074006890979329
1325017867595755520
1325008066123804672
1325067536057180161
1324869180080992266
1324950775894839296
1325009375744974848
1325068531755585537
1325133135789645824
1325005181252214785
1325201088811839490
1325175445608914945
1325175208345542658
1325198566487437313
1325074031025025025
1325029277398659072
1325038925228945408
1325128811021697025
1325022440758579200
1325060640965267457
1325041085626916868
1325071317507379201
1325021207348047872
1325213848522158103
1325184898672418816
1325062302060732416
1325212352661352449
1324986067464953858
1324974192450822144
1325056366323658758
1324975154120847360
1325055833378582528
1324880080280150020
1325049272220463104
1325150230090719234
1325113386305249280
1325186469707706368
1325025048483278848
1325223716188467200
1325055376451100673
1324981957239967744
1324944229148323840
1325098624334880769
1325010798092185600
1324982060096892928
1325061364918988805
1325121551709171712
1325049439904534529
1324985101600616448
1325072895912124419
1325059787244113920
1325104960246329345
1324944945854164998
1325121296334692363
1325102715022807044
1325082629209808898
1325046443837714435
1325193703904874496
1324970573093629954
1325002700182986752
1325144457327603712
1325074106195337217
1324982682854559744
1325142055132127234
1324986970238578690
1325192910099402752
1324999734977818625
1324993904509394945
1325154285617811456
1325063242914410496
1324980949537464322
1325185639084556293
1325053967005589507
1325031904924545025
1325122238320930816
1325033626950627328
1324971643995893760
1325211160375943168
1325004155648438272
1325017050524360705
1325058978020282369
1325113525656752129
1325029905579593731
1325209231528620034
1325114976449728512
1325143260180992002
1324865523335749642
1325132238619471873
1325090235739418627
1325082895048974337
1324995608818708481
1325022794615300096
1324987556149211136
1325225197486608388
1325138053195853824
1325057447891972096
1325188333098708992
1325062516100182016
1324978655932583936
1325053924890566657
1325099104503017472
1325149466589007873
1324869198938562566
1325146964728700928
1325205725971320836
1325142670273024001
1324880724881797127
1325133938336129024
1325001383762866176
1325012147491975168
1324982138031251457
1324971565025517568
1325155171400253440
1325193551509139456
1324919486189858817
1324975978171559936
1325094187407200261
1325000822829232128
1324915532940906496
1325034052018200577
1325008356545847296
1325145802956824576
1324977211024285697
1325210595470274568
1325175886228971521
1325041816987717632
1325124225447890944
1324972861187108865
1324996077368586240
1325094755823443970
1324914063374225408
1325000976214974464
1324898333132025862
1325066847683829762
1325028007073996807
1325112779192365056
1324980108847886336
1325217517703467008
1325081847471222786
1325172577933946880
1325071595241689089
1325050424995565570
1325044489073938432
1325034047689658368
1325155700855615490
1325141995602370565
1325062155926908928
1325090640946982912
1325203172240060416
1325077536037105664
1325131791943016449
1324914233885257729
1325124532475228160
1325056868029489152
1325130376260448256
1325113682477649923
1325190884149825536
1325087330907066369
1325111579554295816
1325021445106388993
1325112950848417798
1325141895044067332
1325079295996391426
1325066826301181954
1325070266070929413
1325092722512957442
1325082814153363457
1325168220219826178
1325057728956522497
1324977098344132608
1325076450576359424
1325059259386703878
1325199335768920065
1325223513679044608
1325034678999519239
1324991776264957952
1324989439395946498
1325016381860032513
1324878600781361158
1325165840405323776
1324982658233995268
1324977135434539010
1325187435895037952
1325090049717891074
1325184625384288256
1325087996853579776
1325008987297886208
1325064491458048000
1325033019745374208
1324973384623665153
1325011968776953856
1325036900525236224
1325182374452162560
1325152200079798274
1325213817194811392
1325131865326448646
1325104256878325761
1325084687967121410
1324961227890679808
1325109427062632451
1325058674155458561
1325066721204576259
1325124968837836800
1325123484591161346
1325072613132152832
1325151908349145088
1325079084737683456
1325024108745199618
1324875032548564992
1325193615895789568
1325021286133850113
1325001446127972352
1325070062064119809
1325139948295475201
1324990969104785409
1324978309432741888
1324972706920624128
1325112734497771520
1325060189167476736
1325210176060841986
1325051748675952640
1325041934352568321
1325103592274014215
1325143527425191936
1325210245652738048
1325070914418069505
1325071274117357568
1325097856487858177
1325207380510957569
1324891024498495489
1325169090919428097
1325109542947074048
1325074938173198336
1325070185590628352
1325107713542643713
1325185174573887488
1324983667052175360
1325206758080442368
1324983457315868672
1325162764441165824
1325053688554147841
1325109909785104384
1325005250835722245
1325058018493526016
1324953500439212032
1324963727817535488
1325144097972080641
1325022070103810049
1325178042575060992
1325014448785010688
1324869990005223430
1324995533413478400
1325138331252920322
1325088273484685312
1324869988197556229
1325202650888089600
1325094124094173185
1325077972676644866
1325192973504679937
1324910692475031553
1325148765204873217
1325032323029602304
1325018104255098880
1325186730408833025
1324922543405473799
1325053489614090240
1325153201851572225
1325083892701868032
1325018692783050752
1325209092781043712
1325013729877094401
1325091533096411138
1324982746339565570
1324951999595606016
1325144725737762818
1324954481746976768
1325031678146973696
1325189314460856328
1325018747082518530
1325140407378825219
1325190520549765120
1325131510798671874
1324918345238540288
1325017085769027584
1324974570739208193
1324965088047075328
1325048509654048768
1325212261825306625
1325009246619054080
1324974629585358849
1325199123264385027
1324969383672811520
1325104902855557120
1325029248726425601
1324980447521230849
1325024770992332800
1324966879774076929
1325165337902542849
1325123477976723456
1325195068928503809
1325091819366051841
1324988387191889920
1325069451394473984
1325060271161872386
1325011002556026880
1325167564691968000
1325036499964981248
1324987159816904705
1324935404601171970
1325041017511436288
1324956562390192128
1325022071928336384
1324874817435217921
1325033382582030341
1324874043804299264
1325115024222941188
1325030025117245441
1325061295222231040
1325195884280340480
1325177164107374592
1325087213613363202
1325079828001935360
1325141838752325634
1325002734576263168
1325192445269696513
1325209337606725638
1325175999063973888
1325066983130492930
1325127296831746048
1324980407352307712
1325188403386671104
1324972381845250048
1325129139960082432
1325200399800922113
1325092525980471298
1325100244586131456
1325045016222429184
1325215574561939457
1325040572764221440
1325024105683439617
1325109304068812800
1325120788555583488
1324982110747291649
1325001631172333568
1325144176749498371
1325052015567888384
1325192019019399175
1325158996714676225
1324951066270691328
1325031922402258945
1325084452805021696
1325042708726112256
1325186274576117760
1325046915189366785
1325044949797232640
1324975282860810240
1324966727961161730
1324944112383094784
1325058451282812928
1325152934821130241
1325134967974682625
1325051705269100544
1325008576742633472
1324971984242044929
1325046032414232576
1325134447524507648
1325118137050800129
1325133502094905345
1325087891903680518
1325128522612920320
1325071953925902337
1325089428877045760
1325029592130867200
1325005438501474304
1325180470523383808
1325181595909840896
1325154937211289601
1325099546356162560
1325186194469236737
1325006445394468864
1325089151117455361
1325065065456934912
1325204075181453312
1324978924993077248
1325112022888050689
1325138202303197191
1325013757324636161
1325000468351901696
1325059722483994626
1325081708673306624
1325154713181040640
1325030296358690816
1325126759713546240
1324997682356776961
1325219732203692033
1325099443025276928
1325026774011535360
1325087954415587328
1325033181754613762
1324964844269932544
1325134439727370240
1325054975790231554
1325100810385166340
1324957129120378880
1325069952336924673
1325144394702286849
1325069846762184711
1324891846904963072
1325004057161969664
1324947634344386563
1325166993402630145
1325061126590226434
1325045076268113920
1325065935774953472
1324925494706515969
1324963076035252225
1325185648031096833
1325010149350789120
1324987034142978049
1325154977174745092
1325047548634165249
1325157463964872710
1325067656920248320
1324962286155538432
1325059452949630976
1325128265867042817
1325156425077645312
1325138094941671424
1325157981344866304
1324977886978330624
1325223711465742338
1325118244747874305
1324964068080422913
1325083887870107649
1324864708319567872
1324874191452184579
1325056780267900931
1324934216841355264
1325093611533438977
1325035921444659206
1325189359868370945
1325056583278227456
1325114964504350720
1325015713728389120
1325111843808014336
1324875746960166913
1324975224740339712
1325207698443530242
1325029023592951808
1324961662311555072
1324941565337477120
1325150662468972544
1325125283280773120
1325101556434350081
1324913149842173953
1325005443874304001
1325018194495631360
1325167702449688577
1325178297156739077
1325104763218714627
1325088784740995073
1325193877871947776
1325048549080494081
1325016870567768064
1325082075993661440
1325138106073407488
1325094573228560385
1325089659291127809
1325078372377128960
1325179273938952192
1325066690439368705
1325064250465931265
1325203142624104448
1324986240282857472
1325060363642163200
1325015847497297920
1325199233025142784
1325018362037022720
1325114244669591555
1325031721755156480
1325143130794979331
1325069842551091201
1325182430311899136
1325087161859895297
1324922539324428288
1324982478537453569
1324972939184381952
1325168400130334720
1324981381571686400
1324879082451038214
1325019312084709377
1325007724959174656
1325071050833600512
1324980180096606209
1324879381244895232
1325086226689515521
1325191595201802240
1325082853093367808
1324992499526602752
1324993205549535232
1324953539068702721
1324945882001891328
1324873641578860545
1324965519984713728
1325210597818916867
1325140702259392512
1325135559900102658
1325022280402018304
1324992923503632384
1324891568105525248
1325013658645172227
1324970993673187328
1325112157034459136
1325153111967555585
1324983144773246977
1325016396959539200
1324949275047055361
1325201866796355584
1325052576438624257
1325017432575053824
1325002295659155456
1324965130434646016
1324991466196914176
1324967720803250177
1325124888877703169
1325044685405040641
1325210544505118724
1324983723616575488
1325064455978364930
1325131309581131777
1325019848980779009
1324926133159292928
1324984271912771584
1325128578229555200
1325073955141660672
1324985285546037248
1325059927216443393
1325140856144211970
1325048454326915074
1325134935796064261
1325045528426590209
1325008593322729472
1325194322619215873
1325143134943158273
1324956512842866688
1324993519279288320
1324996057214881794
1325146287193300999
1325093471959605249
1325017751426134016
1324872859429244934
1325181723420876800
1324991503710740480
1325023228654477313
1325013126870425601
1325029311963918336
1325141211896672257
1325151744683171841
1325040551457153024
1325144133296644096
1325164118140137479
1325175323156246530
1324979986521071622
1325080666862661632
1325057298474131459
1324980102111899649
1325141569876406272
1325066250003877888
1325209200264310786
1325034216220979201
1325005615790510082
1325180609757507586
1325063274531053570
1324935787998306304
1325217114014281729
1325090953703673857
1325078196509958146
1324967077355139072
1325214205734125568
1325135318404661250
1325199714942394368
1325027979672629250
1325075425048059904
1325121756848222209
1325109638841442305
1325143143302406146
1325152685935517702
1324995798044708864
1325176762255380482
1325209250730307585
1324985955158253568
1324993323585720321
1324974704927657984
1325093301226246144
1325125580531113986
1325117614092410886
1325121853526994950
1325012584131649537
1325124543250362368
1325074740407578624
1324986234192719873
1325102466753556481
1324977412237651968
1325060769424281606
1325150532776943616
1325149574953099269
1325065350266966021
1324876254995165184
1325189027033571329
1325141193433419776
1325040381596209155
1324988832597544960
1324864817052717057
1325008219937378304
1325015065226059776
1325167463747612672
1325117300366843904
1325026351083040769
1325219552930787329
1325224232222142464
1325027949964374016
1324869999568281603
1325126388576346119
1324870368851587074
1325083672324808711
1325190722824200192
1324981749579997184
1325028746756288513
1324970605196795904
1325140125542592514
1325046652407861249
1325034620593856513
1325071077316423680
1325222925868261377
1325183870485098496
1324881760883191809
1325025164246048774
1325161958543253504
1325133101471723522
1325035018398429186
1325140495656497152
1325047593248952325
1324972839796137984
1325214324470640640
1325132546380767234
1325060834855247872
1325067373481693184
1325003129675517952
1324984056510078976
1324992659916791809
1324993337691156483
1325081699257094144
1325018559383220224
1325192445726961666
1324995010488578048
1324992762710732801
1325118740346834944
1325018547123347456
1324906199775653890
1325176344800604161
1324908071483793409
1325142038740938754
1325040675176370177
1325087213407924228
1325072191428374529
1325090632243834880
1325134728714887170
1324953937900933120
1325112171542548481
1325193059261362176
1325197127396462593
1325151817307656192
1325031643023876097
1324963217634947072
1325034457448017920
1325149954709495810
1324924902634360832
1325222843731374082
1325043329650860033
1325174157827567616
1325114605841100806
1325042864192163841
1324915717381165056
1325107222922358784
1325121796287336450
1325105409686958081
1325144016078319616
1325113671819915271
1325173724744650753
1325096917282545664
1325069355600801794
1325019691014885377
1325147971437015041
1325182966792933378
1324872217675575297
1325030436008054786
1325004142981632002
1324986356574130176
1325219502016122880
1325075103269474304
1325119369270108161
1325170050626621444
1324927895962259456
1325172374623432705
1325075542211764224
1325072870502969347
1325194057325268992
1325000050704052224
1325127592546979841
1325074738306281473
1325145833294147585
1325125767404134406
1325100708773814274
1325062509330624512
1324943710883352581
1325084390075011072
1325067867205689350
1325071509271044096
1325175834529865728
1325044897804677120
1325155610355101696
1325224150043156483
1325073411077529601
1325015156909338624
1325157624808046596
1325126172179652609
1325148676336005121
1325170402562363392
1325030269590536197
1325172578022019073
1324982307778867205
1325067834381262848
1325063723342585856
1325052308082872320
1325102524291018753
1325197273836425217
1325198880032501760
1325025190737272832
1325077882708889602
1324975030355234817
1325121804797612033
1325008603712008192
1325014054637887489
1324998876873494529
1325190544415449088
1324965438741221376
1325206533840515072
1325009578094948353
1325111794315255810
1325181671155625985
1325034534266691584
1325109919096459268
1325048597424058369
1324972136004546561
1325010322600636417
1325021232354484224
1325030929706913792
1324908523411697664
1325203542823428097
1325204758152441858
1324997628371865601
1325072169433501697
1325122749006671872
1325018586180689920
1324917340526481414
1325069784606670851
1325011703013257222
1325206104415023104
1325142272946692101
1325154795200581635
1325025910270152705
1325168874271092737
1324957705644236800
1325125669722988547
1325107650372243460
1325084613698588672
1325030015457783808
1325017544328155138
1325018863403200513
1325005399326679040
1324877898168360961
1325096285624524800
1325025435181178882
1325128299287203846
1325207298608914432
1325214896984829958
1325060543988846593
1325022143990521856
1325122273016156161
1325195715052625921
1325190939434868745
1325147761319141377
1325118711355731977
1324968975852302336
1325052092415959041
1325137550206504961
1324958051774951424
1325182464751497216
1324947640669401088
1325113048017883138
1325126661965185033
1325130428680990720
1325126716084416513
1325099074618601472
1325034412669612033
1324946547260448771
1325007196644646913
1325177238795374594
1325031210519769089
1325020960345481218
1324983106919669760
1325092815756472320
1325025136626446336
1325079455728066561
1325204731610935302
1325078074413752321
1325041467409260544
1325107077539311616
1325049000169525249
1325024879775674369
1325223453646069760
1325215691969073153
1325167805084348417
1325035116540940290
1325165700277661697
1325000715543207938
1325145421900034049
1324907088431099904
1325080982567972873
1324871498616745984
1325225060353839106
1324993768026673152
1325111037939605505
1324904312275935240
1325153272387104768
1325011372590166016
1325136946599964672
1324979327549792256
1325026370557243400
1324985276616351744
1324986006911782912
1325092048215662598
1325152411003072512
1325070112496422916
1325011292680237058
1324942630887809024
1325157705112117250
1325017772254965760
1324876667375005697
1325136091515478016
1325093592772341760
1325098080300044289
1324887474972340229
1325120710336012288
1325021741899460611
1325212467266420741
1325201403355287552
1325217248991129606
1325186409955614721
1325133184468742146
1324970453681795075
1325080178293436418
1325009218404028419
1325181832627884032
1325191901620838401
1325024759701237761
1325194603302187008
1325174015976235009
1324901378775371776
1325060547566596097
1325057936205471744
1325067674901241856
1324985354106130432
1325016672063922178
1325110716358123526
1324956790937759744
1324990045590261760
1325008993564110848
1325091864433848321
1324979371808092160
1325208273491005441
1325012023051235328
1325078079824400385
1324948218757734400
1325169293898752003
1324992837436444672
1325047604418326529
1324962619703373825
1325134996672307202
1324997987920211968
1325065245379932160
1325062810695569410
1324995542724829184
1325184169912135681
1324986363293347840
1325017311393288192
1325078224448221184
1325025571546558464
1325137675175649283
1325011509047652352
1325028883393990656
1325079953533263872
1324992056494862336
1325018870411915264
1325017961258774529
1325119667573321728
1325068093484376067
1325212452020244482
1325094997373423616
1325074986781040643
1325049813432496128
1325028328055697408
1325167128509558784
1325047247688654848
1325045266999873536
1325019151002374150
1325027190182993922
1324985887076323329
1325080578455166978
1325171497837584385
1325174196104794112
1325137712320409606
1324983163718938624
1325023657782079488
1324899938338295808
1325077195618996227
1325122088500293634
1324987273419649024
1324996141835051008
1324944955035574272
1325031594567102464
1324955144979673089
1324964531521560576
1325029884289306625
1325120036084834304
1324985596855644165
1325172431678545920
1325134974782218241
1325024413608255490
1325168867182735360
1325049707144617984
1325038286939844608
1325161726506008576
1324994529456517120
1325133009893384192
1325067681146540033
1325060714361393152
1325017645335384064
1325132955581210630
1325044433746862082
1325133734392180737
1325123214763175938
1325175465674379265
1325049315212013569
1324893922112450562
1325141469762629632
1325036145143668737
1325080476231618562
1325021139068997633
1325131671759249408
1325168852347613184
1325145154450231296
1325130190809309185
1325144329183113216
1324882971959062529
1325116138347520000
1325128814309994498
1325181774960467974
1325085667177754627
1324972983597805572
1325132946227879943
1324960520135348225
1325092749046128640
1325121380648591360
1325131664960286721
1325060844280012801
1325201739788783616
1325027476934897664
1325053352221286406
1324870439592726529
1325037509567520773
1325000930945724416
1324866544732688384
1324967752596140033
1325184060105261056
1325081033826467840
1325077056401666048
1325002778893299712
1325060970713067529
1324963782989377536
1325220288355840003
1325033786267095040
1325220338049945607
1325199948883742722
1325044951651069953
1324951777687576576
1324941932267794439
1325201919162376192
1324984812772487169
1325030089910837248
1325027299402649601
1324909449719451648
1325134064269975552
1325023152838217729
1325136290757681154
1325093009483059205
1325105491924508672
1325025437307842561
1325001444769067011
1324972174915096578
1325124851884040197
1325104192193785868
1325130834840412161
1325125798374871040
1325131296364900352
1325180169615626246
1325010123912261632
1325206547241295874
1325204793409875968
1324967696564449281
1325131646618644482
1325099513795801089
1325042852792070146
1325211160061206530
1324964337103106051
1325060446102179841
1324917007104569346
1325020946432991240
1325129100407812097
1325008477371052038
1324981382888747008
1325193397808795648
1325030009262776320
1325120170168299520
1325052716603895808
1325070347172012035
1325083847281795072
1324992180201598976
1324964968119365633
1325123325761257474
1325042257116991488
1325116041442287618
1325043730395648000
1325109734173777920
1325095469882744833
1325108709308190722
1325148098168033282
1324875992473677824
1324982429099020290
1325210829063548934
1325108741201604608
1325076056898940928
1325213758306701313
1325046003528069120
1325207455756816384
1325017113061453826
1325002511766392833
1324974760804179971
1325011459340980224
1324995541554622465
1325057740314726400
1324993128902877184
1325076579979055104
1325162360781369344
1325180047712350209
1325121642805211138
1325021943079325697
1325067533603450880
1325022921841127430
1324959639931416578
1325215386971770880
1324932075653373952
1325042277782335494
1325000524576534528
1325160448933548034
1325004981561397249
1325180028632567809
1324974680927854593
1325034017138372611
1324991221425709057
1325142417595457537
1325119412936957952
1325057793733353472
1325122180158545922
1325084397813587969
1325200713866162176
1325069620605308929
1325030047758036993
1325062037152600065
1325016128326873089
1325120502420135941
1325033081296855040
1325132307712397313
1325111806617137152
1325007061952958465
1324981486106402816
1325001085229166592
1325145772988506114
1325043731796463617
1325097020042981382
1325112435204820994
1324902029815406594
1324968923796807680
1325218782848167938
1325134366767345668
1325023504845115396
1325095859239972864
1325226470277586945
1325150097265496067
1325009757980254208
1325097754272669697
1325062804144054274
1324992663599321088
1324979710451978246
1324999118410944514
1324882121916289024
1324963969451372546
1325051126341885953
1325083662166208513
1325194781086060544
1325131873811533824
1324970864698384386
1325112550124556292
1324982059044139008
1325030533194260480
1325039946655272960
1325081826524860420
1325213732318961664
1325187298221297664
1325033941355597824
1324994480861310981
1325181225007423488
1324995124795936768
1325159163572477953
1325004069296091138
1324997767601729536
1324936642575159296
1324988259139801089
1325119402338037762
1325159291783962629
1325035970425663489
1325128243255504899
1325084551920676864
1325122673039597574
1325036848025112576
1325018301609746433
1325199904222846977
1325135681476304897
1325176787433738240
1324980686076473349
1325173185227026433
1325066937894842368
1324968835393449984
1324961269737287681
1325048767888945152
1324994284718870528
1324960111530536962
1325138320171573249
1325028486847868928
1324978553990115329
1324968518765469698
1325147558033829888
1325083380728410114
1325059184803647489
1325159305171988481
1324999790019682309
1325057219352801281
1325188918749274112
1325081388484349961
1324879046006681601
1324967799761104896
1325129267794087936
1324898376752783362
1325089206595674113
1325142665671958528
1325049536788783105
1325205556320034818
1324913482563801089
1325152370318172165
1325082827621330944
1325007901036064768
1325156416819224578
1325105078055866368
1325066064611463168
1325109545211994112
1325068783065714689
1325086597390462976
1325028573758058501
1325155518806167553
1325091288920813569
1324965623135416321
1325027609722413056
1324964483144568832
1325173242861133824
1325139328490643458
1324969809407139840
1324988025684684801
1325058974635487232
1325211801785671680
1325060812122300416
1325215459382161410
1325166393575186433
1325190437338931202
1325193744384208896
1325182870722400268
1325167833089773568
1325142167908651009
1325121345273786369
1325187653831069696
1325160213805207552
1325123616711667713
1324997963198980102
1325009721183662083
1325115642949771266
1325122693616726017
1324867142873980933
1325047357482864641
1325155429752709121
1324976345760362496
1324994672519999489
1325122670145523718
1325058952732815360
1324990448813924354
1325099537426485249
1325044504928411649
1325187174602399745
1325115668459610112
1325042475539574784
1325015590344548354
1325079069315264512
1325095605966925826
1324970218704269312
1325102424642695168
1324977675753156609
1325202732286943232
1325127331317362691
1325157231936102401
1325179868573655040
1325011343901138945
1325171912696213504
1325155370789036033
1325175369671053313
1324969340786106368
1325023337727156230
1325029280015900673
1325020094104219651
1325075535106633730
1324986638691409920
1324984015519178753
1325111170739675137
1324968225118052352
1325076959676731393
1325024630483070976
1325104121880436738
1325022675832614912
1325058554575859713
1325009617911476226
1325120857484615686
1324953500489568258
1325032011464138754
1325177309331136513
1325122023941677058
1324978946996367365
1325157854660190209
1325110791998201857
1324969644772511744
1325186740278210566
1325112244137586689
1325023316193800192
1325009780122017793
1325042356354215941
1325169278195294208
1324958989596172288
1325149692607553537
1325021453654306816
1325077395309727744
1325184688181309442
1325060163418648578
1325179394923618304
1325080807082438657
1324981696987619328
1324876497836969985
1324973693617975297
1325014405864710144
1324996731969400832
1325017387536703488
1325149621996322816
1324969057733447680
1325049881623408640
1325083480309592064
1325109402622447617
1325054334346747905
1325053472736227328
1325119300093566977
1325115363655372802
1325066730880847872
1325198271317340161
1325181079993528322
1325066449145245702
1325029167436533760
1324895254164754441
1325171794517569536
1325157857231187968
1325073846060408838
1325059725894037506
1325052810673721345
1324958706493165568
1325075157799591936
1324885595458560000
1325153779486920709
1325031520583757824
1325030975349420032
1324911058675519488
1324909256391397376
1325008841856192513
1325153315538137088
1325097972351328258
1325153673421320197
1324958978141540354
1325093677920874498
1325115309607575558
1324896486690332673
1325087700681101315
1324981730839760898
1325096685081661440
1325011176611254272
1325149190788440064
1325042137419931648
1325225625070735363
1325215907325636609
1325084080820674567
1325080876972191744
1324988094261719040
1325095133730267140
1325018748865155072
1325071802519924736
1325142679697678337
1325070038802575361
1324974818748370944
1325043451679956992
1325210384677171200
1325039695483596802
1325100972956393473
1325044029600509958
1325193389638180866
1325035737880928256
1324929653945978882
1324912390484488199
1324935157095297024
1325163264628584448
1325184675703304192
1324993483736829958
1325023151135334400
1325025938367778816
1324909634709295105
1325218077928288256
1324980844298178561
1325043254723751936
1325071652116422657
1325173599678902272
1325064388173328386
1325152073256738817
1325028282035806208
1325011656561332225
1325015036436369412
1325007895210102784
1325193362853355520
1324953405526323202
1325001656136773632
1324988445132021760
1324876178147127296
1325199041496576001
1325113721715355650
1325082175113469952
1325102029191208961
1325039138555523072
1325193581825421313
1325004889773248513
1325029318397992960
1325121466287808513
1325028896992063488
1325044623174217728
1325052228705652736
1325076435212623873
1325132184919830530
1325193475176894466
1324929807944208385
1324978231955623937
1325036523344056320
1324990539549302785
1324999199432306690
1324872826659201032
1324992366164504576
1325044700315869185
1325063176992530432
1325085283369562112
1324993123790041089
1325112179167793152
1324865260898160641
1325084587698118657
1325172567016091649
1325216168123146241
1325187541595807749
1324958372760866816
1325047487095300102
1325072900882305024
1325058293073637376
1324870133479841792
1325077262518063104
1325061584574685191
1325060556970225665
1325174180430614529
1325082222504800262
1324915418235015168
1324981650644754432
1325099864976461825
1325033854944620549
1325092415976452098
1325186116924837888
1325169983853228044
1325151244910911489
1324993740314992640
1325091870242959362
1324991491257868290
1325103136575528960
1325048125409603586
1325119925254574081
1325018972270567425
1325024155801161728
1325206215387869191
1325165819710513152
1325031162687983617
1325019716172320769
1325048322466459649
1325002879070068736
1325103918335094787
1325055399469359105
1325149917103468545
1324988091115819008
1324970074621538304
1325178582239379456
1325026017057132545
1325055831361130496
1325013562583085056
1324981632173023232
1324901529346826251
1325084585013731329
1324947470296682496
1325121526526595073
1324995461434978304
1325056484141649921
1325029791561637888
1325175255732719617
1325084588583100416
1324963789473779713
1324962956862517253
1324985863932145666
1325130832479203330
1324958803989762048
1325183359979548674
1325187172861956099
1325133717594132486
1325078911940747264
1325108786726629377
1325028478694150147
1325054597174620161
1324906430713929728
1325091109035499520
1325013627448025088
1325148108620095490
1325061086706622465
1325080956194217996
1325023516245307394
1324999668649046017
1325018199646228481
1325194701608284160
1325149939673001984
1325076430863085569
1325195135244791808
1324999796881547265
1325115982722048002
1325061013360828417
1325049655563055105
1325031705162473472
1325174751829118980
1325143350614368256
1325037622645776385
1325004163441446912
1325210236165234688
1325202662082539521
1325068851831312384
1324918913604399106
1324942444006412288
1325060473868447744
1325089685606195201
1324981795520131082
1324977203155787776
1325060506017730563
1324954478068502529
1325056795484811264
1324948158020005893
1325068314029273090
1325170553225842689
1324998512795406339
1325111099126116353
1325081848901476353
1325035279422550016
1325084976237383680
1325160645688352768
1325033749038424064
1325087606871367683
1325121588790923265
1325196541280329728
1325146713921818626
1325113522695663618
1325052452933079040
1325157839439015936
1324895788061904903
1325037548482273280
1325162733139075072
1325066049428054018
1325155193944616964
1325011172471558145
1325114496386478080
1325139382106378243
1325129896256040960
1325126323862265858
1325056225311133696
1324999852405698562
1325012230874816512
1325099975030792195
1324992392357883904
1325063567327039488
1324974402048569345
1324924280937869313
1324870595721523207
1325007023361101826
1325197906731696128
1325142405457178624
1325067487818506240
1325142246744846336
1325123083032813568
1325223979800383488
1325036980103733249
1325158702471524355
1325012268137017346
1325208332978679808
1325123475665612800
1324986293621755904
1324873898119352320
1324944599106920449
1325047798597881857
1325166251304341504
1325200938655571969
1324864996053037058
1324956970500153344
1324866983884632064
1325055433795657728
1325043013421326336
1325038845298008066
1325105444122107906
1325012559431421955
1325103548204507137
1324969211182067715
1325149832407871489
1325041137283895297
1325126321907793923
1325068798991474689
1324991706224357376
1325224824453668864
1324886267931193345
1324867136544776195
1325058798994722821
1324990953824903169
1325211355691978752
1325206536780656640
1325062779666096128
1325120108541276162
1324926744500072453
1325155614255796224
1325044375446040576
1325146283993038850
1325202689911762947
1325031910788259840
1324886205285216257
1325097918727147524
1325024831797125125
1325044853764485122
1325034976585330688
1325046435029639169
1324899890019913729
1324899669890183169
1325198425776943106
1325215261230686209
1325075110877868033
1325017474140688384
1325009552778145793
1325009419797745664
1325093161702658049
1325050086641070081
1324972764386750465
1325202739954126848
1325167751296655362
1325056360841670656
1325015424791162883
1325102664678567938
1325042187009077249
1325189322270650369
1325104586772910081
1324985291757805570
1324982413395718145
1325148457942867968
1325065288874946561
1324961778200141824
1325067267034517511
1325093083965485057
1324997413808070667
1324979046690721793
1325043243260776448
1325151986933620739
1325130254805991424
1325144813340139521
1325029924219006976
1324988605966782464
1325103422387998720
1324906061300723712
1325049726430011392
1325011725360521217
1325088274453508102
1325089761007194113
1325048388774137857
1325026516045082624
1325110902635556864
1325189884701650944
1325224619750682624
1325137469788971011
1324869406384656391
1325088455295184899
1325103872273244161
1325131457493229569
1325219612166926341
1325116423845408768
1325074487050711042
1325030338301747200
1324965431229243392
1324901228766240770
1324972158930575360
1325009472092254208
1325002001055436800
1325069800951996416
1324995393353117696
1325085620730015744
1324982154200231937
1325045195017216000
1325111169175216128
1325043083105406981
1325040000069677056
1325224726378254336
1325191610078908416
1325212099753078785
1325071022714990595
1325166955783876608
1325132405607452677
1324931664787742720
1324971288729968640
1325082467246747651
1325205017712881666
1325104749679611912
1325182970307735552
1325110417677488133
1325021335471464448
1325076623511707648
1325052954970296320
1325186789569519619
1325049326708600834
1325015933824491520
1325004127097778176
1324963805391056897
1325149207716536320
1325023858647293952
1324868025863036933
1325092410943287297
1325103443997057024
1325126109277589505
1325062731804909569
1324972036465315840
1325102862293209088
1324985064036425728
1325205606869966848
1324964637574565888
1325048595775705088
1325036455543103489
1325006315123568640
1325128257746817026
1325100009432477700
1325003013522661377
1325096243312414720
1325086284445048833
1325026081460662272
1325176272717221889
1325152858388492288
1325071682013433857
1325108741126164481
1324986431249506305
1325201977563901952
1325022753578242048
1325157785483399171
1324889458395795465
1325085510403051520
1324988310431862785
1324942979430305793
1324981863052619778
1325209539843518467
1324950973681438720
1325149531260952578
1325121477268533249
1325120310023135234
1325011088912551937
1325167088894275585
1325157166156718080
1324951673719107584
1325012196817047552
1325132336925642752
1324922679691005952
1325047503671205888
1325066952184836096
1324964876238942208
1325194065013510144
1324974412110704645
1325164002415087623
1325091760872300549
1324912475528163331
1324901363336192000
1324966888519196672
1325212979562868736
1325203277105885184
1324976212838674434
1325122137074642945
1325173219863638017
1324875356818591744
1325204352383021056
1325119835303518208
1324965456617336832
1324993618449403904
1325075700764860417
1325190611939418113
1325125557483343873
1325106350158979073
1325161226922582018
1325225262804586496
1325058767059374081
1324941037438181377
1325133661566455812
1325129713715564545
1325100707322634241
1325196465065562112
1325107754764283904
1325017791146184705
1324885804867522560
1325193062629351424
1325151737443856388
1325151452491370498
1325168215094300673
1325058899280588801
1325014758681174022
1325007097172533248
1325117449591779328
1325095549473873921
1325031555736227840
1325038380975972353
1325121281738551296
1325128210636394497
1325026528632201216
1324883267355631616
1325126679312834561
1325016321013243905
1325205528742653953
1325000433442709506
1325008082674520064
1324891026847375360
1325155845043331077
1325083496646397953
1325059718331699200
1325185180961824768
1325089657793744897
1324875287973273602
1325082099209080833
1325066781606752257
1324909957318397953
1325052974503227393
1325068108885864449
1325046744401522688
1325015137242148865
1325136202601619457
1325122048138604545
1325143843717570562
1325088043892617218
1324949834768523264
1325180319327088643
1325197424869036033
1325219119650762752
1324973815949094912
1325029294574346240
1324978930202402816
1325001059140513795
1324970507662471168
1324987294458261504
1324943625621549056
1325040806328201216
1325170912178532353
1325045039169409024
1325104280488079363
1324917134053367808
1325143312316030978
1325066057606967296
1324962244971651072
1325032692979818496
1325124084473225217
1325062864776867840
1325016325257912320
1325084430503964673
1325216117544062976
1325002327468756992
1325111675725471745
1325084047115169792
1325138869944082450
1324994494807339008
1325197433584848897
1325003634527137792
1325157142320574465
1325140881272303616
1325105775719690242
1325170241853251586
1325129714105782274
1325097004226240514
1325193029053898762
1325189392281952258
1325051832041922560
1325034684074631168
1324904274447331335
1325145858778804230
1325055932250927104
1325080221696090114
1325160567963746305
1325138547196637184
1325160554294628352
1325219242812334081
1325023363983663104
1324978094533447680
1325070688219172866
1324963680635777024
1325139682083053571
1325046235229773824
1325059795909533697
1325047988205580289
1325136319475937280
1325199706528493568
1324964684521500673
1325042411614203906
1325146664416505856
1325188133168709637
1325146456173338624
1325035449350578177
1325142813822996480
1325030842398363649
1325201407335493632
1325194858148093953
1325042348238245889
1325184930507186177
1325028551066857473
1325088264689233920
1324955658177933312
1325094600034410496
1325025909888397312
1325043651626536960
1324875983967686657
1325031154622271489
1325057870648512512
1325038952366157825
1325064520948191232
1325080402231500801
1325077849968087041
1325036656794152960
1325174665069944832
1325196483834966017
1325048458160582658
1324944683584409600
1325111682771918848
1325188641132572672
1324932886319951872
1325214936994246658
1325126696937218050
1325217263197122560
1324945861424635904
1325225628258463745
1325155432680333312
1325051843643379712
1325030347462021120
1324972564775641089
1325176753669754881
1325109999677431808
1325097743552032768
1325095708161171459
1324873165898702848
1324867270275948547
1325040929258893312
1325071560999362562
1325003292859117568
1324870803062665216
1324906969707114496
1325142302038384640
1325037670255497216
1324878850107469824
1325182782075703297
1325131365197737986
1324866816422928385
1324919787567386624
1325101876669452289
1325185973869666304
1325115990477246466
1325081195584098307
1325056624323665920
1325037457759408131
1324866881304600581
1325082776287252480
1325192042851442689
1325123819367923716
1325060469720289281
1325016749369077761
1325083302093590529
1324987414067236864
1325085321281867781
1325122464012120065
1324914983784902658
1325010901121064960
1324986258767179784
1325017719561924610
1325069723818749954
1325102574383616000
1325081336290439170
1325084449453862913
1325048090685009920
1325042222828490752
1325174957576314885
1325048171828039680
1325014328584626176
1325095085915181057
1324967508454072320
1325072233291780097
1325139113939333125
1325055935413448704
1324925645634359296
1324931304950018049
1324867712439513096
1324865587529584647
1325179842803998721
1324980649317576705
1325077093634469890
1325155098884968448
1325112374450401282
1325204706398965761
1325201945150312449
1325082195845926914
1325074110360195073
1325091070942859264
1325012451205713920
1324972904266731520
1325204455424405506
1324975083681705984
1325095389809299457
1325035775361241089
1325126057557590023
1325048668819513346
1325077110793396226
1325028056407429120
1325195964286554114
1325113464243834882
1325019422646530048
1325033214306627584
1324972778446082049
1324950974377684992
1325107705560911873
1325188037614182400
1324973079123140608
1325190720580276225
1325189985071476736
1325133657712058368
1325060047399948288
1325055739929489409
1325006833208209408
1325035986594766848
1324944467183325184
1325197482045796360
1324978405394313216
1325066376206233600
1324885438587342851
1324976826683363328
1325091896880926722
1325103040676950024
1324890334141276160
1325181047777026054
1325196186639200256
1324970126152785920
1324967707821928448
1325009574005534720
1324909263706320899
1325002788271747080
1325012279016960002
1325089029616963587
1325182735200215041
1324958129717731329
1325029515861630978
1324986472743772160
1325137902377066496
1325124732799291394
1325100360650862592
1325202503844028417
1325127993518272516
1324995687315017728
1324985090745769984
1325037613137481729
1325142643186262016
1325063535706198017
1324959118088605696
1325049128410378240
1325007715257749505
1325061531743170561
1325078018147151872
1325030239991259136
1325072312740220929
1325133266081488898
1325136511080296451
1325159492028231681
1325117513479430144
1325184375995195392
1325138435380703232
1325135848900239363
1325058519469592576
1325121717866536961
1325027968150884353
1325022433934536704
1324878095887818752
1324940773901602820
1324994527044702213
1325083118718623744
1325134132670722053
1325020799829483520
1325175923709112321
1325082541787897856
1325063920122531840
1325032127486943233
1325195956623642624
1325019536463179776
1325029002130694147
1324882421230211072
1324976772811780096
1325117017465249793
1324911005361729539
1325176452958973954
1325034783689363456
1324983770253041664
1324946549911265280
1325099863755911171
1325206161914793984
1325094898740162562
1325154846748499969
1324993542389895169
1325183533690867712
1325128571707252737
1324998378523156484
1324999384304656384
1324869229011677184
1325141288501522434
1324999236086362115
1325136225888477184
1325205944687587330
1325077923146174464
1325190084375703553
1325038675307208704
1324985836354592768
1325079808800399361
1324981821998837761
1324896064747528192
1324957551855882241
1325069673751261185
1325190184346873858
1325064452241285121
1325076505605582854
1325040142889922562
1325192813382955010
1325125877995352067
1325108512645505025
1325040453025193985
1325014099093282816
1325007102000177152
1325059492355203072
1324876940386426880
1325163811435925504
1324888858622910467
1325012834720342016
1325083837295169537
1325132604312485888
1324992814753718274
1324977735127736321
1324963806427090945
1325177580178210817
1325001464952053761
1325085537322020870
1325076450152751104
1325119063354306564
1325059808777605122
1325145996460916737
1325012831289421824
1324957117997068288
1324987188849864704
1325041635697299456
1325134796809494529
1325144800119566336
1325052250939666432
1324977580097867776
1325027774436945920
1325010455463649280
1325015789666185216
1324994263797682176
1325057963074138114
1324927564645867521
1325042556380602369
1324981807650123778
1325214582093225984
1324954447429120000
1325221887245475843
1325082276997246977
1324895688258449410
1325162083726450693
1325180259960942593
1324864208035524611
1325082090183008260
1325112018882482176
1325167574095712263
1324997450545946625
1325032396794847237
1324877488443576322
1325154897814237185
1325204040246915073
1325188652834709505
1325055909173882880
1325141584812322817
1325090213748764673
1325072151393800195
1325079954804060160
1324982048289906688
1325043136758951938
1325043888244092928
1325178943721312256
1325020595491311616
1324950563780513792
1325145493178036224
1325137906512621568
1325041641921650688
1325008855936479232
1325160179411742722
1325050304413446144
1325057110032396289
1325045623993806848
1325126335535198208
1325047907133829121
1324885278998360066
1325016137931874304
1325013789658521600
1324978733678272514
1325055533594849280
1324968769572188161
1325011477980475392
1325023341309292544
1325208239516999680
1325131537868677120
1325139254369001472
1325028227270766592
1324944550973018114
1324872472399925251
1325138119985778688
1325076497229639683
1325129192514707457
1325202297152917504
1324872989159149568
1325085016343384064
1325185034802827264
1325085178784571392
1325075190049599491
1325183852109733889
1325022991806312450
1324994252590477313
1325049148253614080
1325012119801171970
1325072878543499265
1325111344836857863
1325073224275726342
1325045051387416577
1325078478828539904
1325054734479323141
1324988396071215104
1324959746919686144
1325166844836257793
1324989605196730368
1325042173931294720
1324993360092946432
1325162792786210822
1325026472181030918
1325076171629981697
1325049949378277376
1325174067096252417
1324869436197773312
1325205392163532800
1325157156883062790
1325052361648304128
1324996512003346433
1325163475035975682
1325052888679329803
1324986529731776512
1325138173698183168
1325139907640238080
1325122985884258304
1324987038735724544
1324977705805344768
1324880659714895872
1325022936755998720
1325055205050822656
1325086454175969281
1324970326527266817
1325043651546853377
1325012335103275008
1325016955745660930
1325211954558988294
1325083777517891595
1325038627123040256
1325136678730797057
1325142721435107329
1324978228805709824
1325031265280512007
1325121108769705988
1325160709991223296
1325089361348718592
1325149728133140480
1325162947090538499
1325045424189804544
1325106465661726720
1325205549848416258
1325117037883105284
1325149891463507969
1325151121741000706
1325035028691243008
1324872711924043782
1324993861698146305
1324997712476057601
1325114657913368578
1324985381734014976
1324966685581959169
1325090126297436163
1325041162131009539
1324974588263079936
1325214727715348480
1325162818224549892
1325103365156720640
1325155106082320385
1325035815127408641
1325161300008206338
1325112028021841922
1325000131276632064
1325048051698970625
1324964773021315074
1325195676615991297
1325009380421537793
1325156301236654080
1325213475832913920
1325053058288640000
1324969950071623680
1325146778686033923
1325063572490219521
1325041346864943105
1325164308301565952
1324948231214804993
1325159553701466113
1325048082309017601
1325065886911389696
1324992791546638336
1325005087232712704
1325133536303706112
1325042951295262720
1325118626374955009
1325045741535055872
1325164015710957575
1325133421048311808
1324988165397032960
1325209556415258624
1325184940665790465
1325005077116022784
1325016055689961472
1325102181440229378
1325069877472878592
1325018300259180544
1325156408736673793
1325089501480431619
1325130412973203456
1324994470585184256
1325105524795461635
1324943721285226497
1325162537374019585
1324864262150426624
1325152626003021824
1324992472083275777
1325030009501851648
1324964002875793410
1325111038761693185
1324956512725454849
1325050754252599296
1325088372327653378
1325139302737588224
1325016881271623684
1325063954788454400
1325005579253927936
1325097712321236992
1325129285653450752
1325205280146284544
1325017512921149443
1325213509458649089
1324993620445982721
1325056143782256641
1325036584522158080
1324952511447490560
1325098074482552833
1325131630483300353
1325185707023994880
1325133557992480773
1325045700904841216
1325009172233121793
1325074335627882497
1325065146432167937
1325065514532696064
1325008953827323905
1325202761890193408
1324999721698664449
1325101203739566080
1325005958876180480
1325132445847490560
1325034158306025472
1325045284582404097
1325127908004925442
1325038650359508994
1325119763299753986
1324986957043294209
1325098717469417472
1324977271682326529
1325035038174547968
1325012228697968648
1324996511491485698
