1322886523218468865
1323002038263914497
1322950768782123011
1322981890761150466
1323044106629795842
1322992963396448258
1322861855564533760
1322908809849962497
1322941817046945792
1322869612111867905
1322837518199541760
1322867594743947264
1322745542737305602
1322810648540160001
1322847586064236544
1322987128855404544
1322994044952322049
1323018859029405697
1322898386497011712
1322984970177183749
1322814346481836033
1322917034309652481
1322835674857394181
1322801497642541057
1323003003377491984
1322808577980043264
1322717725848985606
1322832804779012098
1322875861624934400
1323039055781732353
1322911986531913728
1322948621474693124
1322957329441148930
1322924997317431299
1322818963181654016
1322824822662057985
1323003927239995393
1322859160480993281
1322904034966122496
1323006308463857668
1322813235960139779
1323020138992574466
1322825322925051905
1322892045929926658
1322891570149007360
1322780398636748800
1323026928111144961
1322926367365832709
1322948461076090882
1322853851435831299
1322792262552690688
1322904733221298176
1322964183248441344
1322955972189528064
1322810701241552897
1322888663173312512
1322812383585337345
1322881702281314305
1322986017058623488
1322959565835640835
1322808899389501440
1323018466425737217
1322962723840368643
1322847721070514177
1322854607484235782
1322986790291165184
1322808895425945600
1322832444278640645
1322873031568596992
1322915834159894529
1322936962899152902
1322960895870382081
1323003794708434944
1322986424724017153
1322855063061204992
1323015950799642624
1323003780871397377
1322877700172845058
1323041352867786767
1323000137157906433
1322825573924818947
1322794751620501504
1322806162526535680
1322768105039343616
1322969994007879683
1322976156208025600
1323009540133167108
1322815066329239554
1322846875737874432
1322844973696491520
1322849572612440065
1322876983282454528
1322949270970998787
1322971047386374144
1322823845754056704
1322902341696266243
1323028193822072832
1322822421683064832
1322991048667336707
1322853582799032322
1323033956242071558
1322963600454176768
1322974186701160448
1323005246545764352
1322820986329272323
1322892993511215104
1322852579680899083
1322786911757443072
1322868964523970565
1322956737289355264
1323012378527735814
1323035251468369921
1322986257232834562
1322832907094949894
1322977948958445570
1322694695944933377
1322981143227043864
1322801592786182144
1322837647782514690
1322877577694949377
1322840748631482368
1322886600406294529
1322874185891385344
1323000214362460162
1322969649848422402
1322693146216726530
1322999207674945538
1322841154073907204
1322870482534805505
1322956406367100928
1322825994240204805
1322858536792137729
1322797478870241287
1322958875721637889
1322806991421689856
1322846008221536256
1322820371201036289
1323004687134740480
1322837155325054984
1322921102822252549
1322859063483531264
1322838132371443717
1322846382714245122
1322941162672586753
1322812718919897090
1322912058854252544
1322982794491027462
1322983463096561665
1323002570038779910
1322787651624251392
1322856929287413763
1322716511035904000
1322873253657018369
1322849536558194692
1322992408485863424
1322993001484951561
1322824206309040129
1322881564552908801
1322819560060407808
1322968157020168193
1322960393824854019
1322979543230124032
1323046164002951168
1322804544196300800
1322857509112193024
1323017179223175172
1322867595503149057
1322996953278545920
1322968208924696576
1323024938031292416
1322852165434679296
1322944844185165830
1322794258307403777
1322843699320180736
1322876087001636865
1322875631965769729
1322966838372950016
1322911578388389890
1322919276370632705
1322911875399585792
1322770621655375872
1322826716717457408
1322874901418704897
1323015407985446912
1322998359561555971
1323045965029322753
1322953271913422850
1322770833681559552
1322878933809975297
1322878465151029249
1322822144666075136
1322908550100881408
1322884706296307712
1322872004303900675
1323021538606665729
1322934530156711948
1322939328356667397
1322954383689134081
1322901903525715969
1322976127619637248
1322996521353314306
1322823259117805568
1322997520398753792
1323000813837582336
1322887017294868480
1322973099369910272
1322916607413334016
1322819926877417475
1322953680262410241
1322980008592347138
1322841073304166402
1322853552553943041
1322851701485948928
1322958608615776267
1323025273726656516
1323023236737699840
1322703514741706753
1322953019403632640
1322906951244795907
1322848745365610497
1322844367279869958
1322952428044668930
1322969049295368192
1322989831165792265
1322973505953144834
1322860818980081666
1322976472097820681
1322916981780209665
1322859125290590209
1322728820827398146
1322819582369955840
1322993322777083916
1322840897114046464
1322962718140321800
1322820593876652037
1322998132544835584
1322874780031344642
1322996188732411904
1322902787227848704
1322923922208247813
1322956757879136261
1322858279094149121
1322839764752584705
1322966016566022144
1322806889399410689
1322813968243720193
1322951659916546053
1322834041444458496
1322849840590692352
1322827695047217156
1322905094216683520
1323000227222138880
1322980567072362503
1322930825156087812
1322853991341039616
1322817373594898434
1322711719500808192
1323026934322941952
1322868107514388481
1322840858270511111
1322857474366603277
1322982604564475904
1322857207285862400
1322813255014862850
1322918497878421506
1322891543162851329
1322872722175778816
1322876122808356868
1322856544480972802
1323020810592858113
1322959042004819968
1322830077877460992
1322890756806369281
1323016243977293824
1322704704468639747
1322825070914535425
1322854050451361794
1322992648366497800
1322826936024997893
1322967178950430721
1322931529484587012
1322890454124421120
1322844527552532480
1323023986951741440
1323040202445774855
1322963679109914630
1322816739990712321
1322825502269313024
1322812148549095425
1322842315128537088
1322907729464315906
1322970832017203206
1322943526762614785
1322877559529476099
1322866885084565504
1322929450372239361
1322896475731513344
1322855807579574272
1322951186891362304
1322999798430109698
1322861210002403328
1322880221767520256
1322845594260545536
1323021007918170124
1322877702643351552
1322909536165003266
1322871911215497216
1322807367420006404
1322905942317477894
1322871796778094597
1322691311242223619
1322864688020017152
1322835113865105408
1322986639472447488
1322946763293163520
1322716385420759040
1322970783992418305
1322934060038148101
1323037539045879809
1322877889868648449
1322944414835236870
1322809911743565826
1322942818906759172
1322868412788465670
1322910030912458752
1322994697724436481
1322974805818310662
1322968786434215947
1322957051744669697
1322949118369714177
1322993488372355072
1322807882342170624
1322911370531229696
1322910431564992514
1323035722102833157
1322906936782848002
1322840692582920196
1322929493300908032
1322893787216175105
1322827764765020161
1322979686075539459
1322970228335235072
1322842908198903808
1322952283483680779
1322855160801042432
1322813482635583488
1322893046728560647
1322869645582491648
1322916646344863746
1322997702716698624
1322896355031994368
1323006862716002309
1322894967950422016
1322975650358190080
1322836618307342336
1322876064478203905
1322870092032598018
1322983878676697090
1322973141514260481
1323037660760473601
1323034108335775744
1322762194002583553
1322941048562323458
1322848073303941120
1322829265352740865
1322752624567996416
1322773216050511872
1322811941363060736
1322861014728298497
1322813703440502784
1322876738313965571
1322974559604232197
1322893805935210496
1322893386278457344
1322926866915885056
1322972565275627520
1322925036420898817
1322987198724136974
1322803641091325952
1322946534435180544
1322823433206538242
1322859223525609473
1322851983787786254
1322932004556574720
1323044456904511490
1322962121106345985
1323008547010056193
1322883950327570434
1322940921340678145
1322990918119624704
1322943624980664327
1322975131581468672
1322874465047498752
1323038789208604672
1322807291964542976
1323041544857915393
1322966801064595458
1322808236651761664
1322999062065545216
1322947883734282245
1322887237391048707
1322960468697382914
1323004300067483649
1322857435078496259
1322848636607385600
1322817773144281088
1322914278219960328
1322813510812868609
1322947859881275393
1322978318178811906
1322915902896115712
1322807446348406784
1322991275856023561
1322849437329301504
1322965478592176128
1322763802820050944
1322852718185238535
1322891471318585347
1322915000336420866
1322884540206063616
1322963313152720898
1322844559131508736
1322941721899130880
1322976149115457539
1322899808386981889
1322871452195053568
1322905386878406659
1322807682504495105
1322996007521689601
1322882565229977602
1322861755853393921
1322931083323740160
1322807134174744577
1322855449780195328
1322958242193039361
1322889659282788355
1322880141899505665
1322963826153787392
1323006301937442816
1323011366832230401
1322969330502553600
1322765867793424384
1323032719819984897
1322959859025928193
1322914216941178880
1322782200773967872
1322870931224694784
1322987847838797830
1322942763298627591
1323000343928688640
1322916890143051778
1322938496890392576
1322843167243325440
1323025516912431104
1322959479789527040
1322856098093780992
1322831649617436678
1322878889551634432
1322887141240803331
1322856671685840897
1322857298847551489
1322983915007725568
1322843680571535361
1322897136242012161
1323044681945665548
1322695431688736768
1322884232868470785
1322713099066085380
1322829510874669057
1322985451561562113
1323009632755920896
1322973170849243138
1323023666318319617
1322882391921274882
1322872045147967489
1322850556105367552
1322830938884120579
1322903534191419393
1322960200903675906
1322973904718209032
1322949030352166919
1322859516451524608
1322869649126678529
1322838927624048642
1322804646159785985
1322894517150908416
1322868407969210369
1322853322248855552
1322915435747151873
1322828813022203911
1322921582512189442
1322945735206359040
1323036104669487107
1322802826729410560
1322979190870839297
1323025245184339968
1322856027704930305
1322984612096888832
1322826668977745920
1322874477559091203
1322699506736078848
1322857355978199040
1322862864936407042
1322979376468819970
1322858041767874561
1322692697841348608
1322982752111763456
1322899879887331339
1322843273686355973
1323013534775709707
1322931624250626067
1322829485532741632
1322985272582299650
1322814221164359681
1322828136749375488
1322759824543764480
1322854563804827649
1323005546056896513
1322882282026377217
1322946366461546496
1322970954113392640
1323005356474306563
1322934107605622785
1323032626857418753
1322892833536303104
1322764228906897409
1322864753405022209
1323041474666242055
1322882785032491008
1322876837945614339
1322804524147482624
1323025886560555008
1322830371998806024
1322899709967671298
1322865102324961281
1322844500318949377
1322692193170182144
1322916410998378496
1322861664014864393
1322833737034420232
1322821927912833025
1322861436515819520
1322731935966371840
1323029780799827970
1322776395014164480
1322911957809324040
1322854792046235652
1322989685216583681
1322942125613473792
1322945030915543041
1322828797830402049
1323003968767877120
1323012190945894405
1322978259076845568
1323024839133876233
1323023535133102081
1322831562908540931
1322938598463803397
1322839898932580353
1323028416300548099
1322974810440409095
1322876216374972417
1322849292302880768
1322923270715441154
1322791171576467463
1322994897184608257
1322732567829860352
1322892427347320835
1322866993570209797
1323023133750796289
1322843057872642053
1322950041380806658
1322828988755202048
1322972919362969601
1322853893655666690
1322866085083926528
1322866262393917441
1322974244016431107
1322973261936926720
1322954276352700418
1322901622561902592
1322828696231837698
1322855744866234368
1322988583347752968
1322930971914752012
1323051179576872961
1322871889480601601
1322941972630351877
1322935447253852161
1322967785484541968
1322879063778828290
1322889368982441985
1322912078080991232
1322904312868147201
1322854288817823745
1322831732559806465
1322868826644586499
1322859245700788230
1322895267809677314
1322909477591486470
1322913415120277505
1322871380585709585
1322831333169729537
1322834101771132928
1322888212071751687
1322948816878866435
1322808145400471553
1322891695781040133
1322965760558456839
1322707329960321025
1322934479204339719
1322919886910377986
1323002752520376320
1322787091458281472
1323049165300137985
1322864496722006017
1322922770506883073
1322995889636605953
1322839135149821952
1322915200308334592
1322999455059161097
1322959415943794695
1322858880972529664
1322806267027591168
1322833749428572165
1322916503797276676
1322920384044388352
1322878522189320195
1322840755954765824
1322878545702649858
1323018401468583936
1322783917892657152
1322985658558959617
1322970736147992581
1322870056313851904
1322820415887187968
1323023929762603010
1322884235380838410
1322807745758810112
1322911220509380609
1322991764299534336
1322902657883951105
1322914549838811138
1322979563668951042
1322972928451989504
1322971977620086791
1323004412697235457
1322996565196365825
1322789892309606402
1322987562395467778
1322949363044388869
1322958040694403075
1322951894181052417
1322809431189585920
1322826859424452608
1322690171083595778
1322968442350297089
1322970069631119362
1323028117053755395
1322817260466167817
1322907265150713861
1322852154290429952
1322967629221515271
1322838388689567744
1323037937928458240
1322843659952414726
1322927180049952768
1322858465635815425
1323024385725419522
1322863651783692288
1322811567692521473
1322977038874148865
1322872666525782018
1322856553884639233
1322693145423990784
1322881355999547393
1323002487356403716
1322853568664227840
1322722511948304387
1322807909403807744
1322860787480719360
1322966979725135872
1322810545221808128
1322950324970311681
1322892779433897987
1322886001044410368
1322877462330642432
1322979213562044417
1322691229663055877
1322814329964679168
1322981003045015553
1322835003235995649
1323018756197670915
1322992655853375488
1322922627632107525
1322847982669189121
1322929848365494274
1322869397350993922
1322999074308689920
1322846029302108162
1322856766632321026
1322958877969756163
1322707934720237568
1322925152917688320
1322985061717843968
1322980140478009356
1322822370328018946
1322854615507963904
1322832676450160642
1323002649575329792
1322917916774408192
1322955071353741313
1322902105376624649
1322814733045608449
1323022241697812480
1322857812872089613
1322901547144171520
1322908866376552448
1322872600876486656
1322734180116189187
1322900843033731074
1322844779156262916
1322843005242478593
1322871944950259714
1322726459027283968
1322940242203156484
1322881853309788162
1322944271603933184
1322893786280828930
1322850206338211845
1322827722054373376
1322797490190585862
1322714398142599168
1322808524326473729
1322889958533828613
1322879193722638337
1322854698517471232
1322934364859211778
1322820077033525251
1322909061982113792
1322868116813209600
1323044101567188994
1322705560798715906
1322733883327238144
1322966092294270978
1322996323499606019
1322851723191398406
1322859850133622784
1322946398149554176
1322907992724045825
1322970874757132289
1322904536843980802
1322747368652054528
1323022482035609607
1322830194873454592
1322859545019011072
1322922214543556609
1322955795051515904
1322844246269972480
1322968632691957761
1322837159754276864
1322959461586272263
1322917476284407809
1322906324112449536
1322843828404015104
1322804531223273473
1322878354811441152
1322987215430033408
1322846774571261956
1323024643201093633
1322886078018322432
1322899292231737354
1322905492482568197
1323017603376447492
1323042644054974465
1322958826061127681
1322759897990221824
1322692618850127874
1322930564534620160
1322997523200565251
1322820351626301440
1322720514490576896
1322948757009375232
1322989342239973377
1322913942381989888
1322876255386128384
1322927681713917952
1322883174238724096
1322830839533707266
1322909082823626754
1322830837407244289
1322802998637174784
1322991643448979458
1322989960455213059
1322909522575446019
1322940607829069825
1322859525985210370
1322890469114826754
1323016741333671937
1322796969891373056
1322733760014503936
1322878703701995520
1322999035138134019
1322943200772956160
1322865636167442433
1323050114869612544
1322894416856666112
1322737765478363137
1322912728701427712
1322945453747544064
1322818193514205185
1322959641567993856
1322954483408592897
1322839535210942467
1322995853011898368
1323009034522382336
1322885162007437312
1322907334058905601
1323011911408115712
1323031053829898240
1322913661581697025
1322696725996457991
1322921959114629120
1322821492242063362
1323024566348877824
1322965776379400204
1322833540803944460
1322736133814575104
1322837124194947072
1322853282868580362
1322783544717025280
1322870454793703426
1322797107976220678
1323028196699287558
1322986970025517062
1322886989994168320
1322910238673149954
1322958867656024064
1322884644048642048
1322766295687979008
1322863751171842049
1322932774135844864
1322881618902736898
1322941169354027010
1322802682906771459
1322985480175161345
1322833001366069248
1322997926302461954
1322970799549108224
1322851558732816384
1322965663418298371
1322851318835367938
1322930490861563904
1322800915070537728
1323010650097016838
1323033522228072449
1322917071764729856
1322980394560589824
1322831504167325696
1322973962410827780
1322832484095111168
1322870814014918668
1323026545225699328
1322960206830227462
1322851469108879360
1322868548444848129
1322986574133530624
1322977375127293955
1322934126480183298
1322953862706352134
1322834590189428739
1322898567988740096
1322693832769720320
1322832441254547457
1322945859475148800
1323026612464603137
1322796647340978176
1322975122882547712
1322809188301606912
1322872788202496001
1322868797179613186
1322996249059037198
1322844396417671168
1322832355502006272
1322908736302780419
1322852932765831170
1322844366025666561
1322959840176672787
1322820705243770880
1322697151407919114
1322839853919293441
1322802227422089216
1322965950824669187
1323050255739424782
1323023476110823428
1322884147430522880
1322840066495029248
1322987740074561549
1322976472768737282
1322942860845613056
1323033649185370113
1322938034464165888
1322992127064887299
1322822025078054919
1322807599805435904
1322900272859983872
1322913785762504704
1322759900439732225
1322807108107149313
1322870958710050816
1322843532995010560
1322853832083255297
1322912439021768705
1322949860224618496
1322867670979551233
1323016397325303810
1323004618201321475
1322903026550661129
1322725503678226432
1322992723004194820
1322900196821475329
1323029790480306176
1322956809821446146
1322883120769732612
1322849940004024321
1322862640901857280
1322998118573580298
1322810515693965312
1322846426330734592
1322903523621851137
1323045321652535297
1322960476972683264
1322901393481584641
1322912678973681665
1322942251392290817
1322892618016182272
1322980412197654532
1322971907101261828
1322997600547676161
1323046632452165633
1322975967858593793
1322820449252876288
1322993317873856514
1322938813946253313
1322862086112878592
1322962722296860672
1322897136917323780
1322969182825308160
1322883669086883840
1322940744244563972
1323018586546384897
1322969548795138049
1323017175733587975
1322927601590173697
1322852436525174787
1322865697723133961
1322914204949635072
1322942583337791491
1322983538870886401
1322913763633364993
1322931379928256512
1322972986920652801
1322847373614325760
1322868916310450179
1322929033198358532
1323005375143170048
1322709120911319042
1322705788641726469
1322750417885941762
1322922370596831235
1322925764128526336
1322869035399319553
1322873317959847936
1323049767153356805
1322880094680031235
1322709962678820864
1322783431600836609
1322810372693393408
1322824009050935296
1322996894637969410
1322989946366513153
1322817251964260352
1322909097507885070
1322832644632121349
1322785717660110848
1322830366080716800
1322760735961788416
1322881952727400448
1322908724344901634
1322908727868010497
1322818201886052354
1322908845325406208
1322956340898258945
1322916775265226752
1322858899079352320
1322907388077244416
1322827354025168896
1323038998424682504
1322954695967727619
1323037097465384967
1322860781944344577
1322957415155961857
1322834209661243392
1322840410629251073
1322885588031254530
1322810680093925377
1322990149513478144
1322876113819967490
1322978964466475011
1322886261741359104
1323017699652476930
1322852409698328583
1322968383244165122
1322831016332054530
1322984234265563137
1322827722448654338
1323044205309186050
1322870746713120770
1322919668579999744
1322892928545640455
1322952844488642560
1322794199645827073
1322910498808123393
1322862530453274624
1323047745301733376
1322969127997394944
1322881968795734019
1322848009764376581
1323029181844934657
1322860003900985350
1322851104451866627
1322964838474256384
1322927076970823680
1322847913324744706
1322782259351617540
1322804003319783424
1322847485031862273
1322962968087330818
1322926015006576644
1322976703673675780
1322909952248303617
1323011053400240129
1322980236766707729
1322820354742636544
1322790902297960449
1322886063879278592
1322916227375943686
1322848870523613185
1322767924420108289
1322848084255277056
1323010882884968448
1322824651949658112
1322968273965776897
1322873193355481090
1322895796476518401
1322951866557308928
1322838183835508737
1322912358914756608
1322876321958080513
1322998473822789634
1322955184260132867
1322741893877403648
1322800874469642241
1322900183810772998
1322935556070875137
1322917122570420237
1322870450905616384
1322972303043559426
1322904660500500483
1322838162025140231
1322809696407982081
1322919032945823749
1322971711189491713
1322953812164923394
1322945551458066435
1322881915616190466
1322958354055049224
1323039963395416065
1322971920195870721
1322840511959490561
1322935114226171904
1322909100800397312
1322712687252590597
1322842226314137600
1322815504822796289
1322977697769922562
1323038151150084096
1322955995237257218
1322974924470968321
1322874983371210765
1322922448627683329
1322871808698339330
1322868385626116099
1322993201045647360
1322827866711621633
1322806803386814465
1322851918612484096
1322844464545673216
1322792642669891584
1323025553260220417
1322966544914272256
1322824406155100162
1322919387834232832
1323004621355421697
1322869089908477952
1323010379627302919
1323012013996625922
1322794751368847360
1322875594867167235
1323034083677605888
1322819951292534784
1322986553589813250
1323041089574653952
1322817944691314688
1322853058771066880
1322879274794233867
1322910458039406596
1322834369141198848
1322909126515658752
1322896420836413440
1322854382904479744
1322956797297176577
1322840016717008896
1322841340787478530
1322988945756573697
1322996411395428355
1322977800232513537
1323020360430854145
1323012926735896580
1323030134979481600
1322969643389169665
1323021854110613504
1322868477603008512
1322966039618048005
1322794293413773314
1322796010121449472
1322776087554904065
1322909692989943815
1323007884884643860
1322984663288262657
1322882889034440704
1322878814242951168
1322871474018025473
1322918303963242497
1322994785473437701
1322952125601746944
1322881429219483648
1322697912091090945
1323022155433578503
1323032240243331075
1322993701535289344
1322906827781251077
1322837120818520064
1322906938754125825
1322920404399411204
1322963526173007879
1323028402127937538
1322930343045943296
1322847443659214848
1322890096937488384
1322931176689061888
1322843128123064320
1322949947747172356
1322987842788823041
1323001325135798274
1322817101049057281
1323004651680182272
1322903690366357505
1322917429043933185
1322904776913408000
1323004247479406596
1322900574132674560
1322874355454480384
1322727841662980096
1322993835778187286
1322845993428242432
1322861779874205696
1322883074967982082
1322848474984009730
1322817666026004480
1323021183047127042
1322705514124464129
1322876928781680640
1322831546613682186
1322819469031464965
1322980725205929987
1322905353290420227
1322956952901685250
1322917021659598848
1322853151905619968
1322908833828737026
1322890419668242432
1322990345752334341
1323040488258211842
1322841520274374656
1322755565127376898
1322818721149341696
1322804345147183104
1322970277953839105
1322839942100406272
1322944935977455619
1322904669463711745
1322791516662882304
1322915161368387589
1322976046527008773
1322976623663161345
1323048715062562817
1322981454180208645
1322889960178012160
1323007792261844992
1323031628248133635
1322784097501143040
1322988644836265985
1322821837139677187
1322824586166259712
1322890116432617472
1322949350193008641
1322955915201564672
1322987043245510657
1322959291465293824
1322926881784680448
1322858449357688833
1322994639121588226
1322835053618077702
1322914061730959360
1322848649391542273
1322822913456787456
1322819798225616896
1322870808352559105
1322899100027834375
1322937300280594432
1322822731893788672
1322769286415425536
1322949768134492162
1322951605080174593
1322937241786851331
1322908044725026822
1322854031367282688
1322831312735055875
1322831702654418958
1322818573270716416
1322948505728618497
1323001242340204546
1323017989034139648
1322961134987710468
1322959552522850304
1322910727125028867
1322756042309206017
1322812904681492481
1323010062718275590
1322804212561072129
1322804707941908480
1322967106976124928
1323006954298626049
1322877824731090945
1322710758392815618
1322812451293958144
1322858355933794305
1322758096712814593
1322969608719138816
1322826895558402049
1322979426691330048
1322873546373320705
1323001816049721345
1322950354867261442
1322701889809666053
1322821860141240320
1322946738328686595
1322866916411756544
1322967350665220096
1322861242038575104
1323006369876856841
1323031537923854336
1323033198331387912
1322824925669957632
1322849891907940352
1322981309925462016
1323051319830011904
1322959299228901379
1322985281583304710
1322902245588013057
1322854223336345600
1322860910088695813
1322691979713613827
1322897989569052673
1322979926929264640
1322782426322657280
1322807714121211904
1322897386885337093
1322829213817311232
1322879221421789185
1323010737971843072
1323000277545426946
1322963024974614536
1322993923770429441
1323046490772770818
1322908511479730180
1322877184227364864
1322908915236016128
1322998475215294472
1322987327606718466
1322959200897695749
1322896225830604800
1322812240836308992
1322854384410218496
1322937207766814720
1323049185827082241
1322937506711687177
1322956353757958145
1322902208426446849
1322817658153259008
1322959694454050817
1322861137361313792
1322869512849420289
1322807640674750465
1322702599292882945
1322824398093647873
1322817056019009538
1323003974715351041
1322822497570533376
1322816433911377923
1322835108513140738
1322964248897748994
1322957235111288832
1322936227495059456
1322826231667019777
1323034142813151232
1322897426697564160
1322838344754253824
1322702973173202945
1322806275562905601
1322814336600072192
1322932095019343872
1323033892576743427
1322972553565118464
1322785442828374017
1322691503328808961
1322822798482513920
1322819959022620673
1322977917106880518
1322791800600514560
1322908744989237248
1323000308428120066
1322910485570854912
1322972626948673536
1322995953473888257
1322782731235926016
1322945990735941641
1322692941345886211
1322822314988314624
1322959053732143104
1322994022223384576
1322850533619736576
1323021321186529280
1322926691006767109
1322966543093948422
1323023277418291202
1322859786044612608
1323014386521411585
1322798843029819393
1322873374557831168
1322859794621976577
1322842946337705984
1322946838807326727
1322881080194682880
1322941347301646338
1322804992764530689
1322914899362807809
1322910441568350213
1322824006416977920
1322807834283810816
1322881108246253574
1322809451288645634
1322964012108255236
1322876732521799680
1322827432458670080
1322846550708658177
1322856727658831872
1322753300857524225
1322992558272876544
1322793968254550017
1322937129186545664
1322907245089357831
1322859552044421121
1323021296624689152
1322824100662956032
1323033087052304390
1322808288946409473
1322880212183470081
1322859565319335936
1322729019134124032
1322887595907571722
1322856033698668545
1323014536895614978
1322941686054592514
1322955870871932930
1322866379025010688
1322986005302005760
1322926467685195776
1322973508503244800
1322829217961283584
1322971657275871235
1322887943871205376
1322851930398429196
1322854805400899596
1322802133767512066
1323017796591210496
1322962204036112384
1322690642313662465
1322905880808087553
1322778834954035200
1322968855635988483
1322957233387380744
1322880223571050500
1322985870006378496
1322836395451387904
1322813979538952192
1323007553186500608
1322881466938916864
1322981667179560963
1322988605250424833
1322839091667443712
1322825814845624320
1322996421432397826
1322747985034383360
1322929680379486209
1322948692475863042
1322926565957816324
1322949991128813569
1322934024873103360
1322796082225696771
1322822498501668866
1322892304303226880
1322720962677264384
1322980255410388992
1322887060437557249
1322923728582356992
1322811416852729856
1322764267121246208
1322906023191961605
1323021323711488003
1322831814218649601
1322810988572381184
1322947815186771968
1322859943368839176
1322950891884994560
1323047578271911943
1322980080717619204
1322843059185504256
1322808306969268225
1322829884171915264
1322840451272085504
1322851707232096260
1322773511883149314
1322946951265030144
1322887047175114752
1323035215078588417
1322915867160694784
1322855227180126209
1322836375843078144
1322850632433369088
1322872291064242177
1322987747364274177
1322702207142240262
1322867559872552966
1323003218033606660
1323021564615512065
1323020579029602304
1322926346666999816
1322899022751956993
1322852154021957632
1322975247788843008
1322979340594913283
1322886348383178752
1322862217730101249
1322742431725604866
1322869331332661248
1322889262178721792
1322972359947681792
1322997934951157761
1322982516597366784
1322935487141711873
1322829165964439552
1322955760914124811
1322957663714631682
1323006038564610052
1322841969262022660
1323002229528420360
1322692231984254976
1322816065706070016
1322890907062951936
1322900759890067457
1322799830410924037
1323000192417882113
1322951900212375552
1322871058945482752
1322823920907595776
1322727619746533376
1322831523641499649
1322996573756936193
1322833887358312451
1322934782288945154
1322908785950806016
1322887964905607169
1322882609500868611
1323030933361041415
1322841922323521542
1322881527844392961
1323046690836930560
1322763781068509184
1322960320395096067
1323007625471102979
1322858259368366091
1322836572119670784
1323007751061200896
1322965600793251842
1322989005898715138
1322821896296083458
1323032147826003969
1322932641931427840
1322967839326830593
1322748688133951488
1322707115551707142
1322993885312897029
1322959284355956737
1323015036235907072
1322951312481411077
1322826605325131776
1322697555356995585
1322982889999446018
1322931451277561857
1322927232961097733
1322829237636784129
1322973964914823174
1322926266333466628
1322990518469611520
1322825941970726913
1322832425815334914
1322797949013950464
1323046365212086279
1323035807435862017
1322958521508528129
1322841984063733762
1322998405639987201
1322859581827997697
1322813488641855488
1322903432739651589
1323034665448603654
1322944501359534089
1323041197183610892
1323022973805109248
1322844846894305280
1322979777335230467
1322855948940173313
1322820064958099456
1322935736145006592
1322921508549873670
1323032869674143745
1322932078976081920
1322849787583016960
1322862688045834240
1323049137122795521
1322695399627497474
1322863163419799553
1322857422579486720
1322750243558084609
1322958681525374979
1322955965029928960
1322863853504516097
1322968913072836624
1322861335835742208
1323039211855912962
1323017077779767296
1322848347942756352
1323051531290120192
1322791881475055616
1323030416979275776
1322785672437129216
1322813766753521664
1322884240699260929
1322825461957799937
1323011044969730051
1322808873921765379
1323015334878683138
1322878460721811457
1322798992649052162
1322900298822725632
1322904965485072386
1322918527918067714
1322849477724655616
1322949408531619848
1323023850590883854
1322960198395404290
1323006798014697473
1322934758654042112
1322817261992816640
1322828933730045952
1322908259263668226
1322957387423252486
1322760327365332995
1322918847339503619
1323000966090731521
1322832817278078976
1322965924664791050
1322896770687488005
1322773463631687680
1322699799829860353
1322949036832411648
1322933546470825987
1323025107279880193
1322993821525966857
1323003869622927360
1322795743082663936
1322931774373199872
1322891945115553793
1322949126233927682
1322973789806878720
1322966392296099845
1322714814444167169
1322965970013560837
1322880020298256384
1322955939763335168
1323033773982814213
1322812015300255744
1322983125350256641
1322764619866427393
1323030466723745792
1323034126052634624
1322881392527761408
1322955544911630343
1322851916481789953
1322830577108746240
1322913668317806595
1322693977057988609
1322931101745221635
1322969890093993984
1322830808005095424
1322949129190936581
1322910194997862400
1322910223556890626
1322803003091488769
1322773210644008960
1322811539452284928
1322908965722857474
1322958045618573313
1322961015160643590
1322990497049300993
1323030707476856832
1322868602962382848
1322881874004484099
1322941828807692293
1323041108243435526
1322892677688578048
1322978897152147457
1323044189135949824
1322854515872247808
1322956069925257216
1322809425384640513
1322885768965226496
1322954942957703168
1323037727026237441
1322915666463252481
1322771369273237504
1323018102007910400
1322815674209738752
1323012525303148545
1323013083208495106
1322864205184278529
1322907194816385025
1322816634269163520
1322879220138287105
1322936491610415106
1322818392374562816
1322815247787372544
1322887785804681219
1322817093188943872
1322849807925465092
1322806545936240640
1322926037932642307
1322899723259387905
1322823512084590592
1322905267974135810
1322693671142174722
1322804487174656000
1322859670575472640
1322721688094711810
1322894968684482562
1322691951704104961
1322933024917495808
1323040087391744000
1322885069313376263
1322967763275681794
1322918325911916544
1323048532136349697
1322888410927943681
1322806700940779520
1322850942958657536
1322885771918016518
1322949169141657602
1323020553385512960
1322846985678970884
1322957102172745729
1322786335061610496
1323001104544731146
1322871473405571073
1322971808652546051
1322816924036878336
1322987964318814208
1322853155785289731
1322926018307436547
1322905004861251585
1322846524687196160
1322884211276218370
1322813920256708609
1322923680406515712
1322845330388508679
1322989822412206086
1322890733037195264
1322929953449648128
1322921116151795712
1322838219143131138
1322938754240315392
1322846753784176640
1322828176062631936
1322955906758443008
1322905050394624001
1322861069753294848
1323023436017532946
1323005825259081730
1322696744543682560
1323031340342718464
1322893586879385600
1322868407105183744
1322943172293611520
1322953089394053121
1322793837358665729
1322918275630682112
1322985318929309702
1322855635248205831
1322921111332544517
1322920566257582081
1322986639250128896
1322904218668335104
1322901356278067201
1322823453284700160
1322814401272074240
1322856582032564224
1322948426234011650
1322929149254766592
1322913488587661314
1322873788401410048
1322813844528529410
1322854934400897025
1322922473831178240
1322973284556804097
1322911775050924034
1322962982205231104
1322952674833256454
1322977463446704130
1322811476256710656
1322731493765074946
1322958976049389570
1322827166397222914
1323031974588542977
1322834471490670592
1322987909188825088
1322834874735206402
1322963053613326336
1322948761878994945
1323011831556964354
1322932296228503552
1322818624856489984
1322884965479206914
1322989978679476224
1322862513986428932
1322998985964032000
1322974070493925380
1322782887155060738
1322899573938016258
1322931438149316609
1323035318120030236
1322843780693807104
1323006894324256769
1323027091718287361
1322925480228626441
1322843468721541120
1322827302254903296
1322939136198823936
1322839649170132992
1322984064454955011
1322985354081828866
1322855069994360832
1322816586231795714
1323001090401570816
1322796417577029632
1322845491361730562
1323029988363423744
1322967495020601346
1322991993082044416
1322968324628795392
1322801627628228608
1322920216607817729
1322958440239648768
1322872153512071175
1323031384831729669
1322827513136074752
1322906035972120577
1322988535213862912
1322990789849419776
1322962374710775808
1322990213271007232
1322712703878746112
1323043528843448322
1322869922633027584
1322843151636271105
1322923288545419265
1322904903937888257
1323005097723502594
1322824717842132998
1322956723003469824
1322690330752356353
1322991516906913799
1322971295814950915
1323010221204213760
1322893322424324097
1322919443165532176
1323050209551753223
1322919314996006913
1323011041052282880
1322747100644413440
1322831979763650561
1322823667018027008
1322997892072775680
1322832791445348352
1322993292649398273
1322879567502204928
1322959959873720322
1322855983698378754
1322977660801372163
1322961094156177414
1322992818839818242
1323026912034410500
1322918022881988608
1322856657672687616
1322803534409179137
1322846170646040576
1322829725207769090
1322917027682656257
1322958538793168897
1322806595005353984
1322849948984053760
1322910149883953152
1322794737485680640
1322866566086668288
1322981884633190400
1322810146272251904
1323018611825455109
1322862747130994689
1322898381434458113
1322784007847845888
1322883640276242433
1322985417302511617
1322787256877355013
1322854828398305280
1322872165105049600
1322895227934433280
1322875230960975874
1323026566536974336
1322897890134601728
1322855101896237057
1322908627234099202
1322849971847258112
1322861713599926273
1322910099069980672
1322994059871457283
1322956592480980997
1322838279180279810
1322884096150917122
1322931922360827907
1322813133854040065
1322878095846682624
1322891665313534001
1323022499949518848
1322848938123284483
1323007895215263744
1322912811983491072
1323028999522652160
1322885077609701376
1322902331063705601
1322735815143890945
1323042415943520257
1322762207659233280
1322872385754832899
1323021943407259648
1322877493859164160
1322811951337119747
1322947798044758016
1322873447526076417
1322844795098857472
1322882593193365504
1322808257870667776
1323027093333135362
1322893903465455621
1323035124993282050
1323049781523107840
1323047080030572546
1322964121038606342
1322897670151819265
1322956209687797761
1322940279293431810
1323046814405283840
1322853248768892930
1322816885461757953
1322992181620203522
1322981906330341376
1322837848148611072
1322821791719575554
1322919736011870208
1322832971846553603
1322825852598415360
1322835980215324672
1322983353528758273
1322946876656812033
1322963703403319296
1322900450841108483
1322934448623702018
1322887910987829254
1322864849840463872
1322814556821999616
1322940041455456257
1322857060602695681
1322909919578853379
1322950067674906626
1323044363124039681
1322930863638781959
1322966271420469248
1322786356901412864
1322970309549559808
1323000325293383682
1322840752150482945
1322932447298932739
1323039982693613577
1322898175485763584
1322818528492294144
1322931912785223682
1322903223955529728
1323044720097067015
1322808044850499584
1322716720658894849
1322858488977104896
1322807811294797825
1322957595557187585
1323020202934702082
1322942446012084224
1322991359377264640
1322870261604110336
1322853712424034305
1322945445749051392
1322933170686275584
1323033786997739521
1322829431807893505
1322972647752409095
1323033477021896704
1322725925398695936
1322962129134243845
1323030478664982529
1322894451719737344
1322960646280040448
1322818500524756992
1322978067044773888
1322827701342904326
1322907758279168000
1322921160275841025
1322819304828653570
1323041741658730497
1322690422175682560
1322840205200601091
1322961817526820865
1322989256386686977
1322964028478623747
1322802192366161920
1322934370634780679
1322882731202826240
1322879782783193105
1322968808529842177
1322990934792032260
1322924104807272450
1322921005057220609
1322960309150273536
1322881178362384385
1322892998041079808
1322997245642461196
1322952675315638277
1322956970912075783
1322962981110599681
1322894370375426049
1323048620946563074
1322965628295303168
1322900483342766080
1322908601850146816
1322840808354140163
1322979118296846338
1322873224858914821
1323027130570199041
1322965785925529610
1322781494407008257
1322948635500433429
1322836814793760769
1322956896022728707
1322925463317204992
1322811845816799233
1322992813722734599
1322818547643518977
1322954325908459526
1322819874951995392
1322982779437617153
1322834452150689797
1322904675327369217
1323022444848971777
1322900210230722566
1323009239103791104
1322930241413783554
1322971727014645760
1323003140489334784
1322848682513965056
1322922195673210881
1322948413919498242
1322850273346396160
1322953479858671616
1322792827160547329
1322863398124769280
1322977756150484993
1322995198092300293
1322965303098286080
1322866497174327297
1322830704074498051
1322979197988540416
1322815540856082433
1322868040766267393
1322917900869656578
1322836787916607489
1322988521343373314
1322816021544214528
1322907356020297728
1322878142567063552
1322692577737494532
1322815654886604800
1322971237719703560
1322966930073001988
1322974420818952192
1322824728223064064
1322852629790281728
1322861157791731714
1322870929387671552
1323029920436637698
1322898178224672768
1322931478158823425
1322704548826292224
1323028766390706178
1322898220398350336
1322966472948371457
1323021657414488064
1322865239675850753
1322858962509848576
1322821086803861510
1322976854752534529
1322820133576998914
1322990762850717698
1322931194951065600
1322859583434563587
1322876486815305728
1323023664883838977
1322757578485571585
1322902252529606657
1322846658162470913
1322903669373870084
1323024507423043594
1322957989364588544
1323009754675978249
1322900681964032001
1323039347239751680
1322896208394919942
1322787643642576897
1322926282989019139
1322887460972597248
1322887455406784512
1322863505649946630
1322978202193698817
1323019811719385089
1323051604543721476
1322954372435857410
1322714814607728640
1323028238751436806
1322947326357504000
1322923869871706113
1322814861655511046
1322995143889375239
1322885296187412490
1322831602121138176
1322881385720401920
1322860675388104704
1322820649312788492
1322986652273442822
1322905712004075528
1322815393753387008
1322944861927071744
1322907564548542466
1322928999195152390
1322730665117392897
1322799530782371841
1322957884947419145
1322870058390036480
1323036200215715841
1322849754842386432
1322812461804855297
1322854994719236097
1322876353100828673
1323006112732499977
1322996345158967298
1322807887517855744
1323042949488402434
1322823204411420683
1322714612329046016
1322975324414660608
1322981905856405507
1322821064280416256
1322807437536169985
1323013272799449092
1322856342277808128
1322768682548924417
1322804442035572737
1322797905850322944
1322839030560641025
1322912928262225920
1322696826122895366
1322956421936414721
1322894898845147138
1322837162543505409
1322874451285975040
1322830883913666560
1322988812805570565
1322827712457777152
1322703395560452096
1323030279259328513
1322986443434807299
1322733859910361088
1323010625610670086
1323008227504758784
1322843054181670913
1322921886288912387
1322876748288217088
1322896662713585664
1323019972457713664
1322819501696712710
1323003655595974656
1322906382056722433
1322853959674056705
1322795325740994565
1323009654365048833
1322997887484264449
1322983432486637570
1322812833936138240
1322990137631006721
1322851990255378432
1322918431797186560
1322952376458895368
1322895842165096449
1322970226200350725
1322895278257700864
1322883314605301760
1322986229533728768
1322835157192237056
1322863644196151296
1323049837298933760
1322872684192083968
1322990046962716674
1322873647879651330
1322899054376984577
1322806841571741696
1322966778985828353
1323028386013417472
1322834353051832321
1322999128511664131
1322951419402588160
1322863985662767108
1322772424644042752
1322989356890624007
1322902478950703104
1322958805764886529
1322988527475400704
1322857640704282624
1322846723606253568
1322985196782800901
1322942701424254977
1322965126882988034
1322823144873361410
1322915428180656135
1322851914535653389
1323047746262106112
1323037534486700033
1322972227873157123
1322964022833094657
1322870942096392194
1322782187058536448
1322994675410751490
1322970728942194690
1322912513936281601
1322957410412224514
1323038606286610438
1322841592399581185
1322957121093357573
1322939894738673665
1322930762321170432
1323035206715146240
1322986150726873090
1322972611253514240
1323029471985885186
1323013173742546956
1322899816423301121
1322989828250763267
1322839965340999680
1322925197868060672
1322853462825193473
1322830610046615552
1323039843769896960
1322820234701660160
1322906268911214592
1322835349580746752
1322702917472821249
1322917180837646342
1322835092369276932
1322937478119100426
1322985299811643392
1323013550739173376
1323022120146800641
1322901884940754945
1322814722455068672
1323000252576731145
1322974105046523905
1323015180465459201
1323001890251198469
1322961371064131584
1323021980933726214
1322864554825650182
1322867736796606471
1323033559083454464
1322910859971186688
1322895576887926784
1322862040323624961
1323001480807243776
1322880568145661959
1322926096472514561
1322871224125526025
1322822910369812482
1322947167158493185
1323020231246270470
1322809292282601473
1322863296236707847
1322721382128648192
1322810728366170112
1322965798877614089
1322948349079834624
1322984507620888577
1322957312022220800
1322819374756077568
1322865838848954388
1323027333972983810
1322969894124662788
1322978334163247104
1322940685876662275
1322866155565047808
1322827964401307650
1322988496940896258
1322821393348730880
1322821988247810048
1322956750602067970
1322943029494325249
1322874169240018945
1322871744517033984
1322851456836403205
1322978346226143232
1322853936777334786
1322815069273640960
1322899837126397952
1322824576238313472
1322803012818096128
1323028351771136000
1322891230720778241
1322868910459392000
1322988358403084290
1322720081881739265
1322817472790175744
1322862974613311488
1322960363688763399
1322841156275888131
1322918645383704577
1323004656323338240
1322843066357686277
1322837716439076864
1322973354752643077
1322873833389494278
1322963192285417490
1322934358940987393
1322913279367352322
1322979066450948096
1322806262938193921
1322962896905773056
1322802853900099587
1322880898208071680
1322896988988342274
1323037494917681155
1322928301397188608
1322948547801686016
1322872402511073282
1322989089503744000
1322952229159141382
1322826946582093824
1322750324055171072
1322707705371439105
1322845118978732033
1322992012992327681
1323010559864905728
1322882818586873858
1322860126894784515
1323025037088227332
1322857387871641600
1322904372746035200
1322877517137588224
1323016227846082565
1322839855232069633
1322842915127894016
1322984305187082241
1322971761437298689
1322861874917113863
1322881950802190337
1322930462730248197
1322981866790625287
1322973535644585986
1322858931815931913
1322824713496862720
1322819456696000512
1322897079006580741
1322773311441510400
1322906468358696960
1322711697715580930
1322899587749892097
1322860454847385615
1322969662284582924
1322970785942773768
1322954947873431552
1322819489021480960
1322818204083867648
1322916056785178624
1322763785011081216
1322890261870104582
1323028767409868800
1322881430209265665
1322911739143487488
1322980889643700224
1322939045379530753
1322896973289107458
1322786941205622784
1322907391306981377
1322908200241430529
1322941306231029760
1323015843027046400
1322944452151967747
1323045769121849344
1323033307592929282
1322891845718953985
1322828110044286977
1322830307482079232
1322899455562174464
1323025677487144960
1322986931039408128
1322837278457319424
1322708801397678080
1322863273428078593
1323044890821931015
1322949573241937920
1323022115617079298
1323001907628179457
1322926742227636225
1322844737133490176
1322940803334000655
1322866726946676736
1322977726324682754
1323041273809379330
1323035133423792135
1322721479486808068
1322856215249113089
1323006236917407744
1322944737066786816
1322845518519820290
1322961254944788497
1322712514468130818
1323012815981084672
1322944251265798144
1322864168358301698
1322980180785287168
1322944021812158466
1322766579818549249
1322938065577529345
1322970182063693826
1322967781793554432
1322803005398392832
1322848040705839109
1322879490897444865
1322973231138148352
1322698815221227520
1322866924259319815
1322878794613534726
1323007255428608001
1322870517959970818
1322968614883020800
1322866872707096577
1322898635445673984
1322987577759117314
1323007568726396933
1323017859686158338
1322819270632497153
1322854594616197120
1322852581182496781
1322900306464788491
1323023295567060992
1322961714611134468
1322876595393224705
1323035768231776256
1322888317738930177
1322849254516338693
1323004281943937029
1322949710521446401
1322973478283333636
1322852094819315712
1322769909617729536
1322865830795894786
1322948676399104001
1323040081632845824
1322855513193910272
1322797153962676230
1322741826508464128
1322850303989948416
1322853483050127360
1322821431193993216
1322938241578840065
1322967149544153089
1322954631073378304
1322807246422712322
1322814315892715522
1322999324901543941
1323009164394844161
1322852339909316610
1322897967062437888
1322871802260000769
1323019576620310529
1322961371277987842
1323029805974102016
1322965222995431429
1322975437631508481
1322821474491707392
1323012370495655938
1322922190011015170
1322918436914241538
1322938071541862400
1322927001343299584
1322893982737797124
1323015216939061249
1322921697713000450
1322855534651969546
1322825970089369601
1322787067877822464
1322869016696938498
1322934380772413443
1323051149134647296
1322996929375227916
1322883392866820098
1322962233798856704
1322814136741494784
1322882407356338191
1322898776160350208
1322790710563753989
1322856867857637376
1322863307167014914
1322880347516899329
1322854638618628098
1323001914439667714
1322905019327414272
1322920062756573184
1322817193348861952
1322821858589364224
1323031642395578370
1322868690237427712
1322865560661774338
1322845615676641286
1322780496573702144
1322972754933633027
1322817120909119488
1322930459068846100
1322965158658977792
1322888235777929217
1322857662384656384
1322880869615415300
1322826496562647041
1323025733548150786
1322823753806565377
1322855051019378688
1322895462781902850
1322876145768026113
1322822645826621440
1323020240909963290
1322948620132458496
1322962889423151110
1322832233082855424
1322984201159847938
1322875110173323264
1322910168728948736
1323011661230473219
1322934138563866625
1323013214964228098
1322938901678481408
1322845275413688325
1322856328180748288
1322824626582544386
1322973153992298502
1322959783247384576
1322923381369524224
1322828461774458880
1322977223578689538
1323016615747833858
1322905152404234240
1322913888199938049
1322805454813175812
1322903901939605511
1322830522410782724
1322811530971328518
1322930919775346690
1322938010481184768
1322829928170201090
1322813484678205445
1322924385938903040
1323002965498671110
1322760578788659201
1322878604175429635
1322953198823448578
1322789907966943232
1323015373785104385
1322957768232488962
1322952032647602176
1322708170612068357
1322995789195563008
1322988369350139904
1322879145135820800
1322937679135318024
1322818559463034883
1322787483956977664
1322823861050740737
1322814402492596224
1322866492392820736
1322927916892721154
1322830767169437699
1322709499174670337
1322857339607781382
1322849079408414721
1322885563012255745
1322912462123999232
1322885370476929024
1323033373296787456
1323021068395778053
1322819738523832326
1323022460846047235
1323018000035946496
1322849097666203658
1322825737343217664
1323000296356909058
1323039170802180100
1323004301518712834
1322919339910139910
1322879153390166016
1322853329664380929
1322952456779739137
1323035967293448198
1322891616051470338
1322929437495697408
1322890063974420480
1323051111868174337
1322929703569756161
1322814093619769344
1322866849827074049
1322990018374344706
1322894061842419714
1322806022399033347
1322989600013488130
1322845819029147653
1322822211183480833
1322718064153104384
1322878483924738048
1322839060482850817
1322903441648373760
1322893674552954887
1322804608201359360
1322976833185472512
1322890609443614720
1322904696114286592
1322893839133265923
1322976940983263234
1322973492917211141
1322980861617332230
1322947741518057475
1322988606617780228
1323000139187920905
1323007120749568001
1322998974232612866
1322863867324715008
1322968591562661888
1322945493136216064
1322892497694150656
1322880427749707789
1322913860450422785
1322998311482232833
1322855759231803404
1322752716372889600
1322961843879596034
1322993464720695311
1323022786030411781
1322856402096893953
1322946978783895554
1322957913560932358
1322965239667789824
1322972837540515841
1322896733924286464
1322860812420173824
1322962719209869312
1322917947493523457
1322838524723384321
1322892602547593216
1322901687443640322
1322815509541330944
1322809368585424896
1322830518782746631
1322807169063047168
1322828524345004033
1322772284667502592
1322975603297902592
1322890474127036416
1322897441457397760
1323033542432096257
1322893239393886209
1322817939515592705
1322826999824605186
1322963133967773696
1322935593601540096
1322948120590897152
1323033013735821316
1322963276486103040
1323015560188301321
1322833040708669442
1322796576063004673
1323013021179011075
1322814181192699907
1322902854361878529
1322808204343103489
1322807668780814336
1322836437386055680
1322821479076081664
1322810073069035523
1322956005320392705
1322857785978224640
1322915467238006786
1322896156406566912
1322789576176508929
1322859794181611521
1322855589941252103
1322963691013312519
1322972431171158018
1322969018077241347
1322987148438622214
1322879852186345473
1322935772874448896
1322927366637821964
1322841724268498944
1322961395932188682
1322829388300357632
1323043943999852544
1322913495952838657
1322944152858931201
1323014579237040128
1322953380239724546
1322840808928780288
1322888048179355649
1322745814989627392
1322941875981078529
1322866859386015744
1322882320857206784
1322931870498091010
1322791557657989120
1323042095129657345
1322992147382099968
1322847244534583296
1322720938136346624
1323023255180107777
1322899297478869005
1322841273036869632
1322977688781524992
1322986589627256832
1322741231672348673
1322910787002880001
1322967276145020931
1323041118473342976
1322990066600452099
1323032512017371136
1323007293500391425
1322947400605061122
1322957325381021697
1322838196653297671
1322886831113981953
1322956942252396557
1322833401402019846
1322863319217250304
1322848775388495872
1322881841024638986
1322824861484486656
1322877261238992898
1322902765866229761
1322927377001926663
1322860409804726272
1322720524561272832
1322816334510641152
1322853887066464257
1322830804037361664
1322825423756152832
1322899177274298368
1322791825632075776
1322903095140114432
1322884431636533251
1322807947106406400
1322983317545897985
1322810494055567360
1322855511264497665
1322835164624523275
1322983698686529536
1322944579998568454
1322961912343252994
1322955951603941376
1322817931512872961
1322959200264310784
1322861903534837761
1323020509450244100
1322973760836849664
1322936384487890946
1322960384387616768
1322899856449511424
1322838267755155457
1322971247320436736
1322948846788501504
1322839880246984704
1322935257574871042
1323006206907207680
1323021405282336769
1322882259221970946
1322879604172955648
1323045672669634562
1323022275654897665
1322885482972413965
1322715204581494786
1323030387048779776
1322965646959923201
1322831327096430592
1322753911002976258
1322700440321040385
1322937110723264513
1322963140150239232
1322975440148008965
1323032991661252612
1323031274752270339
1322808522053242880
1322889299981967360
1323023031342682114
1322837343498285073
1322925442953846784
1322922332390936584
1322867792459300865
1322972371792416768
1322745525876260864
1322886036796641281
1322923008936300546
1322993547969220609
1322819993080340480
1322857504716529664
1322852782697795584
1322898541619064832
1322821554623913990
1323041464432136197
1322997790855888897
1323000361095958533
1322859316030918658
1322833531035389953
1323050153885028353
1322860408819113988
1322862098611867655
1322822883933081600
1322789914564534272
1322906504673058820
1323033641631522817
1323021013228097537
1322853891340439552
1322829001711362048
1322902842412355584
1323016936482025472
1322826544771903488
1322934430147760128
1322813732255387648
1322735114493796352
1322917526876102657
1322868114250412032
1322870759715491840
1322853160403247106
1322848996830969861
1322926521078734848
1322997369223434242
1322933653563936769
1322839981149347841
1322828087160168453
1322958427090571276
1322965939583934472
1322796395770847232
1322988735198339079
1322983726813466634
1322827999696343040
1322804144760119299
1322819683582681088
1322976500791054336
1322866077773291520
1322806706951409664
1323032154352340993
1322948960374394885
1322985934837735424
1322944477112270848
1322932039096651776
1322874841880498177
1323006153232687105
1322891154426339328
1322895150687916033
1322840652342767616
1322978934712139778
1322996245707849734
1322922656979705856
1323002695939219457
1322980487481143299
1322819584546738181
1323037034840293378
1322768442617819137
1323021173668663298
1322928957411479552
1323047928462716928
1322918466505068547
1322820554093715457
1322956810668675072
1322907915959881728
1323010841566994433
1322814204756303873
1322921302953496577
1323022907119964160
1323030394393022466
1322845865170636801
1322957507506167809
1322805300974551040
1322747327946379264
1322854602522460165
1322891889499115520
1322864644524961792
1323012341328465920
1322985198888325122
1322959598656147460
1322829129595629571
1322853900962144256
1322717488724037635
1323004419705888784
1323002111223861253
1322955903822344194
1322815348350005248
1322977819425726470
1322857686959071233
1323027459655278593
1322924456319328259
1322858220990377984
1322860967127064580
1322891199250894848
1322855607054016512
1323020729537933314
1322940457156968448
1322757440937566208
1322903163280699392
1322873766339293185
1322982374683086851
1322855437973282817
1322805261741006848
1323010456970252288
1323025048890990593
1322989270848704512
1322910916850176003
1322856044431839236
1322865972995362817
1322835165895426049
1323029039293075458
1322959698853769217
1322889933695160320
1323034102182936578
1322919568285835264
1322810688000135169
1322804635418140674
1322825262120292354
1322946541674500096
1322821020038893568
1322963619932479490
1322950965973102592
1322766954055303168
1322933173978865665
1322870909779255296
1322813890204454912
1322842996786798592
1322808430281764865
1322882710994563073
1322920822722486273
1322866963606065152
1322915965223526400
1322863125109088257
1322823854889308160
1322857986361012224
1322846890556379137
1322853004484222976
1322901223801049088
1322863981527183360
1322962151124963329
1322998296034611200
1322871289158291459
1322986927721730051
1323021003136663552
1322870594212450310
1323039930008875010
1322960189050507267
1322914610467475461
1323014306510811138
1322957839523057670
1322821294606422016
1322700041212100613
1322797809180020736
1322905137803911169
1322977905467658241
1322966681514225664
1323043539601756160
1322900072938512386
1322939211712966656
1322898541950500864
1323015164204064770
1322996359834837008
1322976401583198214
1322784344340078595
1323034012630327304
1322855070753562624
1322957565026803715
1322813697266487297
1322875324712001543
1322869832728121344
1322973178189271044
1322876497762361350
1322938308201205767
1322913748135387138
1322825088538976256
1322851461655597056
1322970288670334977
1322856317145522176
1323020356710469632
1322864263464144896
1322932553570025475
1323000202563883016
1322855107227209729
1322915179936448513
1322811009212534784
1322963559874252800
1322847564933332992
1322986235103686656
1322808836777009153
1323014617216548867
1322829042056388609
1323015358765240320
1323022393221238784
1322993103767326723
1322988635147427840
1322844380055719939
1322982073901207554
1322818568489259008
1322858871732473856
1322815719550181376
1322827569302036480
1322903179424604172
1323030552300191744
1322695520222121984
1322992598278045696
1323002523557470208
1322966196573114378
1322754516333305856
1322933936134197249
1323046131165761536
1322857889007050752
1322997529018073090
1322991642253660165
1322942464584568835
1322842493537366021
1322831809718165517
1322945679254278146
1322990596932440067
1322858807324823552
1322979060054634500
1322850744815505408
1323043704752451587
1322892998372446215
1322860671638343684
1322995668785549317
1322960007965659137
1322762461146189825
1322998469292904448
1322741231143837696
1322885855615295491
1322942592980602890
1322827925117423622
1322803740919975936
1322993705872142343
1323025742557564928
1322832004975570944
1322932182705426432
1322919844384251909
1322991245157896192
1323042419647172608
1323043526465249282
1322879535986151426
1322860631293366274
1322984983577899013
1322893526712025088
1322811157720240128
1323021837224259587
1322783310557446145
1322959803682070528
1322918503507177472
1323012247560556547
1322835905086980101
1322882397633990656
1322927251109879812
1322912718530203650
1322900037630894083
1322870086051549195
1322812718584369152
1322927336543707136
1322851865441177601
1322801329295839232
1322952546185551873
1322873851940900865
1322991753901842433
1323035390861856770
1322991084444786698
1322969324164964352
1322830106868535296
1322937813994737664
1323041134487109634
1322897776691367941
1322831687676547074
1322882831526363149
1322914761407930368
1322695777278480388
1322982212640350211
1322857280518369282
1323050782921547776
1322827595126394880
1322876050909597698
1322934468995387393
1322930810652135429
1322961904038514688
1322799952700035073
1322716063856033792
1322900956548370433
1323024429283237890
1322976766223405056
1322743561570439169
1322944467154907138
1322947256161619969
1323046724307423239
1323043281467514880
1322865009727295488
1323015080930349063
1322824905965133829
1322822432638586880
1322815681256185857
1322903210047250433
1322901201520893952
1322866249551011841
1322831932217065472
1322833019942670338
1322863649359384576
1322997897542197251
1323033654080212994
1322958287235592193
1322814365809152001
1322877919258095617
1322998083848937472
1322861933700259842
1322899704586342402
1322914558714011649
1322813221900791810
1322978991372980229
1322985550996013056
1322922476440047616
1322707616880041984
1322961766490451970
1322816765802483712
1322978706403590145
1322844317757644802
1323021009247756293
1322941070536286208
1322844869694525440
1322871230471557121
1322815071106568193
1322834787468562435
1322926816668123140
1322845879359934464
1322957350496555014
1322808520501243904
1322963204197261315
1323017708942827524
1322969683902013441
1322858196885786624
1323048976648671234
1322864134216704000
1322808943710736384
1322934109736443906
1322951570611412993
1322959715412910086
1322826264609280001
1323005973146046467
1322854314898038789
1323007661428846609
1322934985213575168
1322909008303411200
1322961885570994176
1322947884892016641
1323035112053870597
1322819022103130112
1322827582467940352
1322923488307564545
1322857248197103616
1322853619281104896
1322839938669432832
1322909963757490178
1322767221081411584
1322837789176713217
1322704839248433152
1323023850108575747
1322990468418936835
1322870519461543942
1322815431187582976
1322951361546387472
1322864572429160453
1322923788363796482
1322964620030726147
1322969658731991041
1322856593432727553
1322827077716975617
1322932939013967873
1323037993813348353
1322802737302687744
1323033023835742212
1322880347097518088
1322809820722974721
1322831320804958209
1322855249300885505
1322905921446649859
1323039601683038209
1322828002854490118
1322842474394619904
1322859180412309504
1322965244789116928
1322806525325430784
1322691273757773824
1322855973552300040
1322994815794094081
1322997195054981126
1323041730728525830
1322897546461745152
1322958757865967617
1323005442872791041
1322788000242241537
1322852868857147394
1322800397174669312
1322716032977522696
1322715815779643393
1322895045993836546
1322834390477688832
1322923152549257224
1322806731752157190
1322777118816821248
1322829143038435329
1322873751587950598
1323028511150477313
1322956659703107590
1322853116732182529
1322878041102688256
1323032181724295169
1322970585861935114
1323013924657258496
1322818155257974784
1323050200043261952
1323011953854418945
1322942889396072449
1322986481993060352
1322857218593726469
1322943220268126209
1322860721370255360
1322822379966500864
1323015990750433281
1322820647999909888
1322949997332189189
1322816032587812866
1322855563571716097
1322951765822754816
1322818167371083776
1322909849546559489
1322949574068178946
1322867823539007493
1322817681624649728
1322719646848589824
1322955490838663171
1323018502538633216
1322829381883088896
1322868911461830661
1322721537028509697
1322804223038414848
1322987980496273421
1323001879966543872
1322950307731701767
1322905146846830597
1322944687246872578
1322903772499222529
1322793054160494595
1322948532458893316
1322803134205431808
1322890961530294273
1322841689074053124
1322988743876378626
1322874271107031041
1322845254236721152
1323021737844477955
1322983565546704912
1323030023654330368
1323023596206383104
1322817156275412997
1323025248032358401
1322893592466251777
1323021323153657856
1322980361350090752
1322823688132198401
1322991600482615296
1322885464437755904
1323044964968923137
1322881904044113923
1322972432026796034
1322889138094411776
1322987051227226116
1323005858083725320
1323027953240952835
1322972938581266439
1322816998355718146
1322904438642823169
1322980541264703498
1322864044596973568
1322951271981240320
1322793747789303813
1322839820931129347
1322918535367139332
1323001492777959424
1322935277975908352
1322987526127276034
1322836239859548160
1322791950437830657
1322904463284359169
1322821287954309122
1322850528796225538
1322840070047584258
1322921549519818756
1322871196065648642
1322881362572042241
1322696685445914625
1322923708693041153
1322875218499637248
1322867244578295808
1322955637572198405
1322815394709704709
1322960194494672897
1322969726478360580
1322949773981323266
1322916006906466304
1322862936449261568
1323014909534392321
1322984343791378436
1322821190243811328
1322788150146699264
1322850669385101312
1322977234483843077
1323043679859331072
1322871653651664897
1322819265448214528
1322911625121271809
1322923215237373953
1322944922757070848
1322954399635918855
1322859796857524226
1322924144468647939
1322824159966220288
1322960227654868994
1322998086675955714
1322940178231631873
1322963915106648064
1322929591175028737
1322791673378840576
1323035762518970369
1322878495446437895
1323016737852444675
1322913896424943616
1323006455109152768
1322935454338109441
1322924400656736257
1322946092145803265
1322778264700682240
1322907644483481601
1322852210741514246
1322815105692819458
1322969350702288906
1322824130983583745
1322750100041539585
1322860939918663680
1322781579173859328
1322863118561742848
1322992896925147139
1322806594296598528
1322772131541909505
1322975373492166672
1323023800137617410
1322840147076042758
1322839484212387841
1322853491338055680
1322874997308870656
1323014027195408386
1323015490344767490
1322848191868489729
1322968087877091328
1322844957699432450
1323036594404810752
1322855384726515712
1323029423910756352
1322829317810913292
1322982597396451329
1322983465407709184
1322994303317233665
1322861278331887616
1322813782570225665
1322856502982516737
1322892235797630983
1322861255280021506
1322951321599823875
1322887718964219904
1322835452483850240
1322837205585481728
1322866206685204483
1322734989079969792
1322996599602241539
1322818417318072321
1322823748655960064
1322903867307315201
1322928569434181632
1322981176752091136
1322913830461210626
1322808232914702336
1322900221093908481
1322824054810791937
1322764320321785856
1322860093604614145
1322834708422660096
1322971878550548484
1323038955756003328
1323033124490694657
1322853061136666624
1322794121589858304
1322958878062116869
1323032272505896961
1322896553514803201
1322695401376489472
1322850474249342977
1322866630129602561
1322800497087139842
1322705086305492993
1323047774829617153
1322853052987166722
1323005145865740288
1323011273165021184
1322779363499298823
1322812183076483072
1322720123166330887
1323000595356229641
1322853330138374145
1322811038664970240
1322874666097192960
1322900909198843906
1323024359720628226
1323011330253664257
1322965146734632960
1322837647971201024
1322839409318858752
1322728525787484161
1322869422822969346
1322906460381204480
1322955836541513729
1322855599613366274
1322891940904509440
1322781085256818690
1322706867366232069
1322829636347273217
1322888092878032896
1322878347454652416
1322962499025686529
1323029786671927300
1322862164051435520
1322872943790247937
1323011645644439553
1322805295865802754
1322822489458806784
1322831301255245825
1323011324826259460
1322968502060404737
1322781742898532352
1322824832468291584
1322847153916698624
1322849819162005504
1322896605348057088
1322743739199139845
1322871822879203328
1322908387944878080
1322872703146184704
1322824627832397824
1322962114789679104
1322856036626292737
1322926275531575296
1322891769672065025
1322918762706862081
1322890477889343492
1322856715717693440
1322853675988037639
1322821812229611520
1322955553988071424
1322946252552708103
1322969589123289090
1322962002822778882
1322959703224340483
1322958320282587139
1322810236772765696
1322882408266534922
1322909542137634817
1322864798690926592
1322845102612557826
1322796711924899840
1323010794846642182
1322834468906901507
1322823444942233600
1322855675358285824
1322872278703550467
1322815657315106819
1322989270756478977
1322940169868222466
1322922432550871040
1322915173137555457
1322981836444913666
1322847603579564033
1322936294692052993
1322815634812608513
1323035814083858440
1322918416223797250
1322837241379672064
1322825613867208709
1322842746126798850
1322816815890915328
1322845991675039744
1322993890316738565
1322931812180631553
1322984003176157186
1323026565496791040
1322907047684395009
1322916456124850182
1322817020971360261
1322813935557484546
1322981412413296642
1323019657318641673
1322866812908875778
1322843685244030976
1322836108091293696
1322950186520485888
1322911409898926080
1322863465858519049
1322986324161400834
1322937114422632449
1322917636087312386
1322925518254166019
1322942373832392705
1322831546131353600
1322705777195364359
1323033499046191104
1322742602505048064
1322885749130317830
1322984507360894977
1322915122155847684
1322867040923865089
1322846788588634112
1322792871615975426
1322975866926829575
1322867489529888770
1322968461316919296
1322964450958331904
1322750960188432385
1322859795054006273
1322870116481175552
1322871799017857025
1322851054246125569
1322832073330167810
1322837641793052672
1323005050088755205
1322840812623974401
1322946230230679554
1322952823181553664
1322889451304046595
1322786073836163072
1322880456736595969
1322965547244507138
1322823700232765440
1322836518822694915
1323020148186513409
1323015243770007554
1322807079896272896
1322829356188766208
1322897963207872512
1323024264237383681
1322946503913037824
1322874412203446272
1323017217383026688
1322816556804571136
1323029632988434434
1322986618584731654
1322973862049550336
1322792910685904896
1322842970740137985
1322861108265422849
1323027362888503297
1322869558387056640
1322911121842515969
1322868045396779012
1322838650862903298
1322971195969540101
1322962624884166666
1322925030771200003
1322773551825317894
1322806444354318338
1323052189498179590
1322957060561113103
1322810518105657344
1322903773786722305
1322807031401795584
1322947368246038529
1323023593375256588
1322811989043875840
1322814676556828673
1322923642980884480
1322877799267471365
1322814987690250240
1322946976250515456
1322967294021128200
1322954585821138945
1322863813729964032
1322807028365012993
1322904462093127680
1322982747560939521
1322883345135636480
1322857896108003329
1323045765024022530
1322801091516485632
1322808243639537665
1322884436422205449
1322884313046786053
1322990192664432641
1323033481363001345
1323017057940680706
1322913862841192455
1322953118053769218
1322871662010839046
1322830240465506304
1323012586334543878
1322964521569390595
1322997494851293187
1322833141237747714
1323002656533680129
1322908746989842441
1322955830937980930
1322839236215664642
1322958660297986053
1322897979611774980
1322793531602280448
1322929505669943307
1322965304973152259
1322935726674223106
1322816316437385220
1322858505469132800
1322948123614973957
1322903813792083968
1322843864575709184
1322951722239631362
1322927802509910016
1322884287629348870
1322866863714553857
1322827666391785475
1322894278272700416
1322798879037919232
1322835762849763328
1322974863905140738
1322944093182435330
1322903579372457990
1322821744961400832
1322824386274041856
1322963461610082304
1322805497112760320
1322979077721116672
1322986452809035776
1322881094379819008
1322906640526573570
1322844420220375040
1322820266242826242
1322694605436080128
1323009583418347520
1322962936290304002
1322889330428444672
1322951599866679311
1322816642469036032
1322885909130420226
1322870998912376832
1322950080144515072
1322837015637958658
1322850012662038536
1322955997057585153
1322968566581415936
1323000777980477443
1322798793834848256
1323015211259990023
1323043418650505216
1322991962291666949
1322967755759460353
1322818003013173248
1323006922258325507
1322933079741222915
1322806638915526656
1323009674921316357
1323014201338744833
1322798488246194177
1322879029976932354
1322985739911573504
1322879354498666496
1322965773560778765
1322809895301861376
1322841335481704448
1322892391108542468
1322825237172539392
1322966226419752973
1323015103747219456
1322809260577869824
1323002046245732353
1322864635603800068
1322968577725681665
1322959270749548545
1322937967833419783
1322949409521438723
1322885175559266308
1322807246695391232
1322859328118902785
1322883436835672065
1322841849191714817
1322997037336506369
1322985936372801536
1322948870012346376
1322956218344812544
1322811556229427200
1322829810310254592
1322843298483097605
1323014260977471490
1323011119582240774
1322911259273105411
1322851008691798029
1322710907366055942
1322905259795222529
1322862669830017026
1322734364590039040
1322827723950182401
1322987563641114633
1322840586005712897
1322971445362872325
1322855679430926337
1322823906500218880
1322856574650617857
1322881637433155584
1322970177772859395
1322819505131835393
1323034883405598722
1323006668767191042
1322906273961181186
1323003564109815811
1322824422135341057
1322940094920216577
1322950164483592194
1322924156413947905
1322937598998945793
1322990311606525953
1322959877879320577
1322856651528032265
1322995772279951361
1323047888436531203
1322870997574389760
1323016988587970562
1322957203746205704
1322828954768728064
1322905521221980160
1322858283439398913
1323017100877856768
1322957243281821703
1322690172539019264
1322855137086304256
1322997201463894025
1322822779201269760
1322828745430978562
1322995336340738049
1322893710519111693
1322969924361281536
1323001933905494018
1322848529694420992
1322951634373255168
1323004057762627590
1322905416993402882
1322823371902619648
1322864673885138950
1322854973856796672
1322888073286475776
1322894376117391366
1322819772430602244
1322986745051435010
1323023082227965953
1322904299626762241
1322967024067321857
1322818738236936194
1322951512520347650
1323019394675593216
1322851255023271937
1322860046280204292
1322776724325703680
1322956944328564738
1322930991925727232
1323043397075128320
1322810662154809346
1322945840600809477
1322862084544147456
1322815727456407553
1322862307119144960
1322956941505794055
1322764381235650561
1322934884361535489
1322881155109183488
1322987829484523521
1322917908448743424
1322861059754074112
1322983031783772164
1322984350636527625
1322756575233191936
1322826223165140993
1322918537313292288
1322881309858058240
1323020254348533761
1322816245935316992
1323037621413646336
1322996106750496773
1322965386380349443
1323018543110201347
1322849046755745794
1323027770205741058
1322821159667290112
1322741627035811840
1322932123951681539
1322930012408958977
1322871697855385600
1322871237295656960
1322925144311058432
1322955002126761984
1322954530850512896
1322716989190742019
1322823242323795968
1323034585068875782
1322847325010694144
1322806453850279936
1322956387144577033
1322888073299009536
1322870453577392129
1322932716191580169
1322817372177268737
1322977908936318978
1322808588449054720
1322905937364062209
1322872094397505536
1322824336223461376
1323009016243593220
1323023118802309120
1322895415910563841
1322844293980213252
1322859714661781504
1322866333470642176
1322791270545281024
1322838056391553029
1323001801902182405
1322942073742479360
1322871720060030986
1322921110648852483
1322809074199764992
1322814808442494976
1322987214364725248
1322919331852914688
1323039732146864128
1322906445399183363
1322900662938685445
1323028871000793088
1322929500888440832
1322818822395645953
1322858645323997185
1323022414612226048
1322955674955976705
1322908312267010048
1323012410098257920
1323030392711106561
1322826404740947968
1323004179506495490
1322832002828161026
1322692638395564033
1322885147369365504
1322908897431195649
1322824722137141248
1322910891906637824
1322993904954843137
1322984963965407235
1322956201022443524
1322887094931521538
1323005604907069441
1322848919135596546
1323022104665690112
1322692138921054209
1323024841985810432
1323046725083418624
1323009765191098369
1322874003749556236
1323034950472519681
1322880205980114953
1322839520023351296
1322872897048903686
1322994908207157248
1323033095642243073
1322902044089454595
1323008560633126916
1322701840555905024
1322891301298253824
1322925761507037187
1322815079327387648
1322961567110094848
1322906915261816833
1322828212003610628
1322945663039098881
1322964798745780230
1322986457653534721
1323009578250997760
1322869724821266439
1323018028213276672
1322859574391644160
1322795916563259392
1322725474775273473
1322999600630910997
1322915997792276481
1322868817911967750
1322876982309220352
1322983705485463555
1323030849785352194
1322700271735242753
1323017756317487104
1322947147201994754
1322988476258811905
1322863439442776064
1322945969219133441
1322887975781474304
1322919174440714242
1322966934154022912
1322920981694996481
1322861927249358849
1322803881966010368
1323025298154119169
1323021475297808384
1322956296346357773
1322929829621190659
1322875060793823232
1322998153755398145
1322815388640575488
1322934321699868673
1322962290069676033
1322873132340924418
1322998786151665664
1322997913698541568
1323049384037199874
1322917717612048391
1322962649219534849
1322801045874057216
1322860843088908289
1322824310084538368
1322705924688105472
1322966279897141250
1322990937778343938
1322940049936338945
1322705230669238272
1322981122834313216
1322926912889606145
1322949526894817284
1322858145945976833
1322817850847993856
1322921855100067862
1322911727005114370
1322912124713259010
1322968214540853251
1322840201937494019
1322880353435066371
1322864854408069122
1322743640377167873
1322770353576398853
1322955063439097856
1322896937218121729
1322831056001814528
1322909815857885186
1322878945923108864
1322767830878740481
1322823076350959617
1322992190084292618
1322997424407937025
1322956099952254984
1322947426832027654
1323044382518509569
1322802353356103680
1323024283644399622
1322813309280768000
1322814684211400704
1322947224406495234
1322892856172924935
1322928852792942599
1323028710119919618
1322928763479482368
1322822552423641089
1322890206253559809
1322808491636072449
1322867022561239041
1323028244568956928
1322987732365434891
1322991694854393857
1322985071322767360
1323014165414424577
1322857013030866944
1322689868678361088
1322961899068235778
1322701789343453184
1322784050470363136
1322955637005889536
1322992722597367808
1322878655165538304
1322941291865530378
1322919072502341632
1323022111263330304
1323028438895255552
1322836604159987712
1322897154445320192
1322849848647966728
1322972817571385347
1322842477246746624
1322799275441639425
1322861318584631297
1322966668079964162
1322853133043798016
1322852630071332864
1322908796495253504
1322853461864730626
1323010042585616384
1322881336454111241
1322994505486880768
1322818403745280000
1322860625278750720
1322865619289722880
1322875571324506115
1322875260220395525
1322812722359226368
1322807807826079744
1322881998789267457
1322861503993839616
1322825751616434177
1322846962086006785
1322961766314332160
1322844060156076032
1322813369091563521
1322897803274846212
1322873566073901057
1322815859514105856
1322934073858363393
1322975628606509057
1322752389984722944
1322867117713170432
1322887860886917122
1322726420003565568
1322819974327640064
1322950179255975938
1322967465186516993
1322781885311918080
1323022394630508545
1322874817327058946
1322989794004213760
1322873787105316864
1322948057730789376
1322910063925858304
1322817185199304704
1322848129436307456
1322880113629925376
1323025834593132551
1322867568512827394
1322893315075952640
1322863098026491908
1322860073245356033
1322905376149438466
1322851154632519680
1322998975318937606
1322898753448222734
1322875418983235584
1322929006690357249
1322715085601734659
1322912531162243072
1322906661573562370
1322895228051881985
1322814899681198080
1322985583787024386
1322894399257366528
1322886065955442689
1322955895232471040
1323021272071262214
1322803984793509889
1322752611729235973
1322821871650353152
1322877606191079424
1322898294704644097
1322829168644685824
1322818004913164288
1322808310601519109
1322968778435661827
1322811899675877376
1322809236317982721
1322896427689873408
1323043872629542912
1322982419218268160
1322818698013515778
1322890609716301831
1322785995692122112
1322953265378635778
1322817303520620544
1322699375651528714
1323006151303319553
1322842629084794881
1322929979361996805
1322869524362874881
1322917302392786946
1322821924519628800
1322927667956637696
1322968898455674880
1322985714607394816
1322861519860912129
1323044159876337664
1322847142919229440
1322856610964951043
1322856420111491074
1322753107365974016
1322834753733726210
1322935130307121154
1322885113097703425
1322860185120055296
1323008806733963271
1322775183246217216
1322910186210758657
1322784407548268544
1322887206734864386
1322942467361120256
1322905791200960513
1322772948521000960
1322840313975681037
1322985621779001350
1322947602632052737
1322872723207573506
1322878696882114561
1322729788566589441
1323004849802350592
1323000182120894467
1323013058814496769
1322883056953339904
1322894481285287938
1322895355911016448
1322735358455566336
1322923933486751744
1322950921190481921
1322820973494702081
1322957030970314752
1323004021037215744
1322862110725099520
1322854143137062913
1322974891759570948
1323025467113394185
1322888891179929600
1322852026666127363
1322892907121156096
1322818452390875136
1322754957339205632
1322956298418327552
1322801435604623360
1322910366305800195
1322856179975049216
1322711700546736129
1322775705571217410
1322897209118101504
1322840353406410753
1322938520537878529
1323000221710848001
1322788420687663104
1322876692419981312
1322818254570725377
1322952797487304705
1322807762351460352
1322828542816780291
1322806578978951169
1322843698535739393
1322829155168342023
1322861676954296323
1322815276191277056
1322815204296691713
1322820465321250816
1322868655521189890
1322880541612482561
1322929085929164800
1322834992892968960
1322819860938788864
1322814467621720066
1322896801494716418
1323045474480345088
1322977052232978434
1322991183078019073
1322872478625107968
1322952287426412548
1322846197594398720
1322945618260709379
1322852984724881408
1322858168737800193
1322918292672122881
1322916699146997760
1322944772303183873
1322894127491620864
1322727042329251843
1323018084249149440
1322772085085790208
1322961251664711684
1322856703138910208
1323030473422053377
1322859681786826752
1322819546370220032
1322805117096251392
1323033732417282055
1322874652616728576
1323017529263083526
1322761725083529217
1322857536479965188
1322858114949918721
1322801239818674176
1322872950685618176
1322939025808871430
1323005745693102082
1322968867103248385
1322816160438648832
1322994096932298755
1322889536410656772
1322957568168386566
1322815163708416001
1322826983521296384
1322822889163337729
1322807218450944003
1322990990484013065
1323042363107876869
1322804038858121218
1322883968388268037
1322973070022369280
1322803196394426369
1322962269597274112
1323000761073258498
1322708378360156160
1322698411120959493
1323015020280688640
1322975177504968704
1322842064049086465
1323027352012627968
1323046150493134848
1322921242840760330
1322895921189998592
1323005374182625286
1322692384812130305
1322782747757301760
1322891739263164416
1323023848783175681
1322940859160109057
1322800572018364416
1322837512168099847
1322863795958669314
1322998396689461253
1322869109831405576
1322927521134948357
1323002246351781888
1322714186984685571
1322802174255124481
1322926997476179968
1322911533245079552
1322897586156642305
1322925785934635010
1322715088512552960
1322840912553271298
1322890624861904897
1322966022199136257
1322856245590712322
1322985683057840128
1323016383869931522
1322948169911750657
1322987278256451584
1322807723889692672
1322808467560812544
1322987777819029505
1323017176845004812
1322809982375632898
1322984578030669832
1322907463373541377
1322858227609063424
1322937637745926145
1323030750204207104
1322856475967004672
1322992718486904834
1322909210791784449
1323029692287537157
1322914690213830657
1323008696427909121
1322960612511670274
1322896650445180929
1322835306660438016
1322836217403158530
1322817682627088384
1322994714929434625
1322937469277491200
1322854321298513921
1322888591270387712
1323021371820134404
1322994521060397056
1323021701031038978
1322843982548946948
1322919458508316672
1323014898335580161
1322884868544618501
1322823887369981952
1323026708451237898
1323022446123917312
1322702570239021061
1322769640125333504
1322999470842368007
1322957106715238401
1322960843626205186
1322894404886138881
1322880688983580674
1322981314954469378
1322954970287775744
1322832787876028417
1323022467837923328
1322878101802635266
1323032250309632000
1322861414160191491
1322862869235539968
1322992433622323201
1322972207925088262
1323013181741125632
1322956800476483586
1322928603433213952
1322848854295937024
1322894263617757184
1322814512798535680
1323046937436819464
1322866278932140033
1322867141964681217
1322811736437772289
1322837590962221061
1322809745284177926
1322978261853442049
1323032928138465280
1323007144619331584
1322843907915423749
1322882543788707841
1322980161353035776
1322926652125532171
1323029516969795584
1322936139477561344
1322870699904610305
1322959783150968832
1323014763182497794
1322907270263558145
1322851629201326094
1322999817254174721
1322996769760907269
1322908577753931776
1322829280854888448
1323029800710098944
1322946858524811265
1322871322444206086
1322807780135346184
1323012068501499905
1322812129125294080
1322829561218949120
1322826555953995777
1322851927634444288
1322844400800641025
1322945724183678979
1322800900046553090
1322729180719583237
1322877725590409216
1322903983845969923
1322850760015695872
1322729548413345792
1322737091034320897
1322813361705332736
1322716814854508545
1322882251881877504
1322770113402200064
1323012994251579398
1322994096860995585
1322882045228580864
1322964335271022593
1322975008247959553
1322830006708510720
1323040363884498944
1322981984268881927
1322916245507842048
1322921435090853888
1323030907662536705
1322963883632582658
1322926300978401281
1322819070564159489
1322921281499660301
1323017605859463168
1322844427652681729
1322977942973095936
1322823088967483393
1322962741527748609
1322861396628037634
1322694199574224896
1322796193152380928
1322891243953754112
1322793546848632832
1323004755682205697
1322737657093509126
1322892489121038336
1323003092284149765
1322854969926688768
1322861268810813440
1322902345404030976
1322868807531220994
1322953992624762880
1322956939589001218
1322841317970423810
1322955498753298434
1322881800931344384
1322924718006194186
1322978823412088832
1322987314818277381
1322825295523680257
1322887605332119560
1322911807552561152
1322896826094243842
1323005147140816896
1322922071916240896
1322868922106945536
1322719658999468033
1323023220266700808
1322946467011723266
1322868656699777024
1322911742763159553
1322922540004712448
1323011077806923776
1322945356070608897
1322960182704590848
1323011568385314819
1322817445992812545
1322846328087597058
1322926651576098818
1322768099221884929
1323019620232691713
1322870419037323265
1322891562024636417
1323013313836568576
1322816073406783488
1322985272469016579
1322783488907661312
1322849479297564672
1323008094276911105
1322910392365043714
1322817440879988737
1322990964441571329
1322940416405241857
1322869176441122818
1322875594896539654
1322855538439475205
1322880494434983936
1322698856929308674
1322882046386151424
1322958114732335115
1322896426750398464
1322980902612410368
1322848583880790016
1322945571703971840
1322877826039762945
1323000301083832324
1322899993435475972
1322825958345347074
1322974869483589633
1322810157680730112
1322923939388153856
1323018870920302596
1322940988260843522
1322814597364097025
1322838992837070849
1322954604921892865
1322753018165682176
1323005884289720331
1322885726648913927
1322952402237116416
1323003102275002368
1322794606354989057
1322690275542708224
1322887420623441920
1322879736201289729
1322847894844723200
1322857721905979392
1322814410092675074
1322919838533230592
1322969342829613061
1322859505252732930
1322852791275180032
1323033040889778181
1322851349093060608
1323031799971414017
1322940180093960193
1322983054357528577
1322894661309079553
1322866036639698944
1322963394543177729
1322801539577163783
1322846909707505664
1322950327436513281
1322873889249218564
1322873197650464768
1322881448865652743
1322827000546025473
1322938260713340933
1323025521748443136
1323021504284688384
1322875664656195590
1322789863243059201
1322979440595476481
1322858399571283968
1322850160607637504
1323008775184355329
1322809135822479362
1322963871204868099
1323008248291696641
1322868439967563784
1322815171111407617
1322826344628183040
1323016559888130049
1322972804296413184
1323011827702398981
1322699105290850304
1322850430242689024
1322869913481072654
1322842915429928960
1323029223712370699
1322814035037999104
1322906975005483009
1322982893619191808
1322957391453933569
1322848843596181513
1322777855919562754
1322997135734878214
1322920348296368129
1322986970335895562
1322858345875857409
1322836707268546560
1322912556407758853
1322720065473699840
1322862271710846976
1322858726278180864
1323002726700240902
1322801131890888704
1322835877501034497
1322701482160959488
1322850688892837888
1322872198571458560
1322960439962148866
1322818123574161410
1322933512153030656
1322998509772177412
1322857886549245953
1322957553500901377
1322881264295268354
1322829558534623235
1322876640016408578
1322803170846932992
1322964443765067778
1322858310748545025
1323001012324622342
1322830475581444096
1323008398988840963
1322853037363351557
1322837870982451201
1322926455148453888
1322917472702500871
1322852879615610881
1322878809004216324
1322917394902405124
1322851139134607360
1322866859595735042
1322912104119259138
1323001336758226945
1322982755425288205
1322854213349769216
1322814725139423237
1322966494167371778
1322965533369749511
1322838768685109248
1323026749156921344
1322857358998032384
1322852949996036096
1323036245493166086
1322815103062974465
1322868130226601984
1322950523260149761
1322876650590265344
1322988881915138052
1322818476948525056
1322886075136827395
1322828197252255744
1323025103626686464
1322947548106104832
1322920268227117056
1322692198161408000
1322843515806752768
1322816187802243073
1322935167594438656
1323011473543757827
1322911088476913669
1322799801885491200
1322961491876814849
1323000757784895489
1323000237997334536
1322818745023291393
1323033957496201218
1322892875106058240
1322975961588092929
1322983959899328516
1322944389560324096
1322929357380292609
1322988155042172928
1322828593605521409
1322754307104661505
1322952421799284736
1322992877153210369
1322987496574246935
1322868387354157056
1323046581772451841
1322848356637560832
1322940957134827521
1323017139457036289
1322836240325107714
1322862517245386754
1322934291303727104
1322845954177982469
1322870933217050628
1322850792601276422
1322882993069924362
1322861333109444614
1322949140876242945
1322853505502269443
1322693008425443328
1322889656850145282
1322891724314861573
1323023794307502080
1323028723726168065
1323002453198032896
1323001926867439617
1322969129654116352
1323012953617190913
1322976776461656072
1322936802244743169
1323032462797262849
1322891567154253828
1322735798354092038
1322829272281657344
1322853411629502470
1322779824268681217
1322882627746078726
1322830861310566401
1322807467424841734
1322968220412874754
1323030186590392322
1322907140399517697
1323005646090964992
1322861364390596608
1322817694547251200
1323045528272252929
1322947661725634560
1322837265383608321
1323010720804540419
1322874016235954181
1322971834053238784
1322995206791303168
1322796738269372416
1322759133054066690
1322986068724060160
1322734013602242563
1322884553179090947
1322817860415201280
1322896717554003971
1322990379596132360
1322985369667850241
1322879032489398274
1322838742466482176
1322919425490771971
1322853224366354432
1322980738782941192
1322862671373455364
1323051822530088961
1322950419987996672
1322701415844904960
1323035564497608705
1322861171419029510
1322897749415776256
1322913581323767809
1322833420985241600
1322819945336627201
1322939712269701121
1322919794878914560
1322879265604591616
1323017088479449089
1322933498584436736
1322743771587616770
1323038984319225856
1322897204206575616
1322977948736114692
1322956214741946368
1322746129956573184
1322814647918055424
1322984680807911424
1322927888623128588
1322949579969568768
1322832370161078277
1322934375999307776
1322919210880819200
1322928175719063552
1322911138493927425
1322830833309372417
1322848339956813826
1322939349336494080
1322900604386222083
1322962298236010498
1322710128198561792
1322828036635545600
1322825468777766914
1323030541185306630
1323027046533111809
1322906862849843200
1322984537052356608
1322857424689287169
1322871906584924161
1322854733623808001
1322879003750006791
1322928132555493378
1322920927265464321
1322817164949266433
1322863474234531840
1322819946196422656
1322873792973180929
1323012678563045376
1322999955913613312
1322870041776443393
1322975641906647040
1323012126261317634
1322808612427833344
1322851269497786369
1322918072513122305
1322992795095867392
1322959521933832192
1323041546002960389
1322980111231180803
1322897224259522566
1322831987036557313
1322984722876796928
1323032064715857921
1322945570324074503
1322833144375091201
1322854904550088704
1322881513969520640
1322967872629547008
1322945036787589128
1322878551390101506
1322838924071501824
1322863450612289536
1322930495227908096
1322875327601954816
1322883120992034816
1323010857786290176
1322806593214423040
1322926079443652608
1322929592412393472
1322864024019755009
1323023838637137926
1322856952804843520
1322983858644680709
1322924789162496002
1322839302636711936
1322924773068939264
1322830385210949633
1322934633621839874
1322982354370121729
1322794792242339840
1322820665301520384
1322965298052554752
1323033738146709506
1322859268622745605
1323024933845372929
1322908257879527426
1322956889181855746
1322966223269863425
1323024349587275776
1322998251663085573
1322996754917240841
1322992233025515521
1322821918718889985
1322956135264116746
1322852813483986944
1322833865392738304
1322825125356589056
1322970904616488962
1322893970268135425
1322963184085590017
1322935521866375169
1322829482592448512
1322956110408617984
1322841562389336074
1322929593582497793
1323049494741700608
1323023862355865600
1322852283051364354
1322873880642494466
1322808793592451073
1322986250140295169
1322807259085344775
1322930453591003136
1322706017608716289
1322920060260929539
1322977286061260801
1322912488892104704
1322806214053531648
1322937704062046210
1322945359505772544
1322806830075121666
1322979174659854338
1322886656379232260
1322896164224671745
1322840479747231746
1323028724594462725
1323007616918921216
1322817347015626752
1322909349270953984
1322958924690186244
1322964439310733312
1323039914569605120
1322705848418865152
1322967309204430848
1322720973418876929
1322819154106322944
1322852349354889216
1322859476878282752
1323003656522924037
1322884568127590408
1322965930456985600
1322856711590391810
1322823329720487936
1323039987831590913
1322797790553133057
1322879452637024259
1322775654652325889
1322955940610646016
1323034419591073794
1322838844077690892
1322904698173743105
1322866173361459200
1323052003988328449
1322854252780359680
1322987540199211010
1322896049896361984
1322969414648631296
1322858999621058562
1323038457762074625
1322915609420718084
1322827885787447298
1322863800928948234
1322902436017786880
1322828007313039360
1322807893553545216
1322981173098852353
1322825551355236352
1322913175919087617
1322907004948545538
1322882323940057089
1323027086165114885
1322979517695143936
1322906626941222914
1322815017369149441
1322920105517469696
1322691922054516736
1322901471273340930
1322859251648385024
1323032222350397441
1322795210292760577
1322975889207025666
1322871722098524160
1322842255707832325
1322891877541126152
1322831207332253696
1322851586016792576
1322792978654646272
1322855605636374528
1322847460553871371
1323003499311964160
1322861494921498629
1322876255524524090
1322957277293350913
1322800024116482049
1323035908866756608
1322835421529808896
1322814277430947841
1322817574653042688
1322975258765381633
1322855979327852544
1322810950567821312
1322989385076396035
1323022838304022543
1322907579153076224
1322965497600602112
1322806717185318912
1323002282926088194
1322814742763851777
1322989418160992257
1322834708548472833
1322873577163640832
1322969055515598850
1322819981189488642
1322840599192604673
1322845981382221824
1323019195781652487
1322896950757306375
1322754244433227776
1322827891562942465
1322804600999694342
1322859288776368128
1322955904631918596
1322854476500422657
1322968392614162439
1322816103626821632
1322930318760955907
1322818062001852416
1322961432946892801
1322753942116327424
1322963982764937219
1322831176499929091
1323021399099904000
1322909117489532928
1322806805542699008
1322719574547189763
1322824079305515008
1323030105178988545
1322960507897323520
1322934448153939974
1322809676564758531
1322795409618722816
1322967376598622225
1322891962073124864
1322944066162741248
1322985826054295553
1323002539089006600
1322979899557191685
1322980845158805513
1322785876930428929
1322730537589608449
1323017873112109058
1322963286657277953
1322816356727857152
1322849152527704069
1323013264712806400
1322929029251477504
1322802894425460737
1322917604130983937
1323013055228354561
1322895398718087170
1322887460880306178
1322851200107220992
1322826823399575552
1322899897578905602
1323026468105003012
1322814996645060619
1322908154238296065
1322875300691271680
1322772744786878464
1322811891421483010
1322949065231994880
1323007581917454340
1322942646550147077
1322929269241204736
1322782796696477698
1322944601725030400
1323035546910892032
1322971270363963393
1322997486068420614
1322859954840154112
1322801099758313472
1322873066427453443
1322827859950329857
1322812413180260353
1323037104943882241
1322917059639070720
1322828818453798915
1323040185760690176
1322902005950619650
1322981724746358784
1322939081102417920
1322720106603028481
1322807886943309824
1322695380769873920
1322836437625176065
1322818868700741632
1322917704953696259
1322810179306639360
1322899526815014915
1323000294947590148
1322963133812625409
1323013071418368008
1322882801629364224
1322874223996665856
1322881853817266178
1322956031924838400
1322872004219932672
1322855108938485760
1322921233722286083
1322967944981143552
1322878436248031243
1322790604636672000
1322890892903092230
1322931121575862273
1322985733066547200
1322839553120632833
1322993902975156227
1322824831201673216
1322934340611964935
