1324126080882671618
1324020321175949318
1323970588264771587
1323944626714279937
1324110046737977357
1323901366901919744
1324081734552571904
1324076274055368705
1324002573964267520
1324105218813005832
1323787287667351553
1324033311631679506
1323945969340370945
1323959145553371136
1324039680770408450
1324006498280898561
1323875382949482496
1324104252885794816
1323933955482157057
1323901043193769985
1324017988194938880
1324011399912239105
1323957164659146752
1323935264717344768
1323983372830576641
1323945166684770307
1323905038188773378
1323903523373895681
1323900666033672192
1323880644057964544
1324011576840642561
1323941490255634432
1323917320822181888
1324094510482280448
1323863629117227008
1323997612446535680
1324078910271881217
1323966778960207873
1323916037704896513
1324116078453231619
1324065106423173125
1323998511726235648
1323780770297774081
1324046039289090048
1323970763641122818
1324022375688654849
1323919725055909888
1324091272689340416
1323971524479447052
1323990507509469184
1323802428026748928
1324127703281340416
1323993687542714371
1323798388287131651
1324016492913053697
1323978749516369921
1324088207034753024
1323932629926891521
1324004355427753984
1323949720897806338
1324051253362655234
1324087004791894016
1324078406041030657
1324108591108935683
1323975117597233152
1324106998498103297
1324056062367092736
1323896389210963970
1323873967418101761
1324048118997024770
1323932482400636928
1323989737808551936
1324114901221232641
1324044805941293059
1324002356757893126
1323984170998267906
1323864336759181312
1324073799860527105
1324134309578579968
1323951810076241921
1323904467226558467
1324111663096832001
1324097352148418561
1323920948559515649
1324040961509523456
1324110738798092289
1324107162906513408
1323984667327057922
1324110046247211008
1324125986712096768
1323957028335869954
1324078721305878529
1324070767185854471
1324064920376352768
1324007888755589122
1323790976620613633
1324051364310355968
1324074425801678850
1323866988603756545
1324097532725743619
1323981838306709504
1324123142596435968
1324033169029582849
1323806280432177153
1323901983548416001
1324128652641083393
1323978046827765760
1324123232253956100
1323939380713717762
1323969506159529987
1323917542738534400
1323806683378966528
1324121709956501505
1324056925533687810
1324015365450616832
1324022615984537610
1323983521438978054
1324057476606664706
1323923605953126402
1324027400661979140
1324018699372843008
1324123694009114624
1324027789528518656
1324035183566344193
1323908104766017536
1323914463792254976
1323894639401832451
1324117716094115847
1323957835571539968
1324019874721636354
1323891765699633152
1324104144433651712
1324082409609039873
1323977577388822528
1324113494178934786
1324108679273172994
1324098155412135943
1324018777202319366
1324095435124989954
1323984091201605633
1323956623589675016
1323917674800390144
1323904444652789760
1323943090126753792
1324059752591220738
1323809972615000066
1324017401604825088
1324059939560660994
1323969180211810304
1324071834443304962
1324032440101384197
1323928893313716224
1323911449392173056
1323927724306694144
1324015389848862721
1324075068385878020
1324092305255653378
1324118070038876162
1324038062507200512
1323804930260541440
1324048773585248259
1324021193591181313
1324074421611646982
1323958841948733442
1324020773372235777
1323908780803952647
1323956616186777600
1324040016490889217
1323885924187545600
1323951698080129024
1324044407415414785
1323877471897399296
1324064435867103239
1324059762540072966
1324118114208985092
1324067691251093507
1323956966188851208
1324048384580345859
1324083308825858048
1323939813041577984
1323983926411538433
1324093087581380612
1323876889929388033
1323992536977969153
1324054579240144898
1324053144733704193
1323919362152083457
1324057628054609923
1324021217343508480
1323935225269936129
1323874615769387008
1323911475006787584
1323892028380487681
1323959478115553281
1324019737530142721
1323797589632995331
1323939077146746880
1323881097390919680
1323988193017024514
1323811738354098177
1323906306286170113
1323787429933961217
1324094742737702914
1323867790428774400
1324048800432951298
1324085798304624640
1324103051234390016
1324092019493449730
1323984759861727232
1323965830099542017
1323888531559862272
1324059842345115649
1324110026366210048
1324020808981843970
1324072663267115008
1323898250194276354
1323917095395041280
1323787819911970818
1324009232442806273
1323948594211311616
1323805368821141505
1323878191363203072
1324100042412728322
1323945073869029382
1323977506177896448
1324023609824808961
1324120339291451392
1324054588337565698
1323946398795091968
1324091002026643464
1323969616893353984
1323895126859665409
1324120643005276163
1323791255416016898
1324013419792662530
1323977826232655874
1324028519387697153
1324083737831899137
1323979980058038273
1323937352931250186
1324039114891644929
1323897511002726400
1324017729809063936
1323949052820684801
1323894018498039808
1323956387060305921
1324044070789021700
1323964285752643591
1323957861915992064
1323865308445265922
1323971066356736001
1324103964154056704
1323911999361875969
1324054431743303680
1323826352819261441
1324071048011255809
1324003391211769858
1324075398666297344
1324017843151740929
1323892417209225218
1324013461282717696
1323905335455895552
1323997537813094400
1323953436145012738
1324123549444001794
1323911526122770432
1324077464604282885
1323935815542734849
1324076010703376385
1323900750129516549
1323999554153447424
1324056032021254156
1324003614663331842
1324091085271011330
1324038931629957121
1324122236173881347
1323999711414657024
1323913600432541697
1324091051381035012
1324110670787469312
1324089152070189056
1324076090520948737
1323940680104857608
1324012438606483456
1323918279556141057
1323920420496617472
1324068691139584000
1323864616305336323
1324025058835210240
1324024665451450370
1323978456464543745
1323949861029449729
1324033230572576770
1324051398397513734
1323785199491178496
1324070019349827585
1323997941900713985
1323996504701456386
1324019307999875073
1323835858991173633
1324093977683988480
1323817065824878595
1324136917554860034
1324028071641522176
1323793408641667072
1324103627997413376
1323947900246740992
1324066883604275200
1324115589800038404
1324077528731013122
1324077218281234432
1324099349241040896
1323922690340720641
1324020898962329600
1323910653036367873
1323929179432378373
1324085846769864704
1323949467247300610
1323885875663548416
1323958714018258945
1323977814354190336
1323921977854275585
1324105986521653251
1323900409065472001
1323796664654725123
1323929613148561409
1323967739631968256
1323956135238475776
1324000015237480449
1323834909341945856
1324111875114733569
1324060391601774594
1324049479218171904
1324112708275478533
1323872011270180871
1323921905599078406
1324093865406681091
1324032794838925313
1324085365402198017
1323881096669548545
1324116760510038019
1324084358907645952
1323918260602048512
1324040818248847364
1323874713010057218
1324094160517898240
1324040768747638786
1323947239375589376
1324021431513042950
1324068739214696449
1323968512159789056
1323979124692733953
1323853106480893955
1323997893250994176
1324102775668645889
1324018794981969921
1323880958379118595
1324117814605656072
1324129123426541568
1323993508018032640
1323923426302660608
1323955929059102720
1323940098707214337
1324072017033891847
1323936134494261249
1324066434524176384
1324091047786409989
1324036013254213632
1323968787998298113
1324086438938497027
1324101706934816769
1324133761160720385
1324080154164023296
1323891270134173696
1324073541021687809
1323944828456083456
1323938284926607360
1323935766955859968
1324007680583847937
1323972544303636486
1323989577200242691
1323785088287576065
1324071153716076545
1324045347052752896
1323797387589128198
1323804436888694786
1323950959496749060
1323988825471881219
1324092483651981315
1324069285631852549
1323994905329442817
1324123288549924871
1324092807573917702
1323895349283532803
1324072946051260416
1324077736424546304
1323997135940014083
1324105950962290691
1324103690727395330
1323960290636124160
1323968211923144704
1323977235695607808
1324088467945594881
1323787507948048385
1323790897776103426
1323900239703646210
1324093353533820929
1324103389395955712
1324002522021986310
1324110826194804739
1324008172605067266
1323905502938603520
1324055459742048261
1323929609482678272
1324095012653715456
1324040197047275532
1324095569166565377
1324116878877433857
1324083910049996801
1323952336306319361
1323799199587119106
1324072441010946050
1324020782238961669
1323995282586087426
1323893576137322498
1324103693793480709
1324041211628441605
1323931230157459457
1323996160877600772
1323904706192773120
1324101431146782722
1323945053564358656
1324111207373168640
1323940843292602368
1324126429064368129
1324032507331960832
1324042217888063488
1324117371435524102
1324101407805505541
1323897954265141249
1324137055836917761
1324101432597979138
1323798980459925511
1323980800329682946
1324117508652191744
1324009271823110147
1323941114433470466
1323867414279475201
1323885542791106560
1323899717756047362
1324037127739420674
1324049014363463681
1324075695346229249
1324080776372232193
1324117673358360577
1323995308687302656
1323930679185473536
1324091196264906762
1323938509758074884
1324063295406571524
1323990422599929856
1323995067770691589
1323787987054927875
1323997899907280896
1324075128142073857
1323955468767760384
1323942226578206720
1323892689205690369
1323925719039250432
1324113323219210243
1324029317349781507
1323997943657984000
1323858088026361857
1323898752386695177
1323957441852223490
1323920232243757056
1323993580365557760
1324018395797479424
1323878457621815297
1323789341441826817
1324004536781017089
1324137007434653696
1323985954693128192
1324091049355214850
1324114859118788612
1324067711815716864
1323966105270906880
1323797208785965058
1323879404515266561
1323904390391095296
1324048446786019329
1324032063587102722
1324017221606191105
1323956628996165635
1324006968995074051
1323896689225322497
1323966470926290950
1324131274223685636
1324061514001731584
1323928920991899649
1324103640311865346
1324058807723610112
1324099835872616450
1323911096961478656
1323967145122975751
1323955462484709376
1324020614307450881
1324000612573392896
1324096005248372738
1323991788990943233
1324109584341082117
1323937890896928768
1324046219887415304
1324085266974412802
1323890566573281282
1323797688673017858
1324133973568688128
1324054567051546625
1323945409195245568
1323873163172872194
1323974077724434432
1324011774228783105
1323870730291945475
1323899544841715712
1323936581972070400
1323897224980553733
1324084445318696963
1324122720267866112
1324074698615984128
1323918437035495424
1324003465878798336
1323917716894482432
1324006343074873347
1323879228161597440
1324094035015905285
1323944789532938240
1324016301384359938
1324116300554248197
1324048852740198400
1324061471865798662
1324006146726940678
1324079074696929280
1324133408558075905
1324004494817021954
1323952646827446272
1324026252999708672
1324008921397403650
1323959496385900546
1324052179649441795
1324111992844652547
1324077911092199432
1324083663206842368
1324118392819847172
1324096290339377153
1323983497036517376
1323922568160706560
1323918253241049088
1323910158674726912
1323884634426515458
1323792868604022785
1323982569457786880
1323878174917275652
1324079558732206082
1324114298742996994
1323865071970340866
1324125304772853761
1323785016749527041
1324054821436039170
1323799237172334592
1323906191102218240
1323898616298221568
1324045235761123329
1323787882293854209
1323997885881569281
1324046607952809984
1323983846744985602
1323906297943740418
1323804440051277824
1324033069859414016
1323788372213669889
1324090889640333312
1323972749979766785
1323902357546164224
1323985599716642818
1323783657740554246
1324106130906353667
1324064380565282816
1324023613620563968
1323918736315830272
1324118307050586112
1324035722232369155
1323940678200676357
1324137270207721472
1323947942642933764
1324062981949448195
1323902848254545921
1324071219453448200
1323981914441719808
1323958940321878017
1323966871587213315
1323889158239195136
1324109626665799682
1323965020091244545
1324079723002142721
1324014828323819529
1323966156609302528
1324075546263826432
1323996037992849408
1323917660778909697
1324116247286611968
1323965548259135491
1323985207360368643
1323940921663082497
1324095613659729922
1323874626406092800
1323984330146926594
1323893285618855936
1324131939440381952
1323894087938940929
1324092395038846981
1323990142772797442
1323839414674534403
1324104719908904961
1324095840097574919
1323949709275385856
1324072481737506817
1323925718477262849
1323959105065811968
1323933782890717187
1324099196824281088
1323942221222170626
1324122604194668548
1324028643283271680
1323982102195507200
1323797246614376452
1323948105528651776
1323882473818902528
1324112042312257540
1324102843608014848
1324064965360295936
1324094028246327301
1324100924281933824
1324117826978930689
1324090425481793539
1324041065989627904
1323979887863078912
1323965287671222273
1324033645309472768
1324102085164617734
1323961833762496513
1324091200538902530
1324020352381526018
1324114850822369282
1323968870961598465
1323990871914827778
1324062599651184641
1324012065254707203
1324046359071199232
1323962773425004546
1324084724923572224
1323864033964023809
1323962647591686144
1323873004905025538
1324110746322612224
1324048182742011906
1323935894815055873
1324107771973959683
1323893336432848896
1323946341433778176
1323789424778448898
1323946910206599170
1323968612512731138
1324001901462118411
1324049049318838273
1324085850985111556
1324092497354805254
1324017824608718849
1324106784026562561
1324110994365448192
1324046307078610947
1323832368415805441
1324089760831463428
1324032225034358791
1324048116245561344
1324030792473976833
1324128670710140928
1324082871947190272
1323951075502817280
1323987371025559556
1323931432071372800
1324018466999992323
1324047687210147840
1324017773635342336
1323994994194190342
1324002886678945792
1323785421931880450
1323976887576776704
1323952597519183872
1324093891897892864
1324036788671913984
1323928964906295297
1323898217910685697
1323885700043997184
1323949860211560449
1324031590998093826
1324087470078763008
1324089593940115461
1324005059257126914
1324129670305120265
1323968611610931202
1324003466596024320
1323922425520807937
1324001508434862080
1323937286145380352
1323998896201322501
1323969794962558976
1323955785458716672
1323959411963027456
1323863081081053189
1323995574153154567
1324088129662443522
1323880539020034048
1324032942717456384
1324011134274441219
1324051478789660673
1324048644358721540
1324046718334361601
1324086227574947842
1324081275347464192
1323780750286749696
1323901461026295810
1324089082054692867
1323897620264329216
1323877821345755137
1323910683839369216
1324073417084198919
1323872326337892352
1324010732820877314
1323899649942540289
1323986310105862145
1323960241982218241
1324116028947898369
1324122312099176448
1323784797295136769
1323904776313200640
1324008412250779649
1324111840692109315
1323975795056865282
1323852545488523265
1324081501596717057
1323910602490810370
1323998967475118081
1323973855841554436
1323968495663591424
1324019969475174400
1323890037298204681
1323975123922276352
1324110734339510278
1323898863867043841
1324014974595903490
1323995191733329926
1324093708267098118
1323788188356366340
1323981228538814465
1323956073355792385
1323912773026369538
1324110852363063298
1324050151091113986
1324070336200101890
1324004486172594180
1324098908742713349
1324050643267571712
1324085425208741889
1324078344586055687
1323990234338631682
1323876575507525633
1323995000959574017
1323876819716755456
1323979490071109632
1324131165201190912
1324109047717646341
1323963743487827969
1324061173004816384
1324101852653379587
1323989630161686528
1324019595653636096
1324105205781274626
1324106076040663043
1324072021492465669
1323959423132487683
1323946029616664579
1323955923895881728
1324119840735567873
1323960584937852929
1324107958008107009
1323956946098151426
1323954025075822593
1323915620556115968
1324008085111844866
1324026482428121092
1324092216646709248
1324101209918242817
1324019962097250305
1323977170063118337
1323963173574266880
1323857743971786752
1323960286789906433
1324028078218203136
1324127623480565764
1323990126180110339
1324006273889804288
1323983241653702656
1323967587659730944
1323904427619688448
1323939649568542720
1323876626787086337
1324089324015624199
1323997187295031298
1324060692383748096
1323995810913288192
1324060561404055552
1323853785735827456
1324017994637418500
1323955195160702987
1323920484782714882
1324064464732389376
1324101674554765312
1324097100179742723
1323784822410645505
1323879684631891968
1323900589261135873
1323969372776472576
1323913527682342912
1323913711648755713
1323977418969931778
1323958048830988289
1324070089495400449
1324026838251982848
1324076568298328070
1323877300677599232
1324014952189960195
1324082177315905538
1324137856340774915
1324087108945018880
1324093051074207744
1323944456228360192
1324073549070508032
1324078778914660355
1324071628951703554
1323876835097280512
1324129407875899393
1324092486537666563
1324092162330513409
1324045697327501314
1324000088570667008
1324115024122695680
1324034176346181632
1324070999562821634
1324020891907432451
1323933476605841409
1323914756848168967
1323955657905786882
1323782872390684672
1323954866226606082
1323987344349945856
1323988563512483843
1323968630451822592
1324073090922483712
1324096588097212416
1324031603262316548
1323899096512548864
1324046501283303426
1323915776106156032
1323984324471959555
1323961497207394305
1324077549689995264
1324021091807993862
1324041118678482944
1324032867995918343
1323877087137157120
1324072786009227265
1324090169759305729
1324004311026774018
1323962418863722496
1324027805194223616
1324054296724463616
1323951334375174149
1324116850939232259
1324002179846414339
1324081627115540484
1323997215895990280
1324081314610425857
1324000212810190848
1324021921063849984
1324003709391642631
1323877336635363330
1324085126821720069
1324131940363083779
1324107897756884992
1324135076700033025
1324043123924881409
1324079084830412810
1323841066248949761
1324064397233393668
1323823318907211777
1324048482097897476
1324078180131655686
1324038594084904966
1323993772217274368
1324119908393910272
1324040021616283649
1324086475546365954
1323994568879165440
1323960579686543360
1324043713639817218
1324105954938527751
1323922306180227073
1324009141883473920
1323948398047858688
1323898869948796928
1324072985767063552
1324088249468538880
1324040521845776384
1324102141716430855
1324092985278160897
1323969019305746432
1324103883350822919
1323971377075015680
1323978438391287808
1323931002293551105
1323953865146990593
1324049577138360320
1323913601577570305
1324074123090370560
1324046135913304066
1324004738938130439
1324120378445307910
1324059154655432704
1324005837191479296
1323935519936577536
1323994545944629249
1324104716251484160
1323901330432401411
1324041460791021569
1323896217852665860
1324068510549630976
1323918538994835457
1324019852206612490
1324060531318235143
1324004387992313857
1323999294597353472
1323934073715331073
1324050868510068736
1323900628440092672
1324088341789396994
1324026009511989255
1324098418709565441
1324053794200690696
1324075413598076928
1324088844875112460
1324112310747713536
1324005785844830208
1323979399742541826
1323875425391681536
1323874411049558021
1324051250942529537
1324041967739822084
1323999954629615617
1324007993017597954
1324103964602880005
1324058712462495744
1324069840102002689
1323905568076189698
1324099031803568136
1323957632944754690
1323912416325898241
1323778700676984833
1323865958776262656
1323877512821252098
1323874948667084800
1323963516538245120
1323891266292273154
1323928145582579715
1324069628310597633
1324050465022234626
1323914119163138049
1324039708373078018
1324079937578586115
1323966103677186052
1324085903913005066
1324079916539912195
1323904841106759680
1324080552647954432
1323951842930364421
1323791461876436997
1324115017977991172
1324008170533068801
1324006932936577025
1324134404801835009
1324048663522512900
1324077972345835521
1324096980642156545
1323940904382640129
1323986352497713155
1324114006739722240
1324065537991856134
1323946040156954624
1324131192153772032
1324124175250919425
1324027931346305025
1324037007404900358
1324082797213081600
1324053793533792256
1323876760430194689
1323907922976477184
1324102158053199876
1324081665484967941
1324049451648995329
1323879394608357376
1323997970975596545
1323928877576708098
1323901117303037953
1323845083234533379
1323895014838177792
1324032561404874753
1323956909456674816
1323986540444475393
1324100164483719177
1324058177655242753
1323807840398659590
1324069832577474562
1324004520041525249
1323885090414407680
1324049032432463873
1324100292280012801
1324024766383165440
1323892814753812480
1323979228510146560
1324053137146187778
1324131617535918080
1324077809241870341
1324110670498013185
1324123606675316743
1323926556029366272
1323949862178742272
1324017801204555780
1324117280259715072
1323940247584055297
1323897472830345216
1324100742215598080
1323916571128012800
1323787523836039170
1323905948398821379
1323946924844732416
1323983076112928775
1323995318137094145
1323957343604903938
1324056546087739396
1323927622028566530
1323928052217204736
1323877454595969025
1323897954743291904
1323925193887199232
1324053721492369410
1324047358200602626
1324034791428247552
1324039038987358208
1323974251083370497
1323968189252993028
1323968599623671812
1324081902727368704
1323934556483891207
1324095677543124992
1324071521996910600
1324043137485070338
1323978917083009026
1324123804591886336
1323969454099832834
1324035525142106112
1324106688518066176
1324050118224564225
1323995989125046273
1323961130306408448
1324002730235596800
1323884356126068738
1324124722829926405
1323999515381239810
1323936296570658818
1323797624953147392
1323974559410900993
1324030865656156162
1323956777361309696
1324022698037698561
1324046817101811713
1323934926106959872
1324051905853743105
1324060137632501761
1324106346690740224
1323956055622225920
1323965293044051970
1324093721600794624
1324132468774080512
1323900651513012227
1323922229076365312
1323858975608262662
1323935712853577730
1324068079983276034
1323963545717911553
1324095182619447298
1324017461981810693
1323977011749072899
1324042240637964290
1323952259793825792
1324108479154499585
1324071504074723329
1323992719392460801
1324027228724842499
1324016499544281092
1324049187298856961
1323821356660662272
1323956855660576773
1323928741437820930
1324108560607883266
1323953169546809349
1324041920528683012
1323824982850473984
1324096818565779456
1324135678377078790
1323960899791716355
1323880593545928706
1324107470797787138
1323902113190154240
1323957749814906880
1324126671709110273
1323985690502246400
1323962460374659076
1323872224407945218
1324087187353358337
1323978370074497024
1323981254539304961
1324080149592199177
1324072776177721355
1323974192551858177
1324078290211143680
1323993014214250497
1323956519575212034
1323870694569115648
1324106873822392327
1324083307294896129
1324006093941592065
1323966222950649861
1323941382155894784
1323974208515383296
1323956215853027328
1324073517336449027
1323991261305589768
1324067017339621377
1323955401830916098
1324002035671453696
1324002269164118019
1324052304207605765
1324099790439911425
1323986466117242881
1323974098888916995
1323954720701063168
1323936352291926018
1323833767123931136
1324020151486947329
1324013779877769217
1323960832384970752
1323991677837758466
1324047864960569345
1324032367212769280
1324002607808106501
1323971524831801345
1324093687694086150
1324048540587429888
1323955713614454786
1324045312089083915
1324116065052434439
1323973941908672512
1323796749568380929
1324048785224409089
1323955095793471490
1324041319845634049
1324056692091486217
1323876167531794434
1323979210478727168
1323976276084989959
1323887780909535233
1324073482531950593
1324078863308279808
1324002815426088960
1323998685215236098
1324007118672941056
1323949011519373313
1324041117583708166
1324015647983046658
1323991561500266500
1324041698343849990
1323993425637724161
1323879888647081986
1324107023831699463
1323970660616540160
1323884930481442816
1324078078734290944
1323910133022380034
1323936780522061826
1323950881268764672
1323898467127857156
1323981134674481152
1324031785089568768
1323995195059408896
1323957984456790017
1323936672623583232
1323970286686003200
1323884721047220225
1323879922562142208
1324005395963281415
1323902226591633408
1323790260535468038
1324032431708655616
1323784984814145536
1324033133986123776
1324100736523927562
1324070918470225931
1324012035840057345
1323927014953361416
1324132927777722374
1323914756881829888
1324050446764417026
1324074729326739457
1324131108129263621
1323798122582155267
1323980526156423170
1323944682532098048
1323947126414606337
1324048028530081798
1324032119409180686
1324083790625558534
1323851496400834560
1323933764670627841
1323953524468781057
1323958279983255553
1324108091491844102
1324034527979802624
1323838723126165505
1323966851395801098
1323913844725633027
1323999804779909121
1323951803952701440
1323883065056395264
1324086177587208194
1323887087171588096
1324009182077571080
1324104342446768130
1323897296174620672
1323936860599705600
1323995511108653059
1323962581032185856
1323968231963566083
1324017426019831808
1324042480980021253
1324004824036397062
1323998079289303044
1323787797677920257
1324115461206876160
1323988650582040576
1324027427136438275
1324055662943457281
1323914541152014336
1323805564141522944
1323987122861285377
1323904094038192128
1324097047730003970
1323956178460827648
1324112474199785472
1323901101578412032
1323952542150283265
1324133472806588416
1324028882102722560
1323889617632927747
1324091503891853314
1324126825363181568
1323973046408040454
1324015512255406083
1324031024922300417
1323886581531377664
1323952526144741376
1323938071138734080
1324037547706691584
1324002688049291264
1323870806406012929
1323987768889016322
1324028788531961857
1324019158233845762
1323919080089358337
1323943429190176768
1324074160059015170
1323875158411694081
1324093831780933637
1324107328161984519
1324019007075340290
1323975105479876612
1323969261879070728
1324087193858658304
1323941744719892480
1324099469634347009
1323994105802870788
1323790036924588033
1324106497660538888
1324100116853248001
1324066694797643783
1324045894606573570
1323946447453233152
1324131668739923970
1323992655869710336
1324037563246661632
1323967629162356736
1324053717264568320
1324033974465892354
1323998911929999360
1323875198303653888
1324095939959787523
1323928155879575552
1323943923073560576
1324042582406635521
1324099487284035584
1324070637774819328
1324014292002205698
1323924807776374784
1323954946954436608
1323882864036007938
1323996829986541570
1323956057337712640
1324081384940621827
1323961035229986819
1324021688133177344
1323785284455194624
1323989925797253123
1323921117401284611
1324131863955427338
1324091204880007168
1324073687293796352
1324121634396057602
1324090290098049026
1323962632399933441
1324043801581768704
1324099636030824454
1323953094242324481
1323890222594203649
1323884314635968512
1323888694550499328
1324002191196233728
1323959726728744962
1324111924683018248
1323944761850503168
1324079052483866625
1324079010306002947
1323951670292828161
1323947832982855681
1323906916330909697
1324007985505574912
1323976697264439296
1324038554297733120
1323828083640668160
1324078801664593925
1324004250431705088
1324091030636036102
1323896069923721218
1324073864255725573
1324101464445374464
1324054781002948608
1323935856038682624
1324112232200998914
1323954025314820097
1323789453710807040
1324048822801149952
1324062146293059585
1324096587912663040
1324127368571736066
1323912254501326854
1324124339671879684
1323940875366404096
1323895415440347141
1324042435736031232
1324027268453310472
1323985008932126721
1324093028563300361
1324077849100300288
1324040659829985282
1323880455184285696
1323785590261821442
1324074884939599875
1324110741889257474
1324108068108574721
1324063894495789058
1323957401708568579
1324081681884684288
1324049778771173382
1323886278673371138
1323899705718460416
1323922390875852800
1323994110718599168
1323952347698155520
1323994065168465920
1323888390920691712
1324068082906767361
1324061441507446786
1324063465640787981
1323967753326260224
1324085262473986063
1324038900323594243
1324024113514618883
1323990337254281217
1323909596671520769
1324068508381204482
1323778328965357569
1323862340765425665
1323977388947054594
1323790114435158016
1324110077247238146
1323926271697555456
1323879455790649347
1324081895299256324
1324101334346420225
1323896395485491206
1323976133990338560
1324002039970603013
1323910857567424512
1323920298085855232
1324109579756703745
1323887498125172736
1324099994681573399
1323995912969007110
1323976847730921472
1323973021506379777
1324038972230782976
1323918937923473411
1324117706560446466
1324096476843286529
1323951992457351168
1323995583921704961
1323988962424295424
1323946916045094913
1324065469674958849
1323995781674786816
1323967049903779844
1323953734821568517
1323891356218101760
1324011838619684864
1323789388724293632
1324133684891496449
1324021340047876098
1323972651522641921
1323956254834888705
1324129590395179008
1324118096844640260
1324066310557442051
1323803316921327617
1324098786680078338
1323966553780588545
1324063301706354689
1324119106065498115
1323860831055106048
1323983106131529728
1323879355764760576
1324051505528393729
1324127160328704008
1323787475454709768
1323936068513730565
1324132491708551168
1323931091116429313
1324003949565927427
1324096521734889473
1324109475616378882
1324106342609620993
1323913015545257985
1324031976655998981
1323955361603309568
1323790836132438016
1323974620177989632
1323948452724789248
1324052921844195329
1323929999498465280
1324115697660735488
1324018385966026752
1324014119264112640
1324124010502828035
1324004735884681216
1323950282653507585
1324124426305196039
1323904923734519808
1324103635312279557
1323911514324148224
1323879180203905026
1323897234015080453
1323869100423192577
1324112858439966721
1323901439605936128
1323918708201443330
1323922499462115328
1323788245432455168
1324065434556108802
1323974256556974081
1324002111785488389
1323899219523084288
1323889673542971394
1323985470129344519
1323887276124999680
1323893614666199040
1323914779078119424
1323899347692593152
1323898483800182784
1323797764954902531
1323947976012812296
1323976640146378752
1324023409282600960
1323935354810966017
1324117235854680066
1323912705535889409
1324038491668418561
1323955210528718848
1324008992381829120
1324088701564162050
1323924498865860608
1324066564354777092
1323905778332377091
1323881756139937793
1324053705700921347
1323897835264348160
1323933828625346566
1323888456569917440
1323799171216846848
1324013683014574080
1324016504644472832
1323980340407488518
1324116892446035970
1323916828939345922
1324001099318177798
1324108054061862915
1323983771268485122
1323805566972645376
1324066360998199296
1323983827434352640
1324060541363621888
1323942292462383104
1323970887574380545
1324013461765083136
1323990310540713985
1323912544868835328
1324006920206848000
1323785052422131713
1324128319189770242
1323895290810765312
1324117440016646146
1324040272389591042
1324133031582588930
1323902339258982400
1323911667097489408
1323945453193465858
1323994943057240064
1324091046217895936
1323975015356899328
1323969900696797185
1323912719179915264
1324039589183586306
1324006171733360641
1323984732619632641
1323874544659161088
1324120894323773440
1323974001576869888
1323963240049684481
1324094541272633346
1323929530982113282
1323953703615926272
1324032898069127175
1324009193418985472
1324127749708095495
1324100542143074306
1324008876056915969
1323931777799491584
1324051449018519553
1323998015267475458
1324025136182370305
1324090228760596480
1323900220934074368
1324081539114848256
1324135159076184064
1324096344424960000
1323987300607557632
1323816626765004801
1323973235013275648
1323997664149704706
1323905016470667264
1323895502686068736
1324001807199207424
1323905103804420096
1324089212333936642
1324059740419379200
1324034884013350912
1323956446581633025
1323948460341690377
1324081860859879427
1323874427503824896
1324107308155228161
1323994165244559362
1323913890460323846
1324114214588395521
1323970930272600064
1323932628358254593
1324100373569851395
1323882234584158208
1323940738498023424
1324010833098252296
1324074103926607882
1324046182314921985
1323925705512656897
1323997859331608577
1324103330440859651
1324100035974410248
1323997001223184384
1324082106784489474
1323993990979530753
1323970764593192962
1324126832946487298
1323911599313354752
1323897678237937664
1323910487013265408
1324087859549265920
1323991804623159299
1323996144175878145
1324105381069549568
1323980815240437761
1323983236876435456
1324007438086004737
1323897753945165824
1323978645715767296
1323805069670785027
1324123043304771586
1323967239280824320
1324123579177443329
1324092168911396870
1324070305636192258
1324020904083468288
1324078444846735361
1324049377867010051
1324008310236975104
1324058942931128320
1323881451260182528
1324031335321796617
1323933040016502786
1324012402548027393
1323960101896622080
1324066811005095937
1323946652940513281
1323953563656216578
1323961348112470016
1323911882877620224
1323943873769545729
1324046945380433922
1324046010000224262
1324035265242009600
1323990814482194432
1323976199383752706
1323961139064168448
1323798503957635074
1324122680799408134
1324121551751553024
1324057593912938496
1324015551694458884
1323982630686175235
1324094006796627968
1324107373913481216
1323974790428975104
1324135415427829762
1323834417731698688
1324002156203200523
1324117128136544257
1324012831642181632
1323957024892293121
1323886145235767301
1324069327054790659
1323947365112385537
1324116517823369216
1324097850192633859
1323956231602638849
1324080622084804609
1323932678580817921
1324079790878527490
1324027402222215169
1324023451573772288
1324063869644414977
1324048275956211712
1324033475406647296
1324020974690459650
1324133313594970114
1324062977948061708
1324110500289011712
1324049082596397057
1323909001134964736
1323998804564152320
1323784906258993152
1323970347071348737
1323964103900233729
1323997903334068225
1324117281429983234
1323946355526696961
1324038453798051842
1323929902056411136
1324066954454454272
1323805099601334273
1323945518377115648
1323955467593437186
1324004247076327426
1323914708152393729
1323797869795676163
1323953776739471360
1323921745452158976
1324114306829570048
1323983365696094210
1324005789422489602
1323937531247865856
1324022696322207746
1323907170665189380
1323986601647767553
1323971411350822912
1323998452964073474
1323982952041074693
1323848822112587776
1323905166257627136
1323898177876070401
1323893094685790209
1323878276729851904
1324092363892031488
1324028597733101568
1323955345958539266
1324100423461048321
1323993725652131841
1323983571284013057
1323881245558902787
1324048183740321796
1324016890633687050
1324099697590652933
1324041408265834499
1323875374456070145
1323937836253515776
1324040083427758081
1323787958453981185
1324039917379399682
1323993477374500865
1324020537690128385
1323783294736125958
1324131094833319939
1323954362171957256
1324112711173709827
1324100853247184898
1324059651281952769
1324098178740879365
1324025424184303616
1324100918489567234
1324086675568545792
1324104580821590016
1323962501315350531
1324137133926473730
1323995005418168323
1323808082758172674
1323920303756660738
1323789444487544832
1324091044334608385
1324002353373016064
1324094452672200710
1324060919429795843
1323950779372285953
1323996400204582914
1324108411424952320
1324104166097211392
1324005991273345024
1324132256642977792
1323940712581353472
1324067428331098112
1323977939537584130
1323935049532739584
1324042044826857472
1324091899909689344
1324017960378355717
1323940100514918401
1323887191110680578
1323967414426624011
1323965986186227714
1324018777416208385
1324067757688848385
1323955134758588422
1324021975157772291
1324057303209967617
1323980570393792514
1324025422653362180
1323897815702114305
1323788714389229568
1324095422944731149
1324073477171761154
1324081649487908864
1324039162224431124
1323995543924838401
1323797273793486850
1323956853575921665
1323877657533186048
1324045870195789825
1324062453198708737
1324028413452177409
1323877433532100608
1324083379894145025
1323993050633437186
1324026199975305217
1324089758960750592
1323958708548866049
1324092724564402185
1323949205694676993
1323966780067467264
1323971594763591681
1324079504449568771
1324136122222608385
1323952180286660608
1323886556382461953
1324098921258471427
1323887287374127104
1324137452034994179
1324125727864823813
1324063626462973952
1323965612272529409
1323940110384140288
1323891099451228160
1324087114229784576
1323980804742123520
1323791109680713728
1323925942616707073
1324013043144011779
1323874103716122624
1323907966274310144
1323879469875040257
1324048429409050626
1323911622537191425
1324131436266459138
1324002701043208193
1323965663082405893
1323913267610308611
1324081697890177025
1323922859341844480
1324020417498173440
1323923736890925056
1324044914473291786
1324087558196834304
1324041769189822466
1323917161191120896
1324046210454474754
1324029388397174785
1324095041019719683
1324000025970724870
1324003464498872320
1323888734736101376
1324102839774445569
1324101525153730561
1323895751827738629
1324103168138092544
1324129166720204802
1324101759699243009
1324127420144848896
1324009709054156800
1323881282745630721
1323997597716094982
1323854532590227457
1323926583284031488
1324042314587770882
1324017967017971713
1323961288335237120
1324006621614346242
1323911415871275009
1324091518945271808
1323951353249599488
1324120215450509312
1324115645936578560
1323914220040294400
1323995999103262720
1323940604443807746
1323902335756677120
1323964274868445184
1323886889666027521
1323961639352344576
1323950971639255040
1323900911287181316
1324098218146340865
1324123337350619137
1323996837003563009
1324003464997965824
1323967562179399680
1323884520609882112
1323979763921362944
1324121489206030337
1323795289761849344
1323901009924673542
1324024950609584129
1324022507968614400
1323862216735641600
1324058849377161216
1324127922383429632
1324138303013244928
1323965909803945985
1323969290916319232
1323967003753926656
1324018020847673346
1324103592605851649
1324092856227696641
1324106420963463168
1324083843125682180
1323996535944859648
1323872068752977920
1324069766794010624
1324047108626939912
1324030074505539591
1323890429574762496
1323977834847739912
1323942564303671297
1323791250227605505
1324035733930299401
1324005870515224577
1324052827749163008
1323964495618854913
1323966546314731521
1323940679811276801
1323975956801953792
1324040245818626049
1324073869209120769
1323911275135590401
1324047420028760064
1324019074008043520
1324076401780248582
1324018512512327682
1324010120628572160
1324001971091681280
1324060312937598981
1324005279592316928
1324033791107731457
1324079746850934786
1324138034955194374
1324013182315302912
1324004450181222402
1323991831466643459
1324019849606111233
1324125976104751105
1324071248725499905
1323972028920143875
1324094273306959873
1323909194609790978
1324047567202799622
1324070006976618498
1324063912715837440
1323890979104063490
1323943336911216641
1323973920278667264
1323990398503591937
1324114131679649793
1324127391703277573
1323981456838983680
1323951752417284098
1324076004462235650
1323988445098889217
1323972603996942336
1323943329575260161
1324003593112965122
1323992429683478529
1324022606287175680
1323987746717802497
1324020481503203329
1324109428401016836
1324102021717336064
1324125668888764417
1323787455288541190
1323916753760669696
1323911673342812160
1323880413278986240
1323923774769664004
1323991259879514118
1324136736910385158
1324032149092134914
1323922125879652352
1324050991881269249
1324112600867708930
1323884293941268481
1324088644211249158
1323988538656960519
1324121546315759618
1323962159836106758
1324001019475513346
1323910892657004545
1323930151533584384
1323995679023390720
1324087891421782017
1323895196858359814
1323900103321595905
1324044405947441152
1323899783275335680
1323904583320719366
1324069060770963456
1323989665570037760
1323983738087362560
1323900776985538561
1323893758744797185
1323955652037922817
1323928236192157696
1324121452501733377
1323803400438337536
1324082599397150731
1323876749822828545
1323966585397301250
1323939075787755522
1323788167120650247
1323889833253703682
1323954890335494148
1324021570604568579
1324021154881949696
1324019319462895618
1324055196629114880
1323962563848228866
1323982955115675648
1323924028537581569
1324046311851761666
1324019775119523841
1324007068391624704
1323971454527016966
1324118516799328256
1324110845475983360
1324076251666092033
1323972340099801088
1323971564392599552
1324138325616300037
1323859692418977793
1324068512499859456
1324058187994173440
1323951721727643654
1324072333036892168
1324003463244746753
1323903084880297985
1324130723884896257
1324016528774385666
1324137857045454848
1324043381761257472
1324015159405383683
1323797737603780608
1323958542743851009
1324004740301246469
1324063950623879169
1324033196531605505
1324054103232815104
1324105910109769731
1324066719292366849
1324090002918301702
1324106556577878016
1324104803140718592
1323892832558551040
1323943598082109443
1324117348450816001
1324096667390513157
1323790207309750274
1323971733389516800
1323947216751525889
1324020259251200000
1323992667072696322
1324026506536910850
1324000480465399809
1323934062579486720
1323974834704048130
1323917597058998272
1323978802058403842
1323959381956984833
1324090353973166087
1324110378385739781
1323949997604438016
1323954861659033600
1324111568544608262
1324117524947079177
1323882970088902658
1324029723236847619
1323995534370263040
1323923814930141185
1323945306409619456
1324044660835274756
1323959111126601729
1324017536468426755
1324112927843065860
1323880674273755136
1323819073319411713
1324050372290355203
1324028040305909763
1323987187025825794
1324124238152933377
1323912811966304257
1324015585823461377
1323926366639869958
1324094983348113409
1324119438531198985
1323959004960301057
1323974973556482048
1323903572778647552
1324029911443582984
1324095887447130113
1324000242723774465
1324103426993696769
1324028524508971017
1323965863083544577
1324085590636351498
1324028117317488642
1323949862719758338
1324063636982214661
1323972810264481792
1323929411335430145
1323972413118468097
1323946986328985600
1324110627518992384
1324011782428520448
1323885242571280385
1323900734379839489
1324051365828722689
1324130712887451650
1323940608394874885
1323849785481318400
1324083418783776768
1323983844085702656
1323787432660271105
1324052065564372992
1323928592644857856
1323888660073336832
1323915913570230273
1323970155437871104
1323986496949538816
1324062786176077826
1323899426260344832
1324034436577529863
1323874776356687872
1324096251311333376
1324073487913213952
1324105667087654913
1323969844677586944
1323948770229395459
1324087001130405895
1323947861940277248
1324035910443376644
1323919851363160064
1324108426218274816
1323999047603007489
1323978565940109312
1323806686591635457
1323845131942899712
1324071469186453505
1323955991256485888
1323798580629512193
1323926942303854592
1323999963580407808
1323939972483850243
1324047830915362817
1323854291338145793
1323883596483072000
1323898058099359744
1324125401401249792
1324022551224356864
1324045292338032642
1323965821354467329
1324096796868706305
1323954590803525633
1324122007148109825
1323999895687254021
1324079901553602562
1323971332908945408
1324058342692655104
1324044149281247233
1324090012376457224
1323999054691504131
1324076116756365313
1324108392948994051
1324111027341058050
1324049384791777282
1323876999887310851
1323983451360559105
1324047775940648960
1324110140019232771
1323917943592407041
1323984584820883457
1323926748053016577
1323986362098483200
1323990961979088896
1324122262174265346
1324043177003724800
1323929101250560000
1323968777780895749
1323964848896647169
1323936541127909378
1323821777785597952
1323980625179746304
1323910670665043969
1323955340841521152
1324099037084164097
1324061051546198017
1323787377635196934
1323912821311217664
1323838869821812736
1324005080459333633
1323787402666758152
1324123935768743937
1323983167020290050
1323878972090966017
1323962027140911104
1324092795980812289
1323978642230304773
1324121567505338373
1324039546204467201
1324113863479054336
1323999390583918592
1324100720400965633
1324122935741788161
1324104242223861761
1323945848397533186
1323901832947814402
1324048529103474689
1324087424956403713
1324015117265215488
1323990829443260419
1324120445898100738
1324048287947726849
1324126533418668032
1324096993506041856
1323903243957772289
1324080845381115905
1323931326957998080
1324112177054257154
1323791086511415297
1324025423311851526
1323917386655948800
1323965471947972609
1324028886057996294
1323800316312244229
1324109649013100547
1324081365638402055
1324097556968841216
1324031374966333440
1323865796737728512
1323949067559407618
1324077082142515201
1323925409445142528
1323995636249841664
1324065314930380805
1323882866514759680
1323967245853351936
1324115854552956929
1324055751531368449
1323797651020746754
1324114421694763009
1323959435740459010
1324088512124198912
1323976217897349120
1323909918886404096
1323804752132669440
1323990918857449476
1323983714829914113
1323801560992739329
1323800582126227456
1324055262332944385
1324088117314363395
1323902870262001667
1323944822168846338
1324017179059232770
1323973441347792897
1323881692902395904
1323861024571871233
1323955554566475777
1324020939722493962
1324105678559027202
1324102613709819906
1323894347478323200
1324113298636288004
1324070593386467329
1323996970571227136
1323996184659304448
1324135812871692295
1324112750122016769
1323894631952715776
1324091052924538881
1324042431826939911
1324002060682055680
1323876796811673600
1324119032316989441
1323952691228430337
1323936338144579586
1324107425084018690
1324050022393090055
1324048039519100932
1323966568578121728
1323907401695793153
1323856759254093826
1323885757342375936
1323867564565561345
1324006305372229639
1324028764972527617
1323787886307774464
1324110762672050184
1324076573432172544
1324092777706196993
1323998502549135363
1323991724893626368
1324006298317447173
1324087652023455746
1323878375056953344
1323898145961639936
1323997985265590276
1323911297612812288
1323974196100214786
1324077318743203845
1324017433078882306
1323903112709578752
1324111712090529793
1324092539167801344
1324084647219896322
1324111881540456449
1324046445977227266
1324129902497587202
1324026678335721473
1324042340739227653
1323989718992826368
1323998452842405888
1324034369493880832
1323984690634805255
1323981725182107653
1324133435145916417
1324108773577904129
1324044659589566466
1323899802552356864
1324054831426920448
1323978091824181249
1323913641243062274
1324049232236597248
1324015306809860096
1324117044409835520
1323971893368639489
1324065791306772481
1324033867771162628
1324085665085169665
1323967325599600640
1323940338873049088
1323797583328808960
1323875914468511744
1323943466859188226
1323996902468313089
1323913338494083073
1323798363939233793
1323938320762679297
1323911078418538496
1323928940147343360
1324045856773984257
1324080292316012546
1323959428916326401
1324108746440740864
1323935684537843712
1323900679476445184
1324128512492490752
1323955381803036674
1323934696049397760
1323914848342806528
1323787856742154244
1324045384797327360
1323886179809402888
1324095557439266817
1324104062556606468
1324011636005445632
1323887290557599744
1323951329384030211
1324067895073214465
1324007471069974530
1323957071444889605
1324069568634064899
1324039335973474304
1324067739615535104
1323991158712881157
1324105719713538050
1323940559388631042
1323980390214832128
1324033478271275015
1324096099058130944
1324060286320607243
1323943406268223494
1323931075798851585
1324054358678507522
1323915827054141441
1324112306507255808
1323942604724228098
1323974735634567168
1323877471574466562
1324060176576598016
1324061628313276421
1323891962529910790
1323979907173634050
1324089540731129856
1324049073113092096
1323935492560326656
1323911989400346625
1324099328898666501
1323871002540056578
1323947395500199942
1324081224504254464
1324027233321783297
1324130382657294336
1323946284630290433
1324065453602447362
1323777029184102401
1324106795460317184
1323920673794904064
1324132324284469248
1324094260556292103
1324017069218738178
1324025421831282689
1323979210592051200
1324037343045689347
1323900324676067330
1324074143709540357
1324058438817751042
1324091074537807874
1323980926410461186
1323873898337832966
1324113631756300294
1324037785762877440
1324106316122595328
1323790866448814083
1323995551726227459
1323916294102667265
1323978844584509442
1323968593902686210
1324010103788490754
1323966180487532546
1323945440853843969
1324096611014840325
1324131779029196800
1323927035430031362
1324111965548171270
1324127177043021824
1323881097940316162
1323910866694250497
1324045896229728257
1324099503448883200
1323823101302505484
1323857879284228096
1324130356275093506
1323930236862533633
1324122786110033922
1324129664659529735
1324117356180840448
1323911968382767104
1323791567249920001
1324077697761484802
1324087780331425797
1323791221865762816
1323949718750322691
1324019063153111040
1323971446985674761
1324079144955793412
1323905272834904064
1324090492129333249
1323945284427227137
1323928249018232835
1324067824554418176
1323899510913966080
1324018871435776002
1324038521615777792
1323960844665917440
1324074359611379713
1323963668711825410
1324064275980275717
1323960120439689216
1324092652367872001
1324116766566612993
1323896396408377346
1324021967289241600
1324069606521294851
1323919575768064003
1324108390348541952
1324062792220135425
1324113399945568259
1323944584146276353
1324096528043180032
1323960966921527296
1324009072253960195
1323994490772869120
1324076123635015680
1323995251409911809
1323900389213786112
1324100413835087872
1324037358786850824
1323980951429566466
1324018119887753224
1324014970854641668
1323923553574670336
1323893099698020353
1324027755286175744
1323882246269476864
1324000558185877506
1323971942160994304
1324056047775109122
1324063962489593861
1324003463982911490
1324094997524815877
1323955653304528896
1323921873596502017
1324001928783736832
1323973966336282624
1324100903138447367
1323994589452210176
1323948453618208768
1323893524358746112
1323891302992384000
1324052337594425351
1324052078977781760
1324073777064542208
1323938260196990978
1323945548886511616
1324011299379073024
1324014867230195716
1323799308131586049
1323784035986857984
1324018802351349766
1323968654904623105
1323884218791899141
1323828654418366472
1324026756047798276
1324091089498869760
1323913773158191104
1323890170467393537
1323911882667950081
1324046453203996677
1324094420388634624
1324082582464696327
1323922373356195840
1324017355828174848
1324067377609400320
1323946224530137092
1323907313745436675
1323907244988182528
1324068742712692738
1323977304758956032
1323881425985277952
1323988452459892737
1323933531429548032
1324117476431536128
1324051477736886280
1324128555253587970
1323847940356542470
1323990158258151427
1324088161492873216
1324027744058068995
1324071611222425601
1323914220581359616
1323919743007543298
1323954320526745600
1323938425821605888
1324096484401360896
1323958922701656064
1324103526545559555
1324094328134918146
1323944961558142976
