1325367346488369153
1325494031347032066
1325368615676358657
1325536857388683267
1325349075269668865
1325530169323515904
1325373716906332161
1325441047544143877
1325513396473704450
1325542153364365312
1325361976755822592
1325530385405632513
1325369657700868097
1325421082791317506
1325522618393518082
1325531046893514754
1325515582092009474
1325495556412764171
1325381005159641088
1325505382706515971
1325466920758501379
1325426034582278144
1325411877942407169
1325349084564221959
1325568883462434816
1325444936288919555
1325356036279169024
1325564385092399106
1325534834064842759
1325358091349712897
1325521798688104454
1325577395349413888
1325459789141434369
1325356394032361472
1325375591638577152
1325471230481354752
1325555622281142272
1325552614822522885
1325554502196486145
1325493725758447617
1325435700225978368
1325544336625373186
1325449097059426307
1325379016929501184
1325362783496658944
1325584873369767938
1325493807341826054
1325484920194674690
1325468523938910208
1325367174123368449
1325366941758984193
1325528967630163970
1325573700293455873
1325553776762253313
1325376085501108224
1325426316800364544
1325472778687012867
1325352780454883337
1325410546355724288
1325535318334910464
1325581220433039369
1325374807102414853
1325467782964797440
1325341390671400961
1325538708129452033
1325529708147200001
1325395842279346177
1325394018705022982
1325295382889377792
1325456723046436865
1325558214050672640
1325362298962251776
1325494231931244544
1325378627819745280
1325300176702017537
1325490844703608832
1325496066666450944
1325443006590291968
1325393746293354498
1325458136292093958
1325497535029501952
1325495843286360065
1325362905697705986
1325551501020893184
1325370220396109825
1325580773433499649
1325376539538690050
1325411236859809796
1325454492020699137
1325265646846930944
1325588661656821767
1325299352693338112
1325521523734695937
1325523341541781504
1325504696719716355
1325518411586281474
1325576139386081280
1325475553256890368
1325420416517681153
1325504147471425537
1325418369504436229
1325504226001350657
1325324431758012419
1325556042864922624
1325387095297306629
1325550037028532224
1325481006481219584
1325565088066105347
1325566762772017153
1325449156626944002
1325389734546432000
1325350406474620928
1325531704606543873
1325396215111049222
1325557100043448322
1325529370832859140
1325316780722708480
1325467110198423553
1325466914638999553
1325556303339642880
1325388963255816193
1325467775184330752
1325544072556187648
1325468612736540673
1325527194479812628
1325466833584082951
1325389235315159041
1325515414936358912
1325534883792515072
1325479683358679046
1325449404271222785
1325383270842982402
1325540152161284098
1325390418897408004
1325513588547719168
1325364574967697408
1325512707429322752
1325481039494582275
1325434436331188224
1325498640585121794
1325365908374773760
1325526549622370306
1325377234488717314
1325561733537275909
1325513589617291264
1325392937035960320
1325518012263374852
1325486493335515143
1325569896965681153
1325313497132134400
1325453159167262721
1325252538728329216
1325500889277362189
1325546538207219712
1325457326040604673
1325560804616368128
1325558863769296896
1325505736223416320
1325408820298977280
1325553480061366274
1325469795551223809
1325376044568809474
1325409568323678209
1325366673168232449
1325549057557880832
1325466075484577792
1325566238374973445
1325468409165963265
1325535352841494533
1325483423335583751
1325586374746132480
1325405368772669440
1325487739593252869
1325559641552596994
1325536118058659841
1325533196088446976
1325460875638157316
1325442241175973893
1325560648768565249
1325539761138905088
1325475969000476675
1325537621649596417
1325261009448218625
1325502916367675392
1325350000205950976
1325493891009835008
1325310714244984832
1325370323433361409
1325527646147645444
1325399218266263552
1325529938196361217
1325433078920175618
1325374754199572480
1325451854826835969
1325491106696585220
1325523531032104962
1325420633279303680
1325459204304478208
1325489706033967106
1325247588115902464
1325536182827094017
1325411055741374465
1325502377579999235
1325545343568769029
1325382484792631297
1325560790963933189
1325536789357064200
1325578979286405122
1325503275211386884
1325522638962356226
1325503554736492544
1325548123385638913
1325509758779011072
1325480131587092481
1325526889084149760
1325351257813475328
1325542977842933764
1325546510721970179
1325476868963889152
1325375051558948864
1325506290899148800
1325239518312718337
1325573350056480768
1325501161647054851
1325499541840416770
1325577820865765378
1325349279339261958
1325534472482287624
1325492599277359105
1325587361217077249
1325503603927343104
1325431147774570496
1325466153892843520
1325414644572368897
1325535243462467586
1325477900531982337
1325489182484148224
1325523254551977990
1325490896679424000
1325416340459544578
1325495165956599813
1325558824892305409
1325521559801434113
1325425229745823744
1325443570527035394
1325480176281640960
1325409224684343296
1325567832726401024
1325356756973854720
1325541678166503424
1325518840034455554
1325553340785287174
1325494717090582528
1325474979555766272
1325481981614956547
1325457787741220864
1325399195117907969
1325522392538636291
1325517012345491456
1325453734898495498
1325567616275116033
1325402262211059712
1325511622874574849
1325379317774348288
1325479721887559681
1325367616547024897
1325332400335937536
1325350721269723136
1325554771357528070
1325250594588815363
1325543050739847169
1325488840384143361
1325415563582201856
1325569694393376768
1325369954208804864
1325403408153665536
1325456760602320896
1325391648621285376
1325478454976868352
1325588296714526720
1325525990983000067
1325357597076164609
1325571688273211392
1325498334199623682
1325390928480268291
1325529820810326016
1325459577282957312
1325360775716855810
1325345959430250496
1325505579960442881
1325549999330123777
1325396468715425792
1325507715880325124
1325503064686661632
1325494457958064130
1325407704987426818
1325522291032289283
1325561840752074753
1325501200708595714
1325365401472135168
1325459322361540608
1325566825623658496
1325503463770484738
1325390296826384384
1325552149137387520
1325524038178009091
1325463695946821632
1325492573616693248
1325471123585298432
1325538008884523009
1325506989993160704
1325488522636238850
1325479057035849729
1325436295070539776
1325457183270690816
1325332853123641350
1325528377969799169
1325488066010771457
1325507431175249927
1325439952398782469
1325460857216790528
1325490390733123587
1325454981810573314
1325366475536932864
1325355769735372800
1325559702319673349
1325394785654464512
1325377640698613766
1325532181842829314
1325463541755883521
1325522524147421185
1325438626663198721
1325390471993155585
1325476766392184833
1325425459769847813
1325458673846661122
1325550364293206017
1325470209076043777
1325455188145164288
1325440452380815361
1325516790731071491
1325326403953451009
1325535943521165313
1325522486579130369
1325583869937147906
1325484122056384512
1325559745957289991
1325525026083364872
1325513049386577920
1325512313974222850
1325472398355951619
1325462453103243265
1325429084814528513
1325494463188393987
1325499429365936129
1325543976401776640
1325531628131807235
1325552113829765120
1325387461531492352
1325482445383356419
1325289046961254401
1325580182061789184
1325570859831013378
1325485654483103744
1325539159721832449
1325513569849516041
1325489873906700288
1325353646444474368
1325237861042548742
1325258726677352448
1325358500961193985
1325515327061495808
1325302546047459329
1325488347645677570
1325460430500864000
1325521890891460609
1325530160808996867
1325471425264832513
1325396185281155076
1325472569269563392
1325510388583108609
1325517621496844289
1325565251199381504
1325467530509606912
1325543422011305985
1325495105936044032
1325464344105275393
1325455987608866816
1325488829055295488
1325531195036332037
1325491381171871747
1325413043187183624
1325387151383597056
1325491649275957250
1325519377245097984
1325539517953155072
1325505517884739591
1325482773822500864
1325548562311225344
1325514180317818881
1325414100533469184
1325388840303996928
1325525197504524289
1325512766896173060
1325489924586541063
1325258288406147074
1325540041914003457
1325393068925792257
1325569643801665539
1325579940784459776
1325561594680643585
1325509498228895745
1325338220981260289
1325391067232014337
1325514405031907329
1325544493681160193
1325380043128926209
1325568939104083968
1325460003390713856
1325478741313810432
1325496560965312514
1325568625458155520
1325498449878462468
1325506240915660800
1325444357344948224
1325489048127934465
1325377592602599424
1325558480015667201
1325574694783881219
1325456509443043329
1325560678862770188
1325562695517691904
1325477983356907521
1325362427886772224
1325249217934323714
1325496038912892929
1325325976465715205
1325323018063777798
1325427433521221633
1325556186851192833
1325548970437906432
1325534200104177665
1325334907946749952
1325585081373773824
1325563889552076800
1325536599849963522
1325392640892866560
1325378693573828613
1325581205161570305
1325469643662831616
1325385868505395200
1325512031659831302
1325487663344979971
1325515784651743235
1325533183744618496
1325580975292739590
1325530666650505217
1325474927890235392
1325365570401923072
1325531280331640834
1325365451103334402
1325522240994217996
1325357698582458370
1325396953878966274
1325454526615347200
1325490034171109378
1325481645659582464
1325456810422177793
1325489551008260096
1325538057773338625
1325485303822422017
1325464046318084096
1325505851109543937
1325435515953422338
1325303543872409606
1325503678799896577
1325559331379621888
1325424204964040708
1325534413229346817
1325384766506610689
1325466061903458307
1325548780742127618
1325516351763599360
1325426884558155782
1325544208669831178
1325572590073753601
1325534230819065856
1325317659907461120
1325337577319264256
1325580129024806912
1325563335585230849
1325412935427088384
1325462294751555586
1325551695443734534
1325559606773506048
1325408317020266496
1325453310204256257
1325376046477225984
1325481218905935874
1325573394692235269
1325481595940208640
1325435353491263489
1325478787241435137
1325381221959032832
1325445614029697024
1325543282697531393
1325443660066983937
1325320940910239745
1325482932501438465
1325365973067640832
1325477199462490113
1325552736306335747
1325529007249567745
1325379238741028864
1325537562908372994
1325402224508301312
1325446762585272321
1325396872769515520
1325337179548250113
1325513589063610369
1325321002163834882
1325437662510133248
1325423008387829761
1325519087146045441
1325456081422848001
1325360499945562112
1325411743506587650
1325519228804476935
1325456818903130112
1325551372989837319
1325379959339290624
1325470717908049920
1325538308030681090
1325399518398046208
1325546943259549697
1325541219590664192
1325540024314699778
1325515776586100736
1325569364482027521
1325445807030628352
1325413536248565760
1325538804996866048
1325482531148488704
1325569700621905923
1325431146361073665
1325356264210255872
1325506172921712643
1325503100430508034
1325537194073874432
1325450291832041472
1325414322076585984
1325475569832767488
1325532154592419848
1325559574208929798
1325554838239911940
1325404786078920704
1325340591975247872
1325245908309712896
1325376285925908480
1325533346726883330
1325439230995271680
1325333660984336385
1325491640019128321
1325343391161454592
1325409079762808832
1325558717325201411
1325549983756595202
1325539222288216064
1325351108588539904
1325506091438977026
1325475401926275072
1325467743345405953
1325451853048520705
1325546630129520641
1325370720537505792
1325397025735778306
1325338050835091457
1325519133023350787
1325342876738461696
1325561545158500357
1325484484238651394
1325393969740648449
1325505448317956112
1325365173348163584
1325576593998295045
1325544299614916613
1325445463038980096
1325403329623711745
1325339336301301767
1325394704230387712
1325494098955001856
1325434384024006661
1325348048806031362
1325521406545768448
1325378929365049344
1325436696092086272
1325436748386734081
1325512313470857218
1325549790608953345
1325491550038667264
1325556160259362818
1325386677918031872
1325332975706365953
1325534334758121481
1325547679124959242
1325343397352263680
1325403836928970752
1325498064505868294
1325502993291124741
1325460317883817984
1325271678344073216
1325432777018404864
1325393687388545024
1325457781747572737
1325366615358263296
1325426080916910083
1325546226083885062
1325445445523529728
1325445713644367872
1325575806983266306
1325489634609147906
1325497522404593666
1325483529942278149
1325293109987696640
1325480711000903682
1325340205444984833
1325513891133214731
1325517395583258627
1325338738789113856
1325361074208710656
1325332202037653504
1325552209841549319
1325496304122916865
1325504042387312644
1325521087866736640
1325332931036975104
1325345014067720192
1325521194964094976
1325400649622806532
1325355100987150336
1325539914998566915
1325566278489296896
1325557914610905089
1325427675394174976
1325563183982125056
1325516176307400706
1325515552757080064
1325551707082936320
1325480891880263682
1325343552822374406
1325496127806992386
1325301930902630400
1325485410127065096
1325389138363822080
1325560682218201091
1325486665746571264
1325483559604383745
1325472049515667457
1325392545279512576
1325585371892166656
1325507261272350721
1325532521476616193
1325392032592965632
1325494287723876353
1325449509799776256
1325544236658405377
1325504392917868545
1325254794735464448
1325481568622751746
1325488530165010432
1325518697465860099
1325522162782973952
1325483429463547907
1325462169014726656
1325567196496621569
1325363514345664513
1325407655620468736
1325489795984928770
1325463967138009088
1325543802606661633
1325522182211039232
1325544312566898688
1325372491615842304
1325341989550907392
1325480168954212354
1325493470803451906
1325563275174682631
1325496459211526150
1325459769306525697
1325384910555783170
1325499066680307714
1325558607476355073
1325490979101691905
1325543357117034498
1325424279408750592
1325450740148670464
1325515400151437318
1325512485504507906
1325338838777143297
1325227155895226373
1325522756037996546
1325494294929674240
1325491383357071360
1325545942628659202
1325372005458341888
1325380179989065729
1325574160186269696
1325460859976638464
1325414160264540163
1325414544185974784
1325526648192700418
1325387862649556993
1325378073156603905
1325467459294552067
1325342461720473606
1325285640125165568
1325467639888703489
1325560293846552579
1325571333313458176
1325514142443311106
1325387873542168578
1325548786589052937
1325491791399940096
1325229053419290624
1325380078805651456
1325247027375116289
1325481616681132032
1325413291636748288
1325467631965573120
1325439125579763713
1325375364672221184
1325238984767909889
1325464962261725184
1325503543831367680
1325540177218072580
1325530887006588932
1325434414789226497
1325519392529133572
1325425582084075520
1325383909614477313
1325529090464632832
1325436540080836608
1325492931109810177
1325464214522224640
1325466060565385216
1325436042103681024
1325358265425944581
1325366564296732672
1325462931807604736
1325495736843251714
1325349756856651776
1325437232401027085
1325399551692435457
1325498080498741261
1325498196399886336
1325278977385226242
1325456695145979905
1325537595489734663
1325563266408587264
1325463029350342657
1325561912332083200
1325498820927631361
1325548449975197696
1325334315513810945
1325515377800077313
1325524582942601222
1325541417054253060
1325415841505095680
1325543403141140489
1325366283941122048
1325459428536160257
1325479620129546240
1325457049480818688
1325407926274707458
1325463536630460416
1325537495132598272
1325438009261568000
1325490132510707715
1325335639089410050
1325469478906437633
1325484919775227905
1325551596059709440
1325465490500751362
1325489371194290179
1325549424949538818
1325362393531158528
1325436364922515459
1325382456472727552
1325438561760501760
1325393860382617600
1325485140513087495
1325566250974654464
1325486492333060102
1325578577191067648
1325465593332584448
1325542412299755520
1325418375489654784
1325529060156518402
1325500704497291264
1325370501364060160
1325382986049724419
1325439906982866946
1325507278775136257
1325233021109346306
1325507843060097025
1325399630155292673
1325458625511493632
1325504698225451011
1325451555139620867
1325372588919582728
1325460040581525506
1325249973320036353
1325493624352759811
1325533833572265986
1325554275192369158
1325487804147769344
1325561092437921792
1325370364520706050
1325547168476913666
1325349109675462656
1325490192376016897
1325248324170096645
1325415784458440705
1325419387130621953
1325367102568542209
1325440520173268992
1325546932480126978
1325459950810746880
1325394030641950721
1325532706034372610
1325504184171552768
1325476991638753281
1325442239695302656
1325569203760455680
1325492413100658690
1325367618979721217
1325417351647551488
1325453385458446336
1325543460699598848
1325526463144189952
1325573370134589443
1325500626147663877
1325457803620835329
1325486510251126785
1325434912674095105
1325410932747591680
1325367341924933634
1325392001894916098
1325507736189235203
1325453608998068225
1325559326271025154
1325492955814170624
1325449912646062082
1325520201438400513
1325430663336628227
1325469882436251648
1325491868940054530
1325466335791472641
1325338171874357249
1325243459402407937
1325395632018874368
1325515320900128769
1325360078946447361
1325411980694392835
1325396492245413889
1325579182575849472
1325442592436314112
1325398113746563072
1325373818718793729
1325243223263023106
1325530847970287620
1325379527934169088
1325387858312650752
1325327148257857536
1325433322743484416
1325501819133497345
1325384907653263362
1325536835301335040
1325519744183758849
1325367981287890944
1325419089276379139
1325425459295887361
1325562225587793920
1325415548105220096
1325497183655907328
1325350713212473345
1325515321046929416
1325525024174972930
1325513587780169728
1325429422514708482
1325511367252643841
1325491565909905408
1325240054047006721
1325573936885665794
1325434313052213249
1325357836419932161
1325417977869643776
1325436541263605762
1325518616780017665
1325531372342095872
1325563597221736448
1325327423194460161
1325440794464022529
1325356090553495553
1325409810871963648
1325505143761154048
1325387368275333120
1325434957972582400
1325249189542989825
1325496480610783232
1325411411460321280
1325560367922163712
1325546233776238592
1325471420449771520
1325360689335119874
1325354696769482752
1325517688626696204
1325509473440501761
1325501155980562433
1325566411096412160
1325363331981602817
1325394756147564544
1325389621304438784
1325494580092018691
1325391366650814464
1325489794953129989
1325547666252685313
1325522022336749574
1325366173886799873
1325363373232492544
1325350758825521152
1325400632572993539
1325400789343481857
1325406238641893376
1325283335527002113
1325391595185852423
1325485393412825097
1325536858009456641
1325521546434252806
1325367675141414913
1325558744793698305
1325551023277092865
1325565020458131456
1325504601961984004
1325476808687558656
1325493642425995268
1325550014349897729
1325396226565681154
1325532701315756034
1325529378227425281
1325482319298301956
1325436258747879431
1325551151085924353
1325561092509151232
1325343685400203264
1325488332533608450
1325376366095818752
1325565643136098304
1325361080319827968
1325362171203760128
1325414985502248962
1325539231981309952
1325536652618502145
1325471944456757249
1325395552448737281
1325527836472475648
1325588074018066432
1325357037627330560
1325231329894674433
1325503824526774273
1325375587381284864
1325536322912743424
1325515041370673155
1325384582498312193
1325537038951657480
1325513613998764032
1325501148556632065
1325524337907142657
1325530943810134016
1325547124864536579
1325546525712408578
1325424820025176068
1325456675663441922
1325457955978956800
1325562486834270208
1325563831578484736
1325419931991728128
1325363526354018304
1325519903911112705
1325398493867995136
1325442643615232000
1325541714472407041
1325509788122439685
1325452631855288320
1325567018939146252
1325507974325035014
1325499184133378048
1325245882099527681
1325561188789391361
1325583346806743041
1325498252817555457
1325257527936823296
1325389330916003841
1325389438109806594
1325397086259515392
1325363756529020930
1325551275421921286
1325457351328100363
1325470277023764485
1325519316649963521
1325547263675027456
1325486072877490177
1325412200006250498
1325333589026811905
1325526319275372545
1325401621287866371
1325543011405672450
1325357077569687553
1325354066965356546
1325510355427221504
1325557744615698433
1325551179405856768
1325332383143501824
1325354534370238464
1325345608899702794
1325559546937479169
1325322511949721602
1325525789769687045
1325479922962456576
1325545843747909632
1325542981517135873
1325492528624390144
1325376093281529858
1325406257432449025
1325512879018217480
1325347817620205570
1325353674000961536
1325496984082509825
1325391152003112960
1325433758720417793
1325311665580072960
1325387094580056064
1325530021134540801
1325324485197762560
1325501794668179458
1325503240562216961
1325490138256977923
1325568147039072258
1325488229395607558
1325374181987454977
1325489847323254784
1325487586085924864
1325379277794193408
1325235512026783745
1325434182986817537
1325343485013204992
1325486398540046338
1325534615411503109
1325490686305693696
1325387734022844417
1325369821593292800
1325351153035567104
1325499840361586689
1325350618823872514
1325559103507279874
1325416199178641413
1325348989181497345
1325510331557404673
1325486208802312192
1325516372714135553
1325486585752772612
1325386030359392256
1325505584565727232
1325537535452467200
1325486704627748866
1325521087103438850
1325358020331704320
1325483676092805122
1325419946730459138
1325396223428268032
1325511684182716416
1325488748222705667
1325468008077254657
1325509828500987904
1325562264049639424
1325531778652790785
1325471998018019329
1325517993397334016
1325462657512706048
1325574389191102465
1325384354516897792
1325477067719372801
1325402035362164741
1325436225789042694
1325561442813218816
1325463243037548545
1325505524377464832
1325499972792487939
1325442119159472128
1325367076442300416
1325526842418335746
1325493384606257152
1325339154335604737
1325567202905427968
1325487160980508672
1325405321897119745
1325555725536546823
1325586273004883968
1325335847907045377
1325458002283991044
1325495958868815872
1325434320656404480
1325237560281534464
1325448387005739009
1325479452432805888
1325434159846797312
1325367285528350721
1325336910198419457
1325419930435596289
1325255132452450306
1325450328632922113
1325547588045721602
1325568882665517058
1325464686867963904
1325529524835135489
1325518610664726530
1325517874514046977
1325433583541104642
1325363782739169282
1325542403961462785
1325435933299257345
1325513691618562048
1325358943615541248
1325542509494362118
1325569563132653569
1325534028037025794
1325479775952101376
1325475180324544512
1325478132162420739
1325521792899952640
1325371261900435456
1325543667021524992
1325388897912844288
1325489201585008641
1325335692411596800
1325487074615627783
1325437040872337415
1325544956161875970
1325582638518849537
1325555048802365440
1325381736222646272
1325463693400944640
1325326791423250432
1325566068153315331
1325465812132618240
1325560858945196034
1325453634423959555
1325553925630648321
1325436614986887169
1325516286256967680
1325410667998941184
1325380007032721410
1325520825055895560
1325523125971406852
1325330910984753152
1325453168591790080
1325388181966114817
1325562678144864258
1325558101521608704
1325311347794513920
1325550756464889860
1325393606694330369
1325569317656801280
1325490224621871105
1325484703273586688
1325459531032375304
1325353292503920640
1325513590217056262
1325531181912305664
1325316546013646850
1325555115563036673
1325529146576035846
1325291444270206976
1325443999210086400
1325413073654489091
1325381476859465728
1325587230358900737
1325483145349767169
1325366783780540419
1325335973836763136
1325555960069419011
1325517327891386369
1325535842673233923
1325287136069902336
1325536169686339588
1325484288335376384
1325396125298384896
1325448805085536258
1325393191164588032
1325377951140024323
1325508118994964481
1325550773212770307
1325466445065695233
1325418422310735873
1325486670754549761
1325376360026660864
1325522703219118080
1325528014067785734
1325587776419532800
1325518964995350548
1325390228505366530
1325476160910864384
1325459816681246721
1325409785135685632
1325492610753028096
1325319362195189760
1325530763148877826
1325463268077539328
1325385749424992256
1325512311914835968
1325554540276551682
1325373282560970752
1325332900305399808
1325522558230388737
1325465387887185925
1325561297090572288
1325525387061964802
1325499714821828609
1325421263666503683
1325406249631043585
1325367910064381953
1325372169593958400
1325493256537387010
1325470031317176326
1325562447307153408
1325476231752585217
1325572078444163074
1325487182468034561
1325507912727465986
1325454889661640707
1325559864119226369
1325529896710508546
1325561346805600256
1325487905624748033
1325408042356191232
1325510324888461315
1325553298951315456
1325558930831978501
1325328890487853056
1325383800164118528
1325406793217044480
1325549597717123072
1325520186787700741
1325496480573104128
1325511256267218950
1325536022000709633
1325566583876579330
1325563432230326273
1325402688499183616
1325535773555372032
1325491483311558663
1325524932864958471
1325521375897980928
1325487128814477313
1325490786247520257
1325479760886177792
1325419643318788096
1325538605826240519
1325561638288846850
1325554663614275584
1325342062728908800
1325365858705793024
1325342867913629697
1325480177347010560
1325527843145732096
1325442861022793728
1325567590824091649
1325570643551727622
1325400379329302528
1325360934727127045
1325524561975185410
1325446073553457158
1325560082206248960
1325486990394056706
1325490091855319040
1325426128144752643
1325566471028826114
1325578252417716226
1325414371313418247
1325517337194352640
1325289758252277761
1325505397067747328
1325536599673892865
1325572489779535873
1325478039090835461
1325420427766870016
1325582201329774592
1325333979969499137
1325515189282885634
1325495611760779271
1325371570404126720
1325526735912378376
1325369041125568513
1325485087568302081
1325379420257808384
1325373891330633728
1325468980996415490
1325538845312626691
1325510342437462016
1325465339254231040
1325503754175700992
1325343393896075264
1325350861707546625
1325468160045277185
1325524072864894981
1325500143165124622
1325436957984493568
1325540710695702533
1325537043569631234
1325394257092472832
1325512820063170569
1325365258551177217
1325416122452221953
1325375597460205569
1325370012165607425
1325493535844470785
1325555770440769536
1325411036934131712
1325510938280202248
1325552469271842821
1325363868844126208
1325532997051965440
1325554446319939584
1325494495581003778
1325555788019077120
1325519783606018049
1325366428346814464
1325536041697234947
1325482659934564352
1325582785030053889
1325240627383177216
1325534004704055302
1325570248439984130
1325532303678955520
1325466329999093760
1325416928509243392
1325545818615672835
1325326752495775744
1325547127083331585
1325543881711243267
1325510090426867713
1325528690936123392
1325496657950224391
1325418375162585089
1325488330545516545
1325530724951265281
1325478763791077378
1325356199466971137
1325553834379386881
1325534240239398919
1325534949924073473
1325416181742915584
1325567348175228935
1325422347566854144
1325458694151303173
1325513457148563456
1325280561028603909
1325480038205173760
1325392896745492481
1325519113033232385
1325535857873457152
1325531375051673603
1325487399976251395
1325353953144565761
1325476960248729601
1325560345973444608
1325559507544657928
1325352853590962176
1325550063184130049
1325447452644823043
1325577183088308227
1325545226740625408
1325545183337975809
1325321589622263808
1325509965143007235
1325436176141053954
1325565799852105729
1325421181646872577
1325354495778414592
1325435864604930048
1325520646537949185
1325564356403326978
1325540014990692353
1325576376527835136
1325319154879131649
1325416730248753152
1325503655953510401
1325403767391604736
1325330895390306305
1325300346193924096
1325459823887060999
1325561273719853062
1325507815222505473
1325391397147570177
1325378426681905152
1325384628631375872
1325364295794896899
1325499032698019841
1325540479778222080
1325479519726297093
1325409669679079425
1325492515877883906
1325396750899834880
1325506360310632448
1325392597725163521
1325317232398721024
1325495472665079813
1325487479412174850
1325385264051712000
1325568556906532877
1325521928740802560
1325455753981911040
1325477070156165122
1325255454595952642
1325571465253691394
1325355010583105536
1325424998090219522
1325509357774237696
1325525530419064839
1325556657334726656
1325492313926348801
1325374102778093568
1325242666041413633
1325409370302259202
1325476468349169666
1325558069565206528
1325411501285531648
1325403300301139968
1325499422864773120
1325310957942353920
1325536515376680966
1325488131420905472
1325374531196899329
1325548250045313025
1325236714324029442
1325444509065474049
1325476236995534849
1325517925818769411
1325503607660294144
1325467207678226432
1325523639022854144
1325505188862562317
1325466999800131585
1325490776130936832
1325583037271314433
1325373162620596224
1325528384655519750
1325575314383253508
1325568922377187328
1325528391911677952
1325539872334082050
1325549449226170374
1325394505252691970
1325585209857806336
1325556825102618629
1325413979263557632
1325335273920753664
1325574664899452928
1325528140144316429
1325403576127119360
1325325532796493829
1325430079728574464
1325545656245755904
1325466334210166786
1325491548700749825
1325435331139825664
1325346894160289795
1325393859640238080
1325512312950841347
1325380073508249600
1325384181212450817
1325522991929843712
1325506569484853253
1325347345085706242
1325458768499515392
1325389715172978688
1325567156633923590
1325500846239592448
1325362290829438979
1325365365266915328
1325420797536702464
1325503437509976068
1325393210601058306
1325465551305658370
1325455821661220864
1325456165648670720
1325367290586689536
1325521005540945925
1325517712064471044
1325351339908591616
1325554030282731523
1325457552436498434
1325545014995410949
1325484712807309314
1325465420766306305
1325458135755206656
1325504814629916672
1325565646667722753
1325482939522691073
1325530392930230279
1325412446673244160
1325359432344227840
1325331486703235074
1325472870705876995
1325520077253382144
1325546281989771265
1325427054574243840
1325411903217299463
1325361836745777153
1325469429854048261
1325541876812959744
1325370357998563328
1325375459937447941
1325552392260251650
1325525607426498560
1325451656788652033
1325443842942914561
1325567430358425600
1325383788046798848
1325473457199517696
1325463907645984769
1325392631543832576
1325511500191195144
1325436630988099586
1325426695684370432
1325416361590460416
1325263086987735040
1325504295702327322
1325531433604165633
1325561352904183808
1325392296926384131
1325582213694562306
1325452886344658944
1325557786164535296
1325520318283337728
1325495863645528066
1325373343290314754
1325515505164283904
1325504464883757057
1325502835212087297
1325490371078590470
1325461456637341696
1325367584322105344
1325399072174436353
1325407429895413760
1325572734550765568
1325543653486563340
1325372667457925120
1325307977029521409
1325317477870563328
1325498167870304257
1325363425304866816
1325571810935656449
1325437533417861120
1325419809459367942
1325431464427708418
1325550962770120704
1325497949837811713
1325503976498933768
1325494340865699842
1325565897961037827
1325547977012875265
1325324319401136128
1325486745538998273
1325459877431554049
1325344214570381312
1325343179055501313
1325583320550420481
1325462407041462278
1325482346494251009
1325460144273174529
1325455679772037120
1325566070082646019
1325345277054754816
1325512064123752453
1325495457183830017
1325382836711469056
1325386558313275393
1325461021155356673
1325553567562948608
1325476835195572224
1325401189006135301
1325522785821745153
1325552819894685696
1325459282666643457
1325451317704323073
1325445997665857537
1325438929911373826
1325453988616151043
1325580992707502082
1325556906837020677
1325498980088881152
1325548038035824642
1325434979820691457
1325462473936400384
1325566902245134342
1325437986570461184
1325505214007406592
1325241299151310848
1325453543306911744
1325556794144460800
1325473953750593538
1325423401889128448
1325350928321536001
1325351037377667072
1325509567514615810
1325540790404263942
1325549429093523456
1325379678207700992
1325504250982637568
1325414703628161025
1325383447100076032
1325450938061115394
1325579401413623808
1325487672861872133
1325378962013425664
1325403736416595969
1325231421124972551
1325528525907091462
1325403745824468992
1325411826222456833
1325418015098347520
1325494021163261956
1325365065042731008
1325491576366379008
1325457668039913478
1325370490966433794
1325381937700204546
1325485157864845312
1325449765925031936
1325546952633839617
1325498265039724545
1325398814623223808
1325531858680078337
1325554428611538946
1325575365058760710
1325467052459651073
1325321626431479808
1325461387603226624
1325461130748301312
1325554190614228995
1325469934877618177
1325488340263694337
1325479827340660738
1325512314506915840
1325400246390837248
1325559378842447873
1325348871321645056
1325572574127022081
1325434511325339649
1325476997422862338
1325486731190276102
1325461418360049668
1325449410176835585
1325527455885651978
1325381355220373504
1325377228318924807
1325481955169873922
1325372075087978496
1325396995247321088
1325353121736880128
1325368423354920962
1325475059646013441
1325454637399486464
1325422038916468738
1325230694948331520
1325433623395393536
1325526092166336512
1325471839892725763
1325312663186968581
1325549510630772739
1325493471952723975
1325504853184045058
1325381908319113217
1325431915151847425
1325562292067504129
1325501984582103044
1325389909872533504
1325482456821207041
1325470191581597697
1325558935630323712
1325359368301375493
1325394028439986176
1325517270148390917
1325527985643008000
1325478449054543872
1325523903645626369
1325463634416427011
1325345830056980480
1325369560183300096
1325395907433652225
1325538483167957001
1325529772638736388
1325580476178980866
1325504563827380225
1325524615448449035
1325479367103950852
1325510764715782144
1325525748451581952
1325390615132172295
1325414234872815617
1325247477281337345
1325482667350102018
1325549742621937666
1325522565775896580
1325563004428103685
1325449994288107521
1325362255710609408
1325487336658972673
1325457969899778050
1325447447301287937
1325535851108069378
1325367738139865088
1325513490581377032
1325387817057464320
1325325788925878275
1325505737704022016
1325488995757920259
1325405092175024129
1325545885741223943
1325426856024297474
1325290353516285952
1325377151647047681
1325243326765953024
1325559140702433280
1325487192542736385
1325578872876900358
1325552266607267840
1325532563176353804
1325382600240848896
1325529922232872962
1325348198890819584
1325491137356902406
1325505881631584263
1325572583660597250
1325466061433614337
1325557817760157702
1325483196482543622
1325540163427110913
1325557352670650373
1325349227946520578
1325557791868801024
1325501697360351240
1325567304483147776
1325404016986222592
1325365296362885121
1325556587113623557
1325407768514355200
1325452779616268289
1325586698294730757
1325381852543193088
1325555492383551488
1325417558779027456
1325548405121224704
1325547562988953604
1325502564943716353
1325563694382788608
1325579411501031426
1325544790172332032
1325473672027582466
1325324166912909313
1325546013684359181
1325549872985092096
1325535477206835207
1325364445783220224
1325501148116213760
1325543397478850562
1325441029445718016
1325253588235522050
1325378574199779330
1325526898764607488
1325438558547681281
1325513976411787266
1325497609398661120
1325509752898596864
1325496845431431171
1325533686582931457
1325408105333665792
1325232237865000960
1325552967169298438
1325564487836069889
1325514388443328512
1325557106523729920
1325542061366513664
1325531415967125505
1325536206843748354
1325522647757819907
1325333385150140417
1325407328477343745
1325452495515234321
1325558760341975040
1325257033340301313
1325526215634137088
1325560048769265664
1325553355649912833
1325442978450640896
1325509458223624208
1325556648807706624
1325490915553718273
1325472563586281473
1325497665933766657
1325402034686857216
1325392377394176001
1325355275432284160
1325344197067612161
1325378563722289152
1325370564127633408
1325412995325960192
1325416982573948930
1325556730789552129
1325553375585439745
1325466118803361793
1325463055719944193
1325360141198385152
1325437926226931713
1325477943603130368
1325533292460957698
1325395536871124992
1325386904896942081
1325570878172704768
1325557700315516928
1325418744596865026
1325347450757017600
1325538228775030788
1325325614551851008
1325480448483528705
1325474926766125057
1325535698808680449
1325498354768416769
1325523461050146821
1325440440154382336
1325376059605475329
1325553877593317381
1325518562333749249
1325239065848008706
1325410178959859715
1325350639610843141
1325570988696801280
1325492905117618183
1325354674237677569
1325533988748922881
1325539719992795137
1325559951469719558
1325536738840883200
1325425320380522496
1325371540217663488
1325522793765744643
1325372783250059264
1325527840939532288
1325537514015354880
1325360674080497664
1325534708890021889
1325476443669852160
1325475574379327489
1325417748160274432
1325341435349053440
1325372818255736834
1325554801585889281
1325475080885985281
1325395551710535681
1325540955320160258
1325352826722258944
1325388881685045248
1325522793073676291
1325533849393258496
1325532064922411018
1325381681151434752
1325512303970816002
1325373984708423680
1325339030012252160
1325418911853113344
1325435709101117440
1325519984047628288
1325429827357323269
1325549422747463681
1325531123426988034
1325310312829104129
1325522286452084736
1325489035041714176
1325467955983953920
1325474985297719301
1325523403508428802
1325443167324413952
1325583077725401098
1325551568507297797
1325534524755894273
1325354098695286784
1325547510719459329
1325359814021672961
1325531546359640067
1325343026210885633
1325438350531194880
1325495929517039617
1325531545663369218
1325501926662938625
1325439824950681602
1325529404739563526
1325537253322584068
1325496301140783105
1325552889964748803
1325506874163261441
1325446769891827717
1325392732475564039
1325388631197036544
1325259916924379139
1325398450855424001
1325452524313321473
1325374910869463040
1325530909748195329
1325526191969882114
1325474522636689408
1325507060105170945
1325503169732939781
1325537177858699266
1325516976131805184
1325345772146061317
1325568007905697793
1325478826659340291
1325562892255698944
1325375613075648512
1325551744219312130
1325531595361701891
1325379995112443905
1325464274114850818
1325430193918513152
1325362975729995781
1325486457516126209
1325404697369382912
1325515775877259267
1325518093184081930
1325437151471865856
1325502399876886529
1325354477046599681
1325337280094105600
1325551569417408517
1325501342421487616
1325522058923667463
1325506032869707786
1325546552509730818
1325458958182658048
1325562843056513024
1325377496175538176
1325495005482524672
1325429427539488768
1325415031144591368
1325332543164571649
1325289323932110848
1325356958069755905
1325431755646636032
1325491486784368640
1325482314848235523
1325459469871017984
1325373984255471616
1325507213490843651
1325501292266065922
1325585594152529921
1325313360582283265
1325547662842720256
1325564163821887491
1325410386670198785
1325453182290464770
1325468635683573760
1325504059932106758
1325582171705368576
1325459595180056578
1325563934196293637
1325534766024765441
1325519495939678211
1325533764559245316
1325511226194075648
1325415886946185216
1325438384932712451
1325500843701972994
1325382700593786883
1325521027871465477
1325566311972425729
1325381729478062081
1325412439740047360
1325537497020063750
1325330663587852288
1325321794123751424
1325435315029483526
1325332364524916737
1325515637733658625
1325449168668790784
1325331016333074435
1325385304790994944
1325540497977446400
1325396756369170432
1325561493384028162
1325450775536005120
1325486733006409728
1325475392753373184
1325377989605994498
1325458883012386819
1325382359349387264
1325484564400267264
1325358965409058816
1325470276616916995
1325391961575010305
1325327184458878978
1325499685403062279
1325327594133319681
1325438754358702080
1325529380408455169
1325524901709705216
1325410904058589185
1325393656279404544
1325578575744012288
1325485342560935936
1325518805234225152
1325459273451773954
1325515454862024712
1325423011655278592
1325287345868959745
1325535388690223106
1325549882988519426
1325486063499042823
1325520040830046208
1325324346391470081
1325474262367555585
1325489271223033857
1325409517656563713
1325397477042819073
1325391800606011392
1325588251692986369
1325512885880152068
1325392795041984513
1325381480370098176
1325564924345667590
1325475489004335106
1325412225130049538
1325355940493856775
1325579710873673729
1325491744348266497
1325259502611013632
1325467491716444162
1325375264122150914
1325533731503951874
1325411877543948288
1325506348960899080
1325556186050146305
1325483356960808961
1325417546904956928
1325536369377161216
1325398887016837120
1325440203033632768
1325498931065868291
1325490369186975749
1325364254480936962
1325371685198032896
1325350663916843008
1325398524691935238
1325473180203544576
1325356522868715522
1325355529741475840
1325553082495799297
1325369939792965633
1325541196912062465
1325488337319292929
1325340026864021504
1325535276916207624
1325370625838510081
1325491744688001025
1325521204422303746
1325552141319200781
1325496100384595969
1325574354038632451
1325484635829178368
1325541276213796864
1325400677649174530
1325531943769944067
1325381816795062273
1325454039606317056
1325378525382238208
1325561114009198592
1325520489331249152
1325557950690287616
1325392104001052673
1325508309282066443
1325556807583084545
1325485670207516673
1325233350643212299
1325531924073504768
1325460548398555136
1325465335688990721
1325364698292899840
1325504548350332931
1325366243201835008
1325549873882669056
1325516069763751936
1325497153901498368
1325506423573372933
1325465128616292354
1325484629160316930
1325418808992018432
1325313048006057986
1325538948580511744
1325310062441746432
1325559054601773056
1325566296994553859
1325536788681793537
1325566683600269312
1325465134177939460
1325493173842554881
1325419602197798912
1325559154744889346
1325457282528931842
1325520854621573121
1325376853624885248
1325394032789508097
1325456880211259393
1325585233144672259
1325392791434915841
1325498066015834115
1325309861354237952
1325490818027753473
1325559528553910272
1325558781133119490
1325376615833100291
1325412202128531456
1325475794148339713
1325552179252441090
1325474417749577729
1325412169081610240
1325263403850608642
1325557955169804295
1325500390520070144
1325484443172212736
1325546215996596224
1325410678337843202
1325427225106272257
1325456622748127233
1325537533246263296
1325551721830117376
1325527211026354177
1325493526747078656
1325531753881198593
1325523320775864387
1325378710627901440
1325569717717897218
1325526184768188419
1325465923134885890
1325522702606733317
1325564417589776384
1325422136694018048
1325398485533863937
1325476488888672256
1325322934488076289
1325442353067331584
1325560949688950784
1325524829810946051
1325525422990221312
1325489283118075907
1325411596202614785
1325233570550599682
1325554732182753291
1325505089352642571
1325395898000699392
1325458071682953217
1325398088039731200
1325373938378158082
1325529447257296900
1325466131210129409
1325451507114909698
1325359594739277824
1325559269660520449
1325431485185265669
1325471661873909763
1325417680401264640
1325386186551144449
1325526692698451970
1325560364847800320
1325488455309258757
1325511412865753096
1325560017639137280
1325393691029200896
1325247925233049600
1325533178157817857
1325573728604975104
1325328002473922560
1325527216286035973
1325446586349072384
1325391203769200640
1325513530766974984
1325556131952025600
1325352579228856320
1325495272877731841
1325526860407705601
1325536236988198915
1325486254419480576
1325380800901210113
1325501139618582534
1325386041130446848
1325430588623499264
1325440415408017410
1325522779660292099
1325417802233225217
1325551363531681794
1325429814447181825
1325416135207112705
1325416829565677570
1325401335810945026
1325543873586847747
1325537423363870729
1325512315488374786
1325491378298769409
1325416127078535169
1325381215730475008
1325485058648666112
1325515925018337280
1325528837036371969
1325522696864731136
1325504663681200140
1325572266923618306
1325521558706806785
1325532100376801280
1325345189372813313
1325367681210589184
1325524256365621250
1325530982074691584
1325476870180237315
1325567866230497280
1325567172429697033
1325329462209245185
1325398085707714560
1325499219805876225
1325446055643783168
1325472809410322432
1325438179244187648
1325393564810047496
1325549763882868737
1325381606983524352
1325471504235106306
1325373988806201344
1325332560839368704
1325452767251607552
1325464778349957122
1325368435996577792
1325351674970583040
1325550656200069127
1325449215280025601
1325464994176266240
1325481075704033283
1325437708530053121
1325577077693636610
1325538132381589505
1325525857897734144
1325580286533439489
1325573313943449606
1325501363971895297
1325356874087206915
1325519805504499714
1325397627572264960
1325534970128035841
1325547952216174592
1325333069788803072
1325524302695976963
1325370786404818944
1325453020654694400
1325363532427354115
1325371430050164736
1325372158806253569
1325569767864938499
1325466289763213312
1325377203626971138
1325537505572171776
1325243142145183744
1325382637092032512
1325436405108142081
1325410011279929344
1325334374255104005
1325519694653255680
1325525668822622213
1325507232855973895
1325496949626302475
1325383592806129664
1325489138993405953
1325333116169285632
1325475940441395200
1325508366391775240
1325397041888059394
1325358837310902272
1325385176021602310
1325453164020072448
1325527040490156035
1325541770235703297
1325495700671623171
1325360186240999424
1325475302189969408
1325243992175501312
1325583465098711040
1325529342471000064
1325263173658796034
1325489596784930818
1325465841815724032
1325519346643456000
1325436138732068864
1325420928214380551
1325376928103215104
1325451949593006082
1325359178450432000
1325507463169384448
1325528202723405826
1325370965740621824
1325357388501839873
1325527826536263680
1325477613587079170
1325487367218663425
1325534703143817218
1325436780330487809
1325543461160968192
1325499097156087809
1325477491570581509
1325417730955161601
1325494657623666688
1325366028147314689
1325302289398165505
1325537286625370118
1325473349254909952
1325559053947461633
1325543104124948481
1325565340277989376
1325487384096595968
1325340445556285441
1325533933258289157
1325520539906084864
1325442345672826881
1325499018575798274
1325486371541295104
1325499033159426055
1325444715714654212
1325514836386717697
1325550169358819328
1325490162873327618
1325366451818131457
1325227679487037440
1325457900408627201
1325350522065448960
1325553692192501763
1325401578782724097
1325483167730503680
1325479865039122432
1325390468130156545
1325584031157690368
1325508480468455427
1325544702729457665
1325519895099006977
1325363259298500609
1325487676095668230
1325496729286942733
1325557590164721664
1325520236653780995
1325465659250253825
1325322308748251136
1325386289391276032
1325551942811197440
1325395078353981440
1325537608789880832
1325472929124061185
1325500032993402883
1325539879862800392
1325560466312138756
1325337852587204608
1325508846434066432
1325570242915917826
1325359747063816195
1325378628868206594
1325411944237592576
1325423749571760128
1325364300395974656
1325468864839356417
1325550650151874562
1325511625286316033
1325437892680937473
1325572293272145923
1325531139323408385
1325521900068630540
1325436152187412481
1325362621428674560
1325421449679605760
1325504224327819264
1325523495091122182
1325349665097863169
1325486544485036039
1325548028334366728
1325466560677482498
1325385561230741504
1325393061908799488
1325525352014360577
1325521909459673089
1325528788793499653
1325405374338490370
1325526237008322560
1325442384805720066
1325535253381967878
1325546186787401729
1325438703989387264
1325404686208421888
1325502542839754755
1325523209647775744
1325421923526905857
1325286018036199424
1325526325453598720
1325496792859992066
1325559315286159361
1325517563992936454
1325536662609403910
1325498297335898117
1325350303550607361
1325513129745391616
1325236410236932097
1325509283384070147
1325586372627992583
1325470559073873921
1325578502414995462
1325393704606191618
1325505782511788033
1325490411486515206
1325431004870438913
1325391238904885249
1325495346852663297
1325444316316266498
1325547449755242498
1325397011437379585
1325393597353631744
1325474987260653571
1325389761008250881
1325536022957060098
1325570836254904320
1325462256126218243
1325487419744006155
1325525831565893633
1325414205525282819
1325410634029215750
1325483242590531589
1325378266258083841
1325570811663704065
1325362686184525826
1325515388428439553
1325420800040726529
1325367994541805568
1325561497112735746
1325502977751326720
1325420894580334592
1325551130827436032
1325386299835109382
1325523329894199296
1325500291823898626
1325470132781654017
1325553512743202816
1325528932083519492
1325577084048175110
1325397238793822208
1325482958334160899
1325399013890338816
1325532724376035328
1325486203114811392
1325491398825697281
1325343449718120449
1325491639528402945
1325476290405740549
1325327407067312128
1325340544588001281
1325478232582479873
1325474359918604294
1325538830083088385
1325490042333245443
1325538025217159168
1325485617426423808
1325579219238342657
1325450970789269506
1325439001680080896
1325518970187878404
1325528793554022401
1325439625268178947
1325370299966222336
1325577462080811008
1325461170032140289
1325459063082115078
1325549954027450369
1325548945540583425
1325536610998513667
1325470419223277570
1325561861018951681
1325466539487850496
1325365775906058240
1325395907911757825
1325245614880337920
1325527006834987011
1325302892639760384
1325335235278622720
1325459111526469633
1325351546981408770
1325512939261071361
1325565141816111105
1325509356658569217
1325489141342203909
1325381245245808640
1325492497204842497
1325455430043258883
1325422221695836165
1325556782991880198
1325584894362259457
1325497430301945856
1325558721502646272
1325520904135335936
1325503735456559105
1325363781602603011
1325548492555759618
1325442439486828545
1325337890797346816
1325490354628554755
1325508630356103175
1325382253199978497
1325420631882653696
1325490658367442953
1325508262524047360
1325554202173730816
1325242496255979520
1325501383290871816
1325445077947150339
1325573018949722112
1325565992739725312
1325555646197067788
1325533615824965633
1325397220108214272
1325487686849880064
1325460939643248645
1325380019095547909
1325507772834787328
1325503815370616838
1325418612648243200
1325527865362964486
1325552652114124800
1325557945829101569
1325511391181230083
1325483516700876800
1325466507577614337
1325573274785484800
1325549350441934851
1325554872645726208
1325393671240503297
1325459267030278144
1325351905141383168
1325380657829343245
1325376378687131649
1325445063946678272
1325526875494637572
1325461628360470528
1325489871851565056
1325346975345217536
1325521951130066944
1325569657881964546
1325574542811656193
1325554837531013125
1325499140621660160
1325507956360753152
1325464820804620289
1325522863475085313
1325565658919219200
1325491064820686851
1325379698608758784
1325485965733994496
1325488533147164673
1325518229746364423
1325343528642285568
1325514972311457798
1325565184639897600
1325389126435213313
1325405462662164480
1325475548957712386
