1324381427820056578
1324323750402236418
1324370397752627202
1324346096076886016
1324247727610515456
1324395332533440512
1324422933515771905
1324394751907532800
1324489512240717826
1324378093650354181
1324344479730552832
1324313875010015232
1324468769813680128
1324391190414921728
1324285203792220161
1324304191993556992
1324380010317254660
1324365753412427777
1324355791055425537
1324220174539624450
1324477634512826369
1324264565132152832
1324398739788832770
1324277432820617216
1324393769555415043
1324279202745667586
1324448406417346565
1324225705161510912
1324474293577830401
1324345658313220096
1324271697751539713
1324226931231989762
1324355925025705985
1324319254821310464
1324241305556439040
1324291369490403329
1324473022582083587
1324480750994018304
1324493914007498754
1324372909939458049
1324303068230541314
1324369759597723651
1324403290457677828
1324464960131518470
1324436891786235905
1324435285103562758
1324368188923170818
1324425146371919872
1324409276694208512
1324335769750851584
1324331194343952386
1324216841007472641
1324352608505679873
1324407840346288129
1324467438784831489
1324389670701146112
1324374962589884418
1324347993923997697
1324382354815782914
1324310913625788417
1324285231885635584
1324283847941521408
1324263518280028161
1324341903459057665
1324215419662716928
1324441748966412294
1324280562941571072
1324436635430359042
1324421352414191619
1324432801115103232
1324366215402409984
1324382554728894465
1324463789006331907
1324331252527341570
1324397236994846720
1324412754334240768
1324259387884605444
1324278489898471425
1324216887048314880
1324365609954672646
1324411513076129803
1324348166607654914
1324438218582990849
1324464467544018944
1324444653375148034
1324330736481112064
1324299934087172100
1324365526513102848
1324361455442034688
1324362966691696640
1324489185219268608
1324464209267204101
1324340848440561665
1324453785440296967
1324277027998937089
1324471395032666112
1324403981997801472
1324325251048787970
1324407948853039110
1324265010919579648
1324428696019750913
1324478146633236485
1324410911721926658
1324348280785018880
1324290374366568448
1324345666341134340
1324341369423470593
1324294629118873601
1324370018520473601
1324294145943375873
1324466609235349504
1324264450615070720
1324366033117995010
1324228148775575553
1324465161776844800
1324355336678084609
1324489599952031745
1324302028978429957
1324367876753707008
1324279422258589696
1324373266178494465
1324280592230481921
1324344723386077184
1324420770408419328
1324349954656272385
1324400218734022657
1324346644981272576
1324434824925450240
1324445644904431616
1324180073927397382
1324433662260240384
1324483441828765697
1324350999386083328
1324265234769608705
1324340767297556480
1324386450004213770
1324267874723237893
1324147490602582023
1324220465481699328
1324356656508084229
1324466970876588034
1324312768359636993
1324248505167302658
1324314566860414976
1324332045095575553
1324468283148566528
1324458316278484992
1324424329728303111
1324376006866702337
1324238430491025408
1324348011045072902
1324357469951430656
1324489238117834753
1324281993320898565
1324251402093404160
1324243242423123971
1324363852885168131
1324324473122770945
1324280811999293447
1324223650220908544
1324267805705994240
1324276857869651968
1324356354287587329
1324319993060876289
1324349932611002368
1324432644231340032
1324359538682847232
1324355347553918976
1324287022861877250
1324281929848492035
1324271916023226368
1324299010425954306
1324394358850932736
1324271896930770947
1324458717572714500
1324352100705411072
1324472288763326465
1324337059423834116
1324474347323576320
1324425541701820421
1324285422151868416
1324445796373307392
1324408655924629514
1324436131111383043
1324279359226716163
1324311353335701511
1324384074077712392
1324356972053995520
1324317401471700993
1324240872922370049
1324385927368708096
1324250848755617792
1324444323044360192
1324339916436836352
1324290434169012224
1324275859084161029
1324418759935799296
1324305587023319046
1324274520220405761
1324438885867393024
1324415746118701059
1324290794140958720
1324277867547680768
1324238719872831489
1324345057483345922
1324417580392763392
1324229573161242624
1324351507899260929
1324418559087386624
1324476248932917248
1324463834954911744
1324317975856467968
1324496123705393153
1324434940830846977
1324488381779333121
1324345320403329027
1324378767259803649
1324361238525186054
1324351641202675713
1324320747855241216
1324251801437220864
1324214815376760832
1324291537401008128
1324381543750619136
1324345276115619845
1324345729889017860
1324264050545594369
1324474472158711808
1324482649629577217
1324472198527094786
1324344473279700997
1324383144133406721
1324496846744596480
1324408420095741952
1324316918053019648
1324419215684784130
1324391536390537216
1324386705982578690
1324355931103285250
1324363556662464514
1324459058116677633
1324402971560599554
1324374062307680256
1324356427398455303
1324310262674051072
1324365926662287363
1324394262595833856
1324264020023627776
1324341152900939776
1324288408701849600
1324367634738106369
1324350248047812609
1324334141379383298
1324364218452316162
1324316688309997569
1324280322742169603
1324481002224365568
1324395267945279495
1324318700669980674
1324357196541550592
1324247427688390656
1324290724980994052
1324427277917192192
1324409330905583620
1324322090720395265
1324407743600562176
1324351219037544448
1324341146307407874
1324294250570391553
1324405543176384514
1324329941270482944
1324385365361332229
1324349463834624000
1324196741348995077
1324486002166112258
1324314247204163587
1324389513804861444
1324345816249716736
1324295554973749250
1324270886405443584
1324445083232575490
1324355539019702273
1324350913654435841
1324263878142906368
1324314059559370752
1324268191238029318
1324304725001621504
1324423400077565952
1324369852698681345
1324301429536890880
1324349081402179585
1324371217671983111
1324261280392318976
1324353002287804416
1324494321207418881
1324378683856080899
1324393951479123974
1324156362608304128
1324425050112610306
1324140771214315520
1324347836142637058
1324299406125027328
1324405143530573827
1324336895183257600
1324443666535034880
1324365544418664448
1324387828990619649
1324246631995367424
1324281180850716672
1324458027068608512
1324334882512920578
1324267269657157632
1324374704799518721
1324288746993442816
1324340077527486464
1324418641807478784
1324404168245846023
1324460872350244870
1324355447722287105
1324424532615188481
1324460775314960393
1324266545036537856
1324288083915845637
1324477915837485056
1324310897154773000
1324238204002799618
1324458035432009728
1324330458826657793
1324318941137772546
1324302187246325760
1324284784533737473
1324478201888968707
1324340337310109696
1324270277300244481
1324358597724327936
1324381680484966400
1324413034572451840
1324233621625053185
1324483086525104129
1324215196626395136
1324465471500988418
1324445672309985281
1324289630926184448
1324276098247569408
1324329270244712449
1324350700596404225
1324155136281878529
1324325856618139651
1324425156232683522
1324337444104404993
1324346223986380801
1324239849554092033
1324215268009279488
1324393954939412491
1324325775424868352
1324287489432031234
1324378104291336192
1324300700063535105
1324276794099421184
1324367823418937347
1324266000284635136
1324261083746574337
1324309128559419392
1324456045272535040
1324327737818054658
1324431227902939136
1324475886259896325
1324387478996979714
1324363505332572165
1324339717945569281
1324335112910241795
1324400846994608128
1324238167827009536
1324280660450807810
1324345671323963395
1324268740742098945
1324257931324542976
1324413050527559680
1324377734123081730
1324497575769157632
1324356505924194305
1324233865108557824
1324354411687235584
1324424532908756992
1324374520128569347
1324309240094351360
1324323798087335938
1324380642625396737
1324245123404845057
1324365520272007169
1324161818655412226
1324453125126762506
1324332165493067777
1324481338834067456
1324409300144607234
1324410598201954304
1324447936328159232
1324390754890981377
1324375889354858497
1324466023836372994
1324146678803308544
1324331934030434304
1324426042984013825
1324459230632546308
1324361843922665472
1324290553153015809
1324285620391464960
1324282651193319432
1324343865751556097
1324387414350188544
1324428404783984648
1324226172511834113
1324430623138865152
1324473862407544832
1324455125381980160
1324347012788211715
1324410808596615172
1324315654959304704
1324256940353007616
1324155331660943360
1324412159821041665
1324444990517452801
1324306384222064644
1324242814608302081
1324413917226016771
1324293148936445953
1324328616906424320
1324251750757474304
1324226417350053889
1324457839444840450
1324365376453566464
1324296857456156680
1324358970681733124
1324359247854030850
1324435864567582720
1324350758419050498
1324314401235755009
1324243296663818241
1324463212788678657
1324388952573444096
1324258905183166466
1324402605330747392
1324448833867304961
1324394529353568258
1324363818332528640
1324289568544329730
1324347118551793665
1324451182170038278
1324357255450533891
1324344886875869184
1324465868458336260
1324300231685623808
1324365065429155843
1324293733056188417
1324447515639533568
1324350836189896705
1324435139754102787
1324347785680986112
1324409517044584450
1324252114122641409
1324381079650869252
1324367609270312960
1324422461547577352
1324391233477894144
1324383740534104066
1324239945712762881
1324361912700854272
1324475736758145024
1324243580232368129
1324268250948128768
1324270743232913409
1324302368603856896
1324315083871293443
1324435461226594317
1324407110822731783
1324338921518620673
1324325912364679170
1324381211528220676
1324428797974876160
1324364890623168512
1324257007604539393
1324457672595410945
1324425379810082817
1324292086678650880
1324444147995025408
1324378037635436545
1324287854458130432
1324399754030231552
1324367369909751811
1324360757681803273
1324297244858875906
1324224693352697856
1324385555556290560
1324468330783219712
1324351545681563648
1324358389988773889
1324143657675612160
1324455527640870914
1324259668483518464
1324405155236843521
1324354013807214592
1324355707429392386
1324323822603042818
1324466822272397313
1324353319591153666
1324278874793037826
1324249853057245184
1324353936648753152
1324305061082624000
1324263393675694080
1324385813476659200
1324350335750709251
1324279772625686529
1324463745716916237
1324351198263169025
1324451899446353924
1324471866325639169
1324368348604469254
1324436691504013313
1324388357699440640
1324339931880325121
1324355478252621824
1324424411341008898
1324293332319772676
1324272359386341376
1324254433925046272
1324445684980944897
1324219021982617601
1324250290195959808
1324350189562454018
1324463044114657280
1324314058787606532
1324499480524279809
1324419494421262336
1324364454046371842
1324275608994664448
1324375713940676612
1324397342347448321
1324241364205318144
1324142708139692039
1324486071489613827
1324313401745645574
1324394245671759877
1324442560669061122
1324481077596049411
1324418234360205313
1324379817723236353
1324225731430371329
1324324017386463237
1324414682741067777
1324439309789941767
1324463749793796098
1324393400955711488
1324497076949049350
1324224253819052032
1324310661674008577
1324466731537076224
1324304803133095938
1324378744811888643
1324449916991754240
1324365000916586498
1324269777028866048
1324385853398016000
1324354829095997440
1324238459264028672
1324460572432388099
1324406341906141185
1324263858882695168
1324377339476803584
1324315706775752704
1324481814799503361
1324381844930965507
1324464555179823108
1324350229311754246
1324385820594393091
1324447216107425792
1324360000291090436
1324435763216470021
1324399548190674944
1324453100833353728
1324443481486643200
1324398379485569025
1324391438755528705
1324361001517699072
1324485627325329413
1324155330645921799
1324473538393362434
1324384534977269766
1324319453316788224
1324435031088107520
1324376981073469441
1324470040930955264
1324380653417353218
1324277193405509634
1324370221646417920
1324311880555528192
1324269926312480768
1324483650612846594
1324352490050113537
1324439008198483969
1324330510856892417
1324393850857758721
1324267888501497856
1324428450787151880
1324149133679206405
1324146951038926857
1324301353250861057
1324225105975746560
1324393404688728065
1324391534582734852
1324394128449429505
1324360056717148160
1324267325168799744
1324280785826963456
1324293080435068935
1324309159584669696
1324417597853618176
1324368821709393921
1324482942769467392
1324440513810993153
1324448450809909248
1324325575373279233
1324311327406522368
1324308622290145283
1324252772628389888
1324278095688441856
1324441266189381633
1324231263134371840
1324447410542829569
1324245785232494592
1324479168008974336
1324357321401708544
1324349892450488320
1324438985528279041
1324368383614345216
1324461392523677706
1324350875419222017
1324181808657895424
1324246601469169671
1324341613607399425
1324310899251912705
1324265029659693056
1324421147702792194
1324392171852697607
1324397845412302848
1324355578714595330
1324328725492752392
1324308704653643780
1324310271763120128
1324243867261112320
1324314667192356867
1324343639712190466
1324435100000550913
1324322665386201088
1324287984338903040
1324488211922649089
1324272902875873280
1324324489790967809
1324420623624491009
1324475979562180608
1324294726988800001
1324352771882131457
1324422352843771905
1324459555917565954
1324481905736192001
1324387125790449665
1324408423887314948
1324355002719178752
1324461414677925893
1324403324154712066
1324292920166461441
1324312451689623552
1324362349604646915
1324326532962230274
1324427737751277570
1324390858855227394
1324489924490469382
1324361350865367040
1324410493923151872
1324246770323496960
1324343385965187072
1324374924014743555
1324238823585435648
1324461473326862338
1324223572861214720
1324272454219534337
1324342281969782785
1324472253136969737
1324398536235065346
1324363621632249856
1324301795296976896
1324411638355795970
1324282396259352576
1324434189580705793
1324229127159861248
1324233665635897346
1324368823504523266
1324460663746531331
1324401398709104640
1324260818469429249
1324413168416940034
1324423207730978816
1324317737976549377
1324483359649792006
1324268478824591360
1324271493929410560
1324433668090351618
1324420439662276614
1324257398110998529
1324346166067318784
1324436208378880002
1324409374765391878
1324332197759881219
1324325053429878786
1324340931596791809
1324300167386943488
1324197828067930113
1324268784971059201
1324458112364040194
1324438576319385600
1324437972511559681
1324431670691463168
1324383314980016128
1324355649917116416
1324392801203757057
1324325710715125762
1324315001453191168
1324279704870887425
1324459667603554305
1324338124588257282
1324471166170521604
1324460334229409794
1324338304712663042
1324410899948539905
1324457072478593025
1324375158736461825
1324227056792731650
1324402855365718017
1324408866801479681
1324324264120639488
1324242452321046528
1324412240968245250
1324461728172773376
1324345849506385921
1324223835789512704
1324433972936515586
1324340919248822272
1324215223360901126
1324294054608314368
1324463638950875137
1324333353403895808
1324280630453145601
1324341575367958528
1324285763203276801
1324340808192065537
1324355859607113728
1324470666821836801
1324365099897888769
1324405368257171457
1324356818123034625
1324410342500376576
1324343873448148993
1324311819494850561
1324475377067073536
1324334216537100288
1324404306515267584
1324446778809294848
1324342475373367296
1324471676248203266
1324300802412974080
1324410157628039168
1324344675734605825
1324305246034808833
1324490818284113920
1324446509237182466
1324416466641408002
1324474601418723328
1324465540967079937
1324459534262374402
1324421178585423874
1324484149307150337
1324476957594161156
1324354025488343040
1324332747905708035
1324324701523660801
1324444366715441153
1324351925475835904
1324280031594598400
1324241775117086721
1324310506832908295
1324231648523812864
1324372019895586817
1324470010719383555
1324431935452651525
1324485293051883522
1324392545665732608
1324341791395631105
1324310062513430528
1324314023890952192
1324261065400721408
1324452062554398721
1324367360699080704
1324289413116035073
1324148731827113984
1324291466097733634
1324498040217128961
1324414864153038848
1324320020441243648
1324253525057167360
1324153464365240321
1324328765443461121
1324228248549687296
1324242450551083008
1324369229928402945
1324139717932310529
1324286057089798145
1324281361428058113
1324368285626994689
1324339200133615617
1324303633354092544
1324474122047553536
1324488124999884804
1324445885611257859
1324445211469221889
1324339291137388544
1324285567237062656
1324275252906643457
1324142872459943936
1324281366314393601
1324303083376181248
1324415021649154049
1324406035973611521
1324478699513761793
1324374243379978241
1324420717442748416
1324338744435134466
1324223275963207681
1324367991908245506
1324261066889678848
1324348335583625217
1324403144844054530
1324399619133104128
1324373660354924545
1324483029050576896
1324323292409462787
1324471606857637894
1324316454108467206
1324368912981598216
1324249888046125056
1324312739855126528
1324481879714762754
1324353347126779905
1324339966193881094
1324333500225519616
1324311256933814273
1324344655505510401
1324393547487993857
1324231922793488384
1324385673642680320
1324274901348421633
1324378423205203968
1324188994310184960
1324383863863390217
1324383631230513159
1324353528358457345
1324257549139480577
1324483376926101506
1324457319799967746
1324379133900595201
1324252034791579655
1324424304574918656
1324309719255818240
1324244780419862529
1324419067734798336
1324395861166727168
1324339683489419265
1324281198068211712
1324302368842911755
1324316864181346304
1324280631854043136
1324449733545525250
1324486910975352832
1324412696364748800
1324323292598206465
1324242968258187264
1324240821563121664
1324415904529162240
1324412333054173185
1324258169984585728
1324342734753275904
1324401604817244161
1324492590675316737
1324449120568987648
1324416168220905484
1324356238302449672
1324439858031546376
1324438710746861574
1324419676127006723
1324277125520650240
1324325095855316995
1324458617811144705
1324463691031552006
1324344645481041921
1324266151745097728
1324332200427474946
1324255621370253313
1324367548620615681
1324319026441584640
1324391776988225536
1324335850868690944
1324156609698942976
1324417720818032643
1324394838587047937
1324264832019943425
1324479576647630848
1324471462703616002
1324340628398972928
1324364023257878529
1324481840460242948
1324430560433942528
1324399485267726337
1324347717267660800
1324328825803710466
1324345546337824780
1324260624482918402
1324308158500798465
1324348979690299394
1324329201894383617
1324397559490744322
1324484136472584194
1324346727936217090
1324274818691354625
1324297738230632448
1324242493249126402
1324432191548436480
1324440355819950080
1324432147105677314
1324435813581639681
1324321181311377410
1324306100284391426
1324389151811248128
1324312180192403458
1324252374362431488
1324307280960098304
1324363362650726400
1324257523881357312
1324464523051438080
1324315591033978880
1324246509827821568
1324425176549892097
1324319123422273538
1324459634313338880
1324216668609007617
1324351081288183808
1324421769839652867
1324398203899387910
1324421974978953218
1324420885156159490
1324361139266965507
1324289304181547008
1324387355193708546
1324235398386778112
1324432831708336131
1324344383903354880
1324273570734813184
1324482229012226049
1324468733688057858
1324463414127792129
1324437785466621954
1324407549291044864
1324380879129583617
1324384761851367424
1324244069791485953
1324465964637970433
1324473979902529536
1324334715185278983
1324397919420776456
1324370671301021697
1324239270937272325
1324412456437981184
1324375641035255812
1324351386373541891
1324487357341573121
1324368835537969156
1324341134399803393
1324383522526793734
1324297663311978497
1324354400215846913
1324376521092567041
1324426483562172417
1324411759109824514
1324439512425111553
1324428222197620736
1324406867200741376
1324494576472760321
1324419353689935874
1324261317939761162
1324406389498802176
1324241020813512704
1324491571111227392
1324307757303025666
1324248295116603399
1324394558361423873
1324268589487132674
1324387382637068292
1324342546345172999
1324245334122442753
1324398250204549120
1324344179854614531
1324395349222531074
1324239433160368128
1324482333106458628
1324356138658390020
1324483195878952961
1324433900068810757
1324501126583123969
1324394532394438657
1324488051532419073
1324421190551769088
1324403550622015488
1324298354050899970
1324480561247883264
1324437244493635585
1324484741106728961
1324398914066354181
1324323645460828161
1324257694019145728
1324458698165702658
1324454141612249088
1324386477351075841
1324489186108461057
1324309083613241345
1324339218831867906
1324483969405100034
1324334415288348677
1324255641955979264
1324392560719220743
1324291599573147649
1324363776372736000
1324462656183537665
1324421993396129794
1324393010067574786
1324462754787430401
1324282704280604673
1324374179815280642
1324410580606849030
1324437633435578372
1324442356175822848
1324484484520181766
1324245809966309376
1324411732345966593
1324416612762603522
1324387925405110273
1324326256125616129
1324238598649118720
1324387483174555648
1324236395393802240
1324268247483584512
1324172255614689282
1324362010767839232
1324362711350841344
1324365551418937344
1324388416637849601
1324496531135758336
1324455348334460930
1324360651205234689
1324422665092943878
1324310684067340288
1324362477199630336
1324339508905725952
1324284874765803520
1324377662446592002
1324245567896248322
1324293127281278977
1324471783152590858
1324406551998771202
1324465579466645504
1324349621800443904
1324267615095787520
1324242720777474048
1324338582459396096
1324321314983862273
1324323109822992384
1324384623921684482
1324352104086048770
1324327681077465091
1324378608849326080
1324423053422579713
1324399790558502912
1324338099556593664
1324419624780419073
1324305649971453953
1324479655995473921
1324284393872072705
1324466806610894854
1324283172193030146
1324355659996024835
1324292837161242625
1324349801111130112
1324348955380064259
1324479246958546946
1324348060974141441
1324461785160818696
1324482080584224769
1324210877705396225
1324283734984675328
1324318117963698176
1324425592658427912
1324308607354216448
1324352202127847425
1324268972796162049
1324232011876356097
1324425447451594756
1324300052148424704
1324317953848954881
1324307791209779202
1324358290239901702
1324357241198268423
1324398348741287936
1324326595474214914
1324307450393219075
1324371101061910528
1324324176065404931
1324233419061141504
1324329058260406272
1324247126323400704
1324479045044703233
1324274597739585537
1324499060615766024
1324360098995703810
1324272719190478848
1324335364698492930
1324341841999892482
1324356406917685256
1324356717593923584
1324366717657747463
1324353636395343872
1324339731010867206
1324447478721220608
1324472924103913472
1324401157134049281
1324363738212896769
1324370888230375431
1324242225363116032
1324400925914574848
1324475722430382081
1324403294467403777
1324452095303573504
1324245428888653824
1324390485302136834
1324308473866321924
1324471098302517252
1324229124433580032
1324345711668940802
1324471059035271168
1324352232050118656
1324329335197736960
1324291338905505792
1324276617460568064
1324336876849954817
1324310187558187009
1324345883958403072
1324401625327427584
1324434043111383041
1324327263723204609
1324317327098322949
1324352812403302400
1324272127680434181
1324332852155162624
1324338285485957120
1324394459543543810
1324366376874770433
1324409087405281283
1324401979041423362
1324178493295439872
1324290603912433665
1324251832055717890
1324215119316979712
1324397793126088706
1324227323307171840
1324313000875036672
1324268610349531142
1324360299777040385
1324475044324642816
1324419728186789893
1324412523655897088
1324417795011026945
1324375804978077696
1324356819087691778
1324373179566067712
1324425333592985600
1324468910322843648
1324332056051097606
1324492447423123458
1324450402742509573
1324336008498946049
1324490701858549761
1324395318826438657
1324408460537114625
1324278984809603078
1324494001354035201
1324474749569949697
1324429408866865155
1324379211130425345
1324366400861982728
1324155430541602816
1324267005948645376
1324355832704831488
1324435798788317186
1324350781336813574
1324486440932286464
1324286937587453954
1324365292802363394
1324295734229897216
1324254868761120768
1324260695781920768
1324391423580475393
1324359041854951424
1324304634194890752
1324281721882349569
1324413563235147776
1324458684374753280
1324308337991819265
1324268608873181185
1324382689978425344
1324451478774435846
1324416277771915265
1324447110109057025
1324441722714157056
1324392491479633921
1324397384227606528
1324287434478231553
1324488678429859844
1324482001769037824
1324410976599420928
1324393471663243264
1324344949337444354
1324368765094711301
1324315651230621697
1324248589753724928
1324295755658571777
1324392794048225280
1324443844046426113
1324478327969767425
1324251349362626561
1324490811803926530
1324427898502131714
1324468750154870785
1324368343629996032
1324286051612065793
1324467024731508736
1324325506611875841
1324256096157114368
1324346398855307265
1324319050105819136
1324373320389791745
1324255521587793920
1324429293087297537
1324388829378289666
1324344688598487043
1324443320295313408
1324348869438775299
1324326183023087616
1324446107204788228
1324489748610764801
1324308333470298113
1324153470262349824
1324439193205022721
1324345594828251138
1324345600473767942
1324354256430944257
1324465467826806784
1324146783895912449
1324146741126463488
1324445928871383041
1324242106001559552
1324356229636984833
1324264457745403904
1324360263290814469
1324152244690948098
1324437875665129475
1324274007466631168
1324228485590716416
1324345406914990080
1324292075404361729
1324390015644934146
1324414957786664961
1324401764469231619
1324479702162116608
1324343471457636352
1324330347870433282
1324282964059004933
1324344810048770048
1324465155514707968
1324297040889872385
1324356935764889602
1324339912812957698
1324355712580026368
1324473541119586307
1324287590598615041
1324363410918825984
1324481886190710787
1324463530410737666
1324452014408032263
1324305603418869762
1324240328090673152
1324355003528732672
1324252947706990592
1324355039075381254
1324412095602003976
1324358752355655682
1324398474528509953
1324343352205205504
1324316794966941696
1324484523678224384
1324494190978519041
1324483510099415041
1324305040820109312
1324239458183614465
1324251010139828229
1324406702326845441
1324472318178041859
1324321442859831300
1324152211123810304
1324397099929247744
1324319079998627840
1324368205893259265
1324292515076448256
1324362027473788930
1324271182087151616
1324307785220296706
1324148420941123584
1324385760389332994
1324396256140156930
1324501640938967040
1324412639548760068
1324446764221583365
1324432189921120256
1324268136376524800
1324452713804058625
1324362810797789188
1324490728890867713
1324454349855199235
1324482373891874816
1324501739836420099
1324476149465042945
1324351314722230274
1324403132470800385
1324350761946546176
1324258816628842496
1324442969064300546
1324409986722746368
1324338259078619136
1324269647085162498
1324383261792096256
1324485737736249344
1324345735261917184
1324336159774957568
1324312577795624961
1324426157249515522
1324392214529757188
1324370933671436289
1324354896456486913
1324233408130752514
1324485961913409536
1324338861510721536
1324326808616128515
1324371509796810752
1324425694319960064
1324420840985890822
1324435952199237634
1324433582937542657
1324256102419255302
1324314529870786560
1324268191657480192
1324418741438947333
1324254937212215296
1324433708548587528
1324451510344994817
1324313370028314626
1324414962928881664
1324460689151447041
1324378813556543490
1324337909680558080
1324412566093942791
1324355398204313603
1324365889123352576
1324392667447468032
1324441199525138433
1324371019369484293
1324257972097327105
1324442193034096643
1324423902479716353
1324342186025144323
1324346709095387140
1324463175341875202
1324430082895716357
1324475783247790082
1324419723833020424
1324365213756542977
1324270195179966465
1324246104859398144
1324256586043412480
1324488110043025410
1324308744222789632
1324378967042908161
1324319352829681669
1324262797220466688
1324322539036966912
1324270363291930624
1324412356764585985
1324350006481068032
1324216454191996929
1324338523357536257
1324291909922279424
1324402548363677698
1324247062276427776
1324350745861332995
1324405424603488257
1324477483798978570
1324430647067353088
1324437387733250048
1324259513705398274
1324443819811704834
1324421473545658369
1324479621488848897
1324447236693118979
1324380608328568832
1324433524385058816
1324265809007517698
1324281301248012288
1324264413105442820
1324241072013348864
1324303928478019585
1324264981878181888
1324338664613257216
1324344752909811712
1324360273772367877
1324374929748340737
1324338653422850048
1324262112030580736
1324400156578643970
1324300219941609474
1324432328526077953
1324485265185034241
1324424513078132738
1324421048624947208
1324345504713613312
1324258026807873536
1324260868926951424
1324461392032923650
1324355824278556674
1324405800148885508
1324405105651785728
1324489029283385346
1324407865159884804
1324454884574416896
1324298591930822659
1324279891848798214
1324267552328110082
1324466539018551297
1324479420430692352
1324409718408925187
1324336521449713664
1324486383134777346
1324335495636307968
1324260621345558528
1324355855320518657
1324463389444374528
1324359821253107712
1324316563231641601
1324430619850452995
1324350682493837317
1324342678922907648
1324295091045978112
1324376495792496641
1324448078351503366
1324451963321372677
1324447762042245126
1324476769643208707
1324417131325304834
1324318234372415488
1324334317213016064
1324434849319583747
1324410270572306432
1324358414596739073
1324274525639528452
1324466554793283585
1324405125012770816
1324249693187198976
1324337786800001026
1324471829940084738
1324291410137354241
1324249443194019841
1324467805203406848
1324267292688089088
1324215250137337856
1324485262601236482
1324348514755846144
1324323291990032384
1324495704891469824
1324156138993102848
1324337465923174400
1324425531652276225
1324303448163143680
1324358849986469891
1324435678869020672
1324499062842904577
1324302429211512834
1324215090380476416
1324485935518679041
1324374520111706113
1324422849248022528
1324359929873027072
1324472214436065286
1324413973404540932
1324376270063439873
1324266443165388801
1324302727757877248
1324322457826828291
1324353496913764353
1324467883620052993
1324317837113085953
1324479553297883136
1324404942883442692
1324417411014184961
1324276469556776963
1324402117810028544
1324268785596059649
1324318794555265024
1324312873858904064
1324268242064580612
1324337687780823045
1324318107486269440
1324310499773845504
1324309399423373312
1324309681125425152
1324279358450765825
1324453171536777218
1324439419844239361
1324485594983129089
1324350120498991104
1324361234985164802
1324473103406215171
1324457852522663944
1324365925315973121
1324335364815966208
1324439665781493761
1324334430266281986
1324265068444459010
1324380127174795265
1324362993082245120
1324346305548820483
1324418196993179648
1324352891742752768
1324358400495464451
1324306127698448384
1324489838935085056
1324468481945985026
1324495704342073345
1324380049961820162
1324408013264986112
1324312549446266883
1324274334299574272
1324148266729197571
1324312300904419329
1324351725076127744
1324381987138842625
1324466493967486981
1324455992407609344
1324146406517518337
1324422952423706625
1324346464240361474
1324270483991384065
1324404733566738433
1324422510713184256
1324355775133851649
1324385694001860610
1324419068569489409
1324369765004136449
1324401828084224000
1324250914870513664
1324360199596068864
1324436527540281346
1324338486175031296
1324407276183146498
1324417900267085825
1324259680059871233
1324360823347810304
1324481209280376833
1324449082702729216
1324385245513351174
1324420150981021698
1324320113735204866
1324360045329633282
1324481487039856648
1324313633246117895
1324425832388009984
1324450974984032256
1324355524633251840
1324488479103963136
1324486397407989760
1324435660720246787
1324483553569234948
1324438234848518146
1324297009705222151
1324476351114547206
1324309202454646784
1324252504239054848
1324337600434417664
1324432008320290816
1324494504712437768
1324371247338315778
1324322662324252673
1324272365589663744
1324446151630675968
1324234691881349120
1324394816675942403
1324357849611411462
1324293953840185344
1324370046572023811
1324365563980898306
1324347770719916032
1324405416856571907
1324382117158150145
1324500015193247744
1324292071688208384
1324492581322063874
1324429669526052864
1324463564682334215
1324405645303517184
1324265712953761793
1324396883331174400
1324256496910278656
1324262954401992704
1324500601506615300
1324287035935498241
1324455746600357889
1324369240137359360
1324296145280077824
1324355738509185026
1324273550501408775
1324356038443868163
1324283987771170816
1324391661896667136
1324347711668297730
1324421858008158209
1324480189359919104
1324399996737933312
1324328266765946881
1324346376017379331
1324472263689801732
1324374932780974081
1324352871698210817
1324295368889241602
1324369552344600577
1324370870719127553
1324256828050604032
1324459167990583296
1324241638328291329
1324323792114585600
1324404498639523841
1324281775925977088
1324445299256025092
1324222830112886784
1324304842718892034
1324313183629312002
1324329559446024192
1324361730697342976
1324318677177683973
1324449173937278979
1324339604468736000
1324341124832595969
1324424455637131264
1324394252051402752
1324344312004489218
1324483430541889539
1324242671385387008
1324262545373483008
1324382241758347271
1324409311880237058
1324413971126984707
1324278989880463362
1324296903073370112
1324279977823653888
1324289151248850944
1324350002915848194
1324451801442230272
1324438194562174982
1324289744176582657
1324260088966729729
1324481137129922560
1324442058879340548
1324374635576774656
1324424133472624641
1324412170956886017
1324380674292436992
1324303930050969602
1324263788602937346
1324315311668137987
1324411290949951492
1324335181487132676
1324375060757405696
1324386745706754049
1324342519300263937
1324275506867556354
1324448135998021633
1324442282519658496
1324393146663526400
1324474920408174592
1324347483233857536
1324323747810234368
1324267545717809153
1324149091174092800
1324456968413741058
1324289317527789568
1324342841842290688
1324445625279225857
1324365390953275392
1324325328773414914
1324436063822204928
1324268584529502208
1324363365574152192
1324312536179724288
1324364318662664192
1324447109656023040
1324353707803348996
1324334193367764997
1324325499750014977
1324348343804416008
1324442651177984001
1324344738963726348
1324484648345473024
1324172012550410242
1324396751852314625
1324413285236645889
1324368616033259523
1324248096377835522
1324384030930907136
1324438783937421312
1324341832369786880
1324329657483878402
1324487663290851330
1324276512808407040
1324252104010203137
1324361272368967680
1324332974385598464
1324267171908886528
1324258701021163520
1324333521717088258
1324214725111095297
1324255433536712704
1324245761035554817
1324378901984980993
1324385851527303169
1324212150127251456
1324270364340400128
1324351982757466112
1324150363524661251
1324250317886754819
1324166644894208000
1324489181100474373
1324403604741066753
1324404749039521796
1324380651878055945
1324478978967642112
1324368297337458690
1324244614463787008
1324245089980473344
1324433697383325696
1324317041017475084
1324355602773168133
1324382219381727234
1324354705594687488
1324309366783299586
1324265490525655041
1324303827990908928
1324293009551273985
1324340533783912448
1324285160146247680
1324458262851391489
1324382939053019138
1324417671698546688
1324274774558887938
1324335416187695110
1324339944651923456
1324259399058313221
1324249976805986304
1324287700632064002
1324311734019129344
1324253466232053761
1324373594294652928
1324480738503393281
1324418307852742658
1324397989213908992
1324366486098640896
1324450319296827394
1324416716580020227
1324378944855035904
1324446052435578880
1324345779063050241
1324349556742651904
1324479246945918977
1324306776309878789
1324253311927635968
1324332795758551040
1324388465404948483
1324382183457492992
1324292517479780354
1324139568803815424
1324394599251693568
1324338265315373061
1324373555489001472
1324352202585112578
1324293583566966784
1324219524976152576
1324355403887583236
1324380368473116674
1324356468594876416
1324480699345313793
1324479099180634112
1324476659274289152
1324401243368947718
1324465221847687169
1324397863896555526
1324381231438594050
1324401840302284803
1324409606542659586
1324311316497092609
1324448548029607936
1324421101217341442
1324459333342633985
1324279013238579200
1324281921640255490
1324485752906985472
1324337222494130179
1324454333937819648
1324401416283316225
1324297441307492359
1324479486893719553
1324395677879803908
1324433597290418178
1324446725185167362
1324407281287573517
1324394940969947137
1324262881630760961
1324318269214461952
1324369913981607936
1324349017996824580
1324328467870158848
1324264358541746176
1324250607532822529
1324456061030572034
1324380775068950530
1324438238937993217
1324354430418980864
1324343298849464320
1324314037837008897
1324266905625075712
1324296523295952904
1324157036288987136
1324487655493718016
1324422299861372929
1324280340115062786
1324483882033565700
1324441293242642432
1324372920110637064
1324331813423165440
1324480648338411522
1324245642806468609
1324431900849676295
1324353757837230082
1324364463148015616
1324340385024532483
1324471320650932228
1324299049810513922
1324369629016477696
1324375225975361536
1324447105751068677
1324437859563118593
1324242524400160768
1324442773735542784
1324315747070468096
1324371354871844865
1324382742876925953
1324300820909871104
1324248331153977346
1324259866098229248
1324377413397172226
1324364443535450112
1324140129519194112
1324266553089679362
1324239010210979841
1324302146087563266
1324415288331456514
1324341739440775168
1324372288351907841
1324316670962372608
1324287666427449344
1324466445011558401
1324236803415617536
1324439238616776704
1324276325608247299
1324388552852049925
1324299462009905155
1324467605323812864
1324350285414805504
1324371610598625281
1324344483777970176
1324278780895125506
1324364603246157835
1324352622686539783
1324250198395232256
1324423552028782593
1324228683729698816
1324277221314449409
1324340504679645185
1324496751307489280
1324264045155917824
1324260606891991040
1324382428811722753
1324317204867895297
1324422592275558400
1324361530935226370
1324327192449474560
1324314533264019456
1324259469749035010
1324442259086069762
1324311800616275968
1324373281856770050
1324483979630837761
1324354778625937409
1324286357192269825
1324307708267417600
1324399032224092162
1324299159181103104
1324308896257900544
1324418255851868160
1324344997647405057
1324467274888192001
1324286567272321027
1324482476853657601
1324332776611581952
1324371237288685569
1324355251256918017
1324440425906774017
1324386306370244614
1324363117552349184
1324444935324655616
1324345085467779072
1324438534250549248
1324465274859388928
1324298609110732800
1324170648126717952
1324351193037086721
1324242017560547328
1324491559275036675
1324488522418524161
1324413948704280578
1324471193911648259
1324351078062850052
1324445979102371841
1324330131423461377
1324359942158065667
1324371024952119302
1324356176801312771
1324272576043114496
1324247285916643335
1324344135675977730
1324336570439241730
1324355402637729792
1324250555884208130
1324450934597058561
1324270095661715457
1324323909152526336
1324333054672932869
1324231181114744832
1324438669520941058
1324485507674505218
1324437606088794113
1324355507273060355
1324298596301287424
1324280981432532994
1324261343399202818
1324496444879970311
1324410788828860417
1324371354628612098
1324378744321150984
1324397495456354304
1324410082906509317
1324368937132335110
1324457905937145858
1324278008635707392
1324247844518244355
1324270017270210562
1324319191554576384
1324389944580841472
1324278121588236289
1324188009139503105
1324365216331796480
1324361688561405952
1324348919556542464
1324496897646743554
1324452751166918656
1324324549853241350
1324490342553575427
1324283769357017089
1324407183988137985
1324348148588941313
1324396570100596739
1324274450804756480
1324223394364170240
1324405137142665216
1324264563110518789
1324367709300269058
1324348704380387330
1324142480892301314
1324267022188949504
1324484983290056704
1324361535788097536
1324263677437116416
1324433248806723585
1324438673442693123
1324443673468297218
1324365531756011521
1324433348677275648
1324456172729094149
1324369077255753735
1324387433769742339
1324436604073725957
1324357474921730050
1324332140155277312
1324367463098757122
1324433052496515072
1324324987935875072
1324299832157196289
1324297260327444481
1324421397884686336
1324480711219400707
1324449729011474433
1324329435282219009
1324452245497352192
1324332206001692672
1324360287680667657
1324301433836130309
1324314851297185792
1324355173049896961
1324337759838969856
1324242825140162560
1324232063155916800
1324272068947574790
1324357703301505036
1324450111850729473
1324395558920982534
1324423631552892930
1324394451666640896
1324391956349394944
1324371130786918401
1324353600173363202
1324258940360839169
1324331008284610562
1324316959748591621
1324475520520773633
1324348935620669440
1324425826696339456
1324361833575231490
1324342494302244865
1324413964869083136
1324413988516626434
1324355337554710528
1324337038603280384
1324143620635713547
1324438599492915200
1324410341233696775
1324336671253516288
1324475823840202756
1324429641692708868
1324345824772542465
1324317920806215680
1324357550985433088
1324480363482275841
1324368688640888833
1324299265972314113
1324261208816574464
1324350348153262080
1324425694856781824
1324288519662129152
1324441228566560770
1324428881240141824
1324477133926866950
1324360290537000960
1324323251971977217
1324360757748916224
1324355125528399877
1324288593213444096
1324446646600695809
1324343425563561985
1324444092982546433
1324268754839183361
1324363093749735426
1324305229874106368
1324360127110152192
1324344482012270593
1324366737723240450
1324329989391732737
1324390451890323459
1324345655637299201
1324485488405815298
1324393454462504961
1324293077180256260
1324283175087054849
1324429321369505792
1324313049692594176
1324340592273444867
1324346067023024130
1324450052794966019
1324350083979235328
1324457160324112385
1324486621597732866
1324308404005937153
1324413356988575745
1324376127910150146
1324438864715485185
1324247698149646336
1324433837162717190
1324290481556197376
1324339745913266178
1324371916308754434
1324335570919804928
1324400878623870976
1324325837907337219
1324304088083943424
1324453079547322370
1324375535640846336
1324369607667425280
1324352535977754624
1324462402012880897
1324305374745382917
1324286490428530688
1324341384493649920
1324333564062769158
1324281858985758720
1324431211847127042
1324352910701068288
1324480056719298560
1324358436272934912
1324454410697756676
1324386283054125058
1324410906093232129
1324363865531047936
1324407198483685376
1324330724669968384
1324381111196262401
1324307639271071744
1324413600929357826
1324268605995798528
1324362803692654594
1324361096199917568
1324272999898427393
1324447298710102016
1324411611940081667
1324334372258983937
1324408483345780736
1324274455640788992
1324260882445197312
1324414375550214145
1324378063099076609
1324468226223386625
1324418922645495809
1324360601573990400
1324301130973720579
1324370518959550464
1324270664442929157
1324379734457856000
1324271668550868992
1324253546129358848
1324326548598628353
1324386836425383943
1324242644311117824
1324479848316895232
1324304138440744961
1324328746594242563
1324368832417456128
1324361304337981445
1324309642466500615
1324440908968927233
1324377645807734784
1324276503387975682
1324483080699236353
1324360700660244480
1324361230048497670
1324244691014078464
1324294756764176385
1324309976026894337
1324447820263366662
1324333885598142465
1324472437782814724
1324482548559421440
1324356792722272257
1324342088100708352
1324473788621344768
1324262663367610370
1324279579306086400
1324361997727813633
1324292436743593984
1324481477325762566
1324406110644801536
1324267732515360769
1324457101196931072
1324387639764656130
1324141598972796928
1324406355260706816
1324403860912410624
1324353094759686145
1324481556224843782
1324399652762980353
1324391913575927809
1324486495646838784
1324477191317499904
1324283533695868930
1324318819540733952
1324240858753994754
1324430060011606016
1324285083231113216
1324427856718561282
1324374029722099719
1324299232103354368
1324242706835611648
1324371324685426688
1324291631282065408
1324249777194913792
1324152627739922433
1324269903000555520
1324497670854090754
1324330083700670465
1324356555710455808
1324318840004743169
1324481464474456071
1324467204168044549
1324239853404495874
1324306411916943360
1324483718094954496
1324407788479696896
1324330558441357314
1324283319283027968
1324224704299884544
1324384602446794752
1324361879804936193
1324495075355799553
1324396627319205890
1324181794493792256
1324473081788813315
1324500486423220224
1324249373488893953
1324379672596090880
1324298425429622786
1324271131914883078
1324435556416294912
1324329797967876097
1324371328279994369
1324263820982976523
1324408341154746371
1324272328277139459
1324253070302367744
1324426173372313601
1324423912646651909
1324369271372288001
1324449994854879241
1324473256930402307
1324316789715722241
1324364317060464641
1324478821169532929
1324451361329696770
1324444464203632642
1324262699283419136
1324357863179907072
1324481729126694912
1324286473252851712
1324311440547848193
1324330209659801601
1324408579093311495
1324356154642845696
1324442743989538816
1324396056013119489
1324282293549228032
1324496236129509377
1324276923283943424
1324479979929899009
1324440426275917825
1324360902095884289
1324245856695058433
1324486482489466881
1324395258222989317
1324335965805125633
1324325397245419521
1324255427027259392
1324438971997368321
1324393165487513603
1324499212558573573
1324331695529754624
1324271275963985921
1324375275161985025
1324342382243045377
1324140919042560003
1324333782665756674
1324332735142502400
1324369396647792640
1324350697043886081
1324460058709733376
1324347912403505153
1324420143104036870
1324343586163314688
1324296756935446529
1324471490893516800
1324397349934911488
1324366192157597696
1324362427400683527
1324380810066173955
1324343634909691906
1324311393282215936
1324271308419571714
1324422440429277185
1324417866943385600
1324480078248554496
1324376157576376321
1324365101881765889
1324345426997317637
1324440357883547650
1324380899513958400
1324165379984412672
1324409136885473287
1324314708871184386
1324398171955539970
1324281153835143168
1324259086632968192
1324382249098334209
1324377054662610953
1324338926472089603
1324370703039254528
1324246762262056962
1324276941785104384
1324282750011121666
1324313171444801536
1324242661826506752
1324253824408801281
1324398567168086016
1324232503834628102
1324362352628740096
1324361974550007809
1324336647337578496
1324329646108909569
1324285039748796419
1324321741599027200
1324358355415146496
1324417666052878338
1324376065893158914
1324445913306308617
1324393249826578438
1324405324128858114
1324332367641804800
1324238802458652672
1324234133137059840
1324313673683378176
1324285399083134976
1324263668960382978
1324457622905511937
1324376135480741888
1324485776411922433
1324373565651693568
1324336319284367360
1324295521322835968
1324323340958502914
1324333592550526976
1324288926945857536
1324374516726960128
1324311400475467779
1324289493675945985
1324314252778348544
1324333432651026434
1324379169879396352
1324417367917690880
1324412652634935296
1324333401319579654
1324399974587813889
1324418532411662339
1324351878105387010
1324456226994954246
1324448620222042112
1324480918380306434
1324400971842232320
1324277444392738816
1324495284618100739
1324443559601340419
1324318373409378304
1324472819229597696
1324293251378139136
1324223599176261632
1324312360178339843
1324275312562241536
1324476431204786190
1324407351533862914
1324364963750809602
1324483062713995278
1324439179632193539
1324457819710627841
1324455992063676421
1324423071034429441
1324311711273332736
1324320268391714816
1324411826034089986
1324265986074304513
1324474153689358349
1324373956703473671
1324323774657867778
1324324332554899458
1324289769203998720
1324252102726684681
1324381562889216000
1324337173810872320
1324293178980290561
1324350733995675656
1324471140258140163
1324420937484279810
1324400123124867072
1324376816325414918
1324341745249898496
1324472894148255744
1324340454352130048
1324255408664567809
1324378498157449217
1324425977167052802
1324467687150551046
1324468593619357697
1324365597912817664
1324340346726264832
1324338870566223872
1324330509074337797
1324216688406122497
1324408589369384964
1324300334228033537
1324364403186216964
1324460664585420802
1324485107676303369
1324358360523821056
1324356499880222722
1324330930723577857
1324396959722065926
1324449071109726215
1324290722221203458
1324434915367309312
1324347685021884420
1324261965645139969
1324249502807674890
1324485389961363458
1324468455295373313
1324480013014544384
1324489399522963457
1324382477280968704
1324342612216655880
1324263625251557376
1324346525238132736
1324243188677287937
1324386905899864065
1324283456956862465
1324327570486165512
1324268934430863363
1324388357632348161
1324466508492394497
1324472383319793668
1324366800994377729
1324485132502401025
1324417834550788096
1324166136443883523
1324439734102478848
1324439959378472963
1324239988813406210
1324454503773544448
1324460805518229505
1324362454990835712
1324245786054561792
1324485853117374464
1324328108279787522
1324323734954643456
1324285687991074816
1324274432450437121
1324225005337665536
1324412587979771904
1324323636631785472
1324496799999164419
1324411198453022722
1324465916084654080
1324420514123841540
1324372939182145539
1324439667639492625
1324370927920975872
1324357650121953280
1324394634769027072
1324356398709440513
1324241002782248960
1324381605855711247
1324419051943284743
1324426121304309761
1324436583676698624
1324278193864531969
1324156356195209216
1324413411887845382
1324286664471097351
1324235643053027329
1324407551329525767
1324352909564399619
1324441707077947392
1324370785255985152
1324400865399218178
1324229601556602886
1324345802312110083
1324284563116462081
1324223502568873986
1324384242382589965
1324473142031634433
1324440639665278978
1324236110185287681
1324260487241125889
1324484991695421443
1324240637315682304
1324211265019981825
1324455282970447877
1324397757981986817
1324383915679907840
1324478694707134465
1324328014142988288
1324437376526176268
1324331561068630019
1324340862336307200
1324453483727171586
1324245974286540800
1324327418618892288
1324255573798432769
1324265007723544576
1324141960240705541
1324394152541507592
1324445222764486666
1324247235924733953
1324448207385088000
1324341425492893697
1324403141786435587
1324308795984666626
1324455205010812929
1324341976733569026
1324479810719145986
1324342452275347456
1324306875752603651
1324432900759212032
1324435678575370240
1324390093847777281
1324467381356449799
1324460343960215552
1324418086586535938
1324356653395910656
1324409372794101760
1324278599017472001
1324434477410603012
1324320969629048832
1324469640735633408
1324466610015522822
1324413515948576771
1324297499809619970
1324382771754737669
1324352320465940480
1324372659162042368
1324350504118439937
1324272749263622145
1324352341957554177
1324345013334118402
1324280899467436032
1324340707717484544
1324365262448189440
1324274760231038976
1324387935727292417
1324336103491600385
1324484984128868354
1324417817161203713
1324351800452014083
1324333989222588417
1324439801395859456
1324337269206077444
1324423835429539840
1324431739612205057
1324314789582163970
1324426188765437954
1324374534041075718
1324323371706974208
1324488823812882432
1324410694763220992
1324363868286713861
1324300069722607617
1324287510403555328
1324338910814736384
1324397888982687747
1324396025918951424
1324270870039322625
1324417448469241857
1324468375540666371
1324363780768280578
1324379857900494852
1324375493563584512
1324255035719589890
1324322596154953728
1324345510631776257
1324361426354475010
1324401590414041088
1324383094137376768
1324393172349321216
1324494739085938688
1324328719440371713
1324320955875926016
1324311587965075464
1324488415254093824
1324284718230228992
1324321539291041792
1324325710660571136
1324451783889068036
1324308942042865665
1324442899615014912
1324377922556383233
1324480495246319618
1324399769742200832
1324263619119427584
1324471606656290817
1324421914589302784
1324329711695286272
1324308684734898177
1324418294481301511
1324408514425556992
1324352898055184384
1324387819016638468
1324404760649322497
1324313492606902272
1324243684116865025
1324433863913984002
1324208890658070529
1324349641614348288
1324277970366771207
1324270464382963713
1324351509535084544
1324327489133490176
1324443729411932160
1324257916816424961
1324279880738054145
1324485531770724359
1324409211829235718
1324282537854881792
1324312871912747008
1324321374547202048
1324352366875975685
1324408574399991809
1324232481705480193
1324358646415974405
1324393410879492096
1324363037151842304
1324452557918474240
1324383975226384396
1324377577012822016
1324448394803400704
1324262185808388096
1324231943299321856
1324433451030876160
1324291897632972802
1324245016798203904
1324370622093369352
1324273483052916737
1324380146439200768
1324308685598957568
1324395259648970754
1324271287175446530
1324497732728487936
1324481146806280194
1324455387538534401
1324378454989721600
1324381291333242880
1324384172769746948
1324393200258146306
1324386954155347970
1324482647498915840
1324428564037591041
1324353518149554177
1324331697530408961
1324307133303848960
1324374033748660231
1324264410525929479
1324419280633532418
1324417723510771713
1324399333488381955
1324361117708263424
1324350445767270400
1324204364366565376
1324248042309066752
1324414263377743873
1324352234436677634
1324488526864523265
1324409449566654464
1324436282966220800
1324458075999379458
1324348059032211458
1324293844981133312
1324438437819305987
1324400154083033089
1324438785317285889
1324366595163119618
1324446660546727938
1324351980312104962
1324433011975344129
1324331751079088128
1324462097464479750
1324249217196576768
1324441019727970312
1324306208564629506
1324249367163871233
1324415933146910720
1324320119116484608
1324261715660447744
1324277674815197184
1324269935015743490
1324343483386265600
1324287875509342209
1324275572025995264
1324487441705799680
1324392797638660099
1324438679960563712
1324333234050781186
1324488905987624966
1324239231116562433
1324216723306893312
1324384057187336192
1324311701056081921
1324386992747065346
1324346623015690241
1324241932764196864
1324418417990995968
1324225927077769216
1324216201963278336
1324419858323378186
1324235047088623619
1324359386375049216
1324496108287070208
1324382631316885506
1324276466322989056
1324345567380647938
1324279169262460929
1324370894119198720
1324364357615161344
1324456418892779524
1324395839012392963
1324368081724997633
1324376716249305091
1324307553694683139
1324266799538601985
1324443873268158464
1324193233124102145
1324467940666867712
1324353602010419200
1324351583036051456
1324352693264130049
1324371575978795010
1324310384023621632
1324389312868339726
1324440795362009088
1324258954470371328
1324440244830294018
1324440380230803456
1324445758666539009
1324446015798259714
1324256293142540292
1324361936310571009
1324264404880400384
1324307693234987008
1324428890035654657
1324407517401829376
1324243010964566016
1324267058843058176
1324414963503501314
1324279286040244224
1324480364442722304
1324266603773628417
1324463484604731394
1324279627867717632
1324242899714924545
1324466809249140737
1324360422259150849
1324454920528007170
1324141967236882433
1324372117790593029
1324357464784068609
1324264463466463232
1324290741070372865
1324398927681097730
1324377249991266305
1324467585627377664
1324381172013694976
1324357055344496640
1324400461064114176
1324419762580082691
1324483865382178818
1324310337869545473
1324251565339934722
1324257820657811457
1324458449061773312
1324366550258864128
1324356386592088066
1324334865496592385
1324274680828776448
1324141985851154434
1324425370842603524
1324387774930292740
1324362733412896773
1324412347797164037
1324459596208066560
1324288296953040896
1324332018306613248
1324426658099716102
1324365486759518214
1324345325021179905
1324305052731932673
1324322529553620992
1324251850263187456
1324443444216025090
1324438842619940870
1324410952951992329
1324493553133887496
1324348804368392193
1324312362866925574
1324394714217545733
1324329312854691841
1324420247252799496
1324487811937013763
1324471545125810178
1324263823021400064
1324222723661438976
1324475651399757825
1324455376713142277
1324283104396267520
1324359010364121090
1324312329425686528
1324378993114681344
1324451497770364929
1324391590996172805
1324353460167430152
1324416950391480321
1324377530795757570
1324278475021275136
1324446630834245632
1324434438277734400
1324242950054940674
1324270767618613254
1324346966634123265
1324329737909637121
1324418781821677568
1324497155541913600
1324446415360266243
1324369482454867968
1324316722610999296
1324391357138509824
1324271792865873928
1324270289161781250
1324420171075866626
1324268717467947009
1324241239739375616
1324369464880734208
1324445298538762240
1324414663950536704
1324351056424374273
1324397143558397953
1324331984051646464
1324373744924692483
1324456415323455490
1324239877374988290
1324395120272224256
1324457780615499792
1324408993557733376
1324306209873211393
1324302803104354304
1324279197662064642
1324307695516745728
1324394539092762624
1324462598461468672
1324331174668492801
1324341750803111936
1324444429097291776
1324312458903904257
1324409164890841089
1324418951485497345
1324298098366185472
1324406675063869447
1324268025688821761
1324267546959400962
1324342340165738502
1324314987469410310
1324439045682978818
1324435603946090496
1324242658185891842
1324229963151745024
1324373052415713283
1324219316389269506
1324225639071780864
1324456953767219202
1324276099656941569
1324492318012047361
1324351938180321283
1324281104828911618
1324376418126618626
1324353824803430405
1324452672565641217
1324252881051156480
1324270755736145925
1324451809646313474
1324283495930351616
1324354646757068800
1324252152416620545
1324271078794006530
1324402563018641408
1324361688582365186
1324334194164715520
1324440494492049415
1324390505334132738
1324424217786486785
1324239634243739649
1324215328201736193
1324364927776280577
1324296411081510913
1324207993966239744
1324362459873005569
1324465836355104769
1324483933069746176
1324439138280656896
1324365715449720834
1324287089912012800
1324482185026588673
1324315246631288833
1324483999478284294
1324344936775458819
1324299948888891395
1324446060429877248
1324368541680836608
1324348398594646018
1324271826759987202
1324361675743678466
1324413996808765442
1324240328656904192
1324414041914265600
1324316087882784769
1324478009529815043
1324419877923414016
1324301833884651520
1324226824314957824
1324408259982299137
1324355504710340611
1324313150964072448
1324474220286455814
1324465504023678977
1324424193841209344
1324400714119086080
1324350328951767042
1324295559390367744
1324324528298876932
1324364068652810241
1324254434570997762
1324482211442237440
1324361435569442817
1324273012804325376
1324493043119149058
1324355456358297602
1324472350088323073
1324433885367803904
1324428565513936896
1324383830992629768
1324468828168925185
1324363273869942784
1324406805422874626
1324464579938758656
1324361677937278976
1324298591066869761
1324422488248459264
1324412928515362818
1324345692744241153
1324350087808622593
1324266746941984770
1324263351464198145
1324350299105099780
1324451640318087170
1324448067500843012
1324364764596838402
1324418480062500864
1324493553565896706
1324335290996133890
1324400492164882437
1324296709015511041
1324262738181427202
1324493257947160578
1324478518634389504
1324358633644269569
1324237047427641351
1324320185382297601
1324424622490734593
1324368121373872131
1324496741975183361
1324248563103289344
1324435383220842496
1324338089288994819
1324358600857407488
1324241003058991105
1324484531471175689
1324396912552955905
1324331806078980096
1324275571690508291
1324259900147552256
1324302401998913536
1324262192070406144
1324245132447637505
1324350165185187842
1324337117154213891
1324326063036633090
1324312754296102914
1324353390084820994
1324404834158739456
1324317090904494080
1324263706264588288
1324479885776244742
1324395969027411976
1324267812341403650
1324467108001075200
1324416826596642824
1324356416883273731
1324384526416650242
1324359326182514688
1324285130899365888
1324495302657789953
1324295225976696836
1324309720908419073
1324275280962293763
1324295987175841794
1324311672849342469
1324253392496189443
1324479424570576898
1324348724840173568
1324317671295488002
1324239453360193537
1324404979583561728
1324430275519107072
1324288869081243648
1324384940738400256
1324474039008722945
1324392808011210753
1324374542169636869
1324288656287375360
1324457044158664704
1324292214214828032
1324245602474090497
1324307364804284420
1324387427096690694
1324290511570673666
1324267372136550401
1324313635569754113
1324353564479803394
1324314960185446401
1324304333463298049
1324416316904714241
1324273349023903744
1324306590833455105
1324463696471642112
1324312991454679045
1324339406224924672
1324489175018733568
1324444285777911808
1324305100429578242
1324468544415899648
1324454462380015616
1324431826925006848
1324231923628167174
1324424100085977088
1324488297733935106
1324252563789828096
1324366471280156673
1324352821500747776
1324410878427582467
1324278188491579397
1324266455664394240
1324279417502375936
1324344321412419587
1324294724606373893
1324490677451956224
1324312064970600448
1324262864107016192
1324337528732819458
1324240458487353347
1324247124566024193
1324363909835464705
1324360399597248512
1324386256202194944
1324433590621523969
1324256887429337089
1324486861126012928
1324252616478597120
1324258264956178432
1324414913335480321
1324359651421528068
1324458178638172161
1324402554588057600
1324393799079104512
1324344942211305473
1324264942166511616
1324265544237932546
1324240440858681344
1324198117235970050
1324285855733788675
1324278266673434624
1324364904095227906
1324420487640977409
1324467028686565377
1324315536730238977
1324354198029422593
1324430432897818625
1324385721990451205
1324411583397810180
1324242248016502786
1324458673066954757
1324441117803319297
1324354998331973635
1324387257172807680
1324294589474349057
1324246381322797061
1324473037782192128
1324304036250615814
1324415415267872774
1324412076773834755
1324473655858991110
1324392533351387137
1324278911841280001
1324328422286512130
1324313088431132672
1324362493960065025
1324265262623969280
1324315989593522182
1324405956084699139
1324268079279415298
1324475961975447553
1324308186808094727
1324305670166978565
1324396440513355776
1324336478495887361
1324385272293974017
1324476526591647744
1324483427429765121
1324406639794049026
1324250754031312901
1324280578330513408
1324410151093325825
1324357856234246147
1324239771217072128
1324401814314323968
1324353871855104001
1324366118295928834
1324264123790774277
1324343045920350208
1324483874446082048
1324263710869827584
1324272286254419968
1324342605170286594
1324407068267368454
1324422690346774534
1324360310627672067
1324301796597182464
1324444966341513217
1324383061409210373
1324330954236825600
1324440798566535169
1324365242877517826
1324481227823472642
1324276062789029888
1324417652429901829
1324452771710537731
1324352311729278981
1324452355455262720
1324362422451376130
1324454980695240705
1324435667041034247
1324407201361022982
1324407721513390080
1324396744797466625
1324144828033228801
1324378801728606208
1324429761582665728
1324489206220148743
1324296523212070918
1324350152052822017
1324341206877437952
1324305414092214272
1324329393708244993
1324286099104108549
1324408938394169346
1324356811441508352
1324474626483826688
1324263550714609664
1324355157082230786
1324292905167708161
1324250983921147904
1324317996802887685
1324472817736450050
1324395754975277056
1324458742394593284
1324471766845169664
1324487671666876416
1324438527426310145
1324414746381221888
1324347734023901185
1324345192091189262
1324343925994409986
1324230059260104706
1324418704990302209
1324304904425525249
1324410387782082560
1324239574684606464
1324255378171985920
1324403505545752577
1324422049524310020
1324346508326653954
1324447099832979457
1324290606877806594
1324395651157921796
1324353849365270528
1324399861177946113
1324329904809353217
1324428652289949700
1324357176056520705
1324483861854724096
1324280632525074432
1324348577670483968
1324310907497914375
1324143521821908993
1324490398060978176
1324322256177287168
1324476607009067009
1324216661419958272
1324244948175233025
1324428403811012608
1324305603930562561
1324243315571806208
1324422946618834945
1324367169740808195
1324486876661751812
1324328373578014722
1324289327740997633
1324453897210077189
1324262807437758465
1324316748741517312
1324330940085264385
1324458190143168512
1324282545270382592
1324274410497413125
1324402437365637123
1324381440214290433
1324298525061140481
1324416593716224001
1324435129046061057
1324496246627774475
1324452581809266690
1324363586836324360
1324492073299574785
1324403843891867648
1324416038889492484
1324468565840482311
1324273242425667584
1324388660733792257
1324265829668630528
1324362128971747328
1324228738687602688
1324325770249068544
1324373201451917312
1324315829589127168
1324256138519597056
1324250489161191425
1324385439671791617
1324310427506008064
1324372207628439554
1324454990103126017
1324485617762394115
1324475839388549121
1324365879044395009
1324364767952277504
1324358557819637761
1324354288819253248
1324139417196527617
1324475600120254464
1324339524755984384
1324144680326541312
1324247438144786432
1324154060564561927
1324141754338127872
1324343333586673668
1324339160115720197
1324445683596873730
1324397086960484360
1324375245902516226
1324439575582904322
1324333908662640640
1324351706805768194
1324344430627856386
1324343876203761667
1324422902536675329
1324482886154784769
1324306770207117313
1324434039462387713
1324140793137946625
1324352997330214913
1324486906021818368
1324329775914274817
1324458651533365253
1324362160579973120
1324403537921585155
1324272174065176577
1324482475331117057
1324414127067041793
1324364098860179460
1324385712909754368
1324317084998946817
1324278278870491142
1324445019713998848
1324286855366529025
1324482310037712896
1324343536330952705
1324373367059697664
1324434478098485251
1324360713171832832
1324327405553700865
1324383255437758464
1324466794904649729
1324288340175237127
1324351000573083649
1324233370595921921
1324382450877870080
1324403665755611138
1324353701998374918
1324427077911805953
1324335924545687555
1324489253926166528
1324455933649526790
1324256738485407745
1324393950808023042
1324339883851304961
1324381316083834883
1324220134555344896
1324398803793911812
1324344296091340801
1324352853549424642
1324447126739439616
1324495505146191873
1324444595418288128
1324336182029897728
1324484088938582021
1324384188796227589
1324353011326558213
1324294173000957952
1324235067019927553
1324392516196704256
1324341161520209921
1324437090956881920
1324483534468382720
1324316898700402688
1324466385871917059
1324301077571866624
1324474524579090433
1324275371898908672
1324292840688635904
1324332805690707969
1324267016862240768
1324361478791696385
1324495016224608258
1324486013952102401
1324270747737575424
1324261342396719104
1324365185600180225
1324325133524361216
1324320120769052674
1324452264346587136
1324398608968523780
1324336168738136070
1324308328936280065
1324457322844950530
1324432280757112833
1324261370842537985
1324262990586302465
1324481965614080000
1324260350397718530
1324358080432398336
1324269071186223107
1324438777134198785
1324306260934668288
1324446554535743489
1324299464090275842
1324465641525596165
1324339133595209729
1324358957226463232
1324361149995995137
1324260161008115712
1324349745628958720
1324482890357506048
1324143367022850048
1324353752111943680
1324394654671011840
1324286479112306689
1324356950289690628
1324280419974610945
1324361240840462337
1324339110899642368
1324393780892651520
1324434041135837184
1324339711998132224
1324238943274049537
1324355503485526018
1324310296446570497
1324406011290144768
1324341108915265536
1324400294294413319
1324341145267294208
1324473357618810883
1324374053411561473
1324338725472686080
1324388541309353990
1324337002712600578
1324402181307596814
1324485787652706304
1324331997699973121
1324247199472111617
1324277503918223361
1324280849190277122
1324272438964822016
1324275298234486785
1324490753624707073
1324459764500336643
1324427179472703494
1324279157027688450
1324338136181284866
1324429129513664515
1324312097967276032
1324363083595350024
1324250801133465603
1324457646343282693
1324400666664730626
1324339279611498500
1324483349264687106
1324262873703600128
1324471385431904256
1324279470061244416
1324395377664106498
1324366559352098819
1324421252866580481
1324344272271876104
1324282363438837763
1324281075967905793
1324349519526563840
