1324745897280999424
1324776399559938052
1324677221370527745
1324738202842914816
1324831270002720768
1324709350460502016
1324765900696936450
1324789889678872579
1324718314015215618
1324625026612645888
1324769104100818945
1324653013659734017
1324820020589985799
1324728965999767554
1324715603014418432
1324812150901252096
1324688988754628613
1324769096966246402
1324679898699628545
1324662873533124608
1324622918081482752
1324827916405035008
1324737307858132993
1324686373090168832
1324680434484207617
1324739714176425991
1324652408719478784
1324665427667095552
1324631494585995264
1324665283567669249
1324679328597233665
1324755885915361284
1324640906281177102
1324636049960771585
1324672608575627264
1324507862274658307
1324644591883194370
1324678740048285698
1324608960587014144
1324802320119615489
1324650849759567872
1324638171041333250
1324663161602101248
1324802881288097793
1324786845503336452
1324830770658238466
1324695285835145217
1324697089876676610
1324813954288357376
1324758719062749184
1324707754582462466
1324673013489557504
1324725747450339328
1324607646247374849
1324691148615475200
1324624098106974208
1324701703208357888
1324697245959233538
1324660219511771141
1324679808865980416
1324757164259446784
1324848308968448002
1324776512948736002
1324758925288288257
1324793721641181185
1324711043390611457
1324826986020249601
1324692981488721920
1324759406840524801
1324817624367353856
1324693933625135104
1324668379542786048
1324764575246548994
1324628713917599744
1324680428427616261
1324853566826315781
1324688833296912385
1324709396681773056
1324768275167928323
1324641626875191297
1324695599170670593
1324647819819569154
1324849056598892551
1324614110210887680
1324727136062754816
1324569588621746177
1324730929319976962
1324655760664596480
1324749485474566145
1324621284316241923
1324793688053133313
1324798697297895424
1324836882556080130
1324714267577384969
1324689659071516672
1324734034254200833
1324856581465559041
1324819641957580800
1324793114515689477
1324508535208714243
1324788518594498560
1324659169241321475
1324724886523252738
1324727148540792832
1324774505093488640
1324793731103494146
1324639573285240832
1324592825762197504
1324781948254986242
1324770366066200578
1324802299806601217
1324709791370006531
1324718027460530176
1324594246024941568
1324714145342775296
1324619700580589569
1324756934751326208
1324691956220526594
1324523351059107845
1324745147607908357
1324712433747959808
1324641934783123458
1324774812796026880
1324710627823259653
1324752662517219330
1324808738025472009
1324837843668185090
1324809359122173952
1324764969464979459
1324796151749554176
1324755266613764098
1324629647603212289
1324704734020861953
1324809027369508869
1324676840343113729
1324793375036420096
1324792910416588800
1324772226089033728
1324776075772256257
1324638242260570119
1324644767280541696
1324816892331253762
1324862130575826947
1324505482074165248
1324778500616785925
1324658668680478721
1324726584109080576
1324849603078926339
1324682937992908800
1324643618896957440
1324741486349529088
1324716028090372096
1324707244085108743
1324729314949107717
1324743812649017345
1324853308637532163
1324758955210493953
1324658864575467520
1324562786681266176
1324790527150141448
1324823301491986433
1324753728319246336
1324687165343830016
1324795259046473729
1324655859033669635
1324714345243332614
1324756325079883776
1324583207019438082
1324503021120856064
1324762933671460866
1324677385472614401
1324668034171260928
1324706426502193153
1324737646778818560
1324657364813926402
1324816454517227525
1324650904864305153
1324657170835820545
1324784949451542530
1324815023995236354
1324822827443408896
1324856151499051008
1324725200420786178
1324532044786008064
1324709878074642433
1324761102216036358
1324735618992230400
1324841539009454081
1324663287649370112
1324840578404765697
1324854608527847424
1324685316880502786
1324559330985811968
1324684407358279680
1324745600819175424
1324645972723535874
1324639733188886529
1324688455683682311
1324605560826847232
1324599327801704448
1324849211049914369
1324801996046639105
1324793994153496577
1324714007488593921
1324800420515106821
1324655394103398407
1324637723311955968
1324752357813440512
1324663433862746112
1324719577381687297
1324605788644585472
1324774201090342914
1324752260472229889
1324755155338801153
1324627775102341122
1324598347282481152
1324816839034261505
1324749869500796930
1324836146996805635
1324792163272691715
1324726098266128384
1324659422266855426
1324800257201496065
1324729120522194952
1324635100752072705
1324772112264056832
1324729587000107010
1324810420071313408
1324848341495197697
1324708658740166656
1324626780100173825
1324635075976273924
1324824152012918789
1324784384445190145
1324724754935353348
1324710947437555714
1324643822073225216
1324766542068961281
1324809170718232577
1324682494776659969
1324801815251165184
1324793655123709958
1324657829249245187
1324641916537999362
1324838197147389955
1324687564872318977
1324773536448323586
1324627756144054272
1324795620150960132
1324708082778341376
1324632102294401028
1324713265730039809
1324758390967537664
1324661455850033152
1324513089363083266
1324733519067832321
1324790553280684036
1324842098814820352
1324741454099599364
1324816330105737216
1324703333404258305
1324621948639432704
1324822387041423360
1324663000662507521
1324854193807675393
1324764268517068801
1324693539821936640
1324815499331620872
1324674756466061313
1324691145394409473
1324726939022745600
1324609437902974976
1324694211590000640
1324703106802896896
1324655346254782465
1324532117901058048
1324667871285387264
1324644188936380417
1324787553195708422
1324605814359937024
1324751879927140353
1324633655944372225
1324740748969955330
1324747150815842304
1324807254764363776
1324727921123217408
1324676373605191687
1324830345120927744
1324655442891542529
1324726350490599424
1324738556443664384
1324531591859896323
1324745905086599169
1324677549755084800
1324790252897247237
1324757295776075776
1324643775982014465
1324821358807818242
1324833428668370944
1324675844015558656
1324809543172444165
1324594166823870464
1324712894286700544
1324800211848482818
1324573480470388737
1324739815477313537
1324762252050898946
1324862048279404551
1324773375642947585
1324863850777337856
1324612886824656897
1324522647871492099
1324737274836385794
1324637021709717507
1324594678013087752
1324836842303311875
1324850909696983040
1324773873787785218
1324707275135737856
1324652512780161025
1324657122307690503
1324863641775116289
1324681423194857478
1324680672930385920
1324690403581448192
1324686588341821441
1324808520743768064
1324719162674106373
1324676708574834688
1324731672928178181
1324670895760302081
1324764998086795266
1324662849227132929
1324768879772635136
1324842092665966596
1324662757992660993
1324647923234283520
1324810975074279424
1324726790712164352
1324634397522485248
1324821492027346946
1324666018636144640
1324624751588003842
1324756100651094016
1324514929282633732
1324837245761761286
1324768491728195586
1324827165003841536
1324666561446223872
1324713207500468226
1324631885729931264
1324619651892998149
1324703362550517760
1324816686130909187
1324752357830258688
1324845211323899904
1324730844112736258
1324723154326093824
1324542318800740352
1324645105077264384
1324699061774098432
1324670858506522624
1324689766365933569
1324642666848636929
1324784911069401091
1324753397912903680
1324850806416461824
1324781555915673605
1324639392238051329
1324756220100677633
1324622682407784448
1324747744959959040
1324769639746949121
1324685222122721282
1324675254761988096
1324776819275505671
1324803497821429760
1324764054116802563
1324642425395138561
1324827556839907329
1324636805409497089
1324844700201877505
1324851586980524032
1324824027010113536
1324770067335335940
1324803318133280769
1324729047822327810
1324721503414505473
1324822880006406148
1324820660930203650
1324622029191073793
1324772363121139712
1324764233356185600
1324736899714605058
1324630301734293507
1324715816982642690
1324671498116845569
1324853105373175809
1324799523428839424
1324757869066096640
1324834797756272642
1324604131646951426
1324712468237766656
1324738228663046145
1324853882103779333
1324805677349523456
1324768494911660032
1324729006365835265
1324779790247829505
1324758227440062464
1324712814930513920
1324784736603119618
1324725726055202817
1324654852773990401
1324793059087966208
1324643010936713217
1324807959860400133
1324725153469730818
1324682344641552384
1324683542639616000
1324646060967473153
1324637749606043650
1324631932513243137
1324623699883020289
1324543759997149184
1324519424091660288
1324759491313717248
1324744639132377089
1324682834880114690
1324758393836503048
1324814007753166849
1324841746874966016
1324808125858406403
1324708060703694848
1324635704081657861
1324621123913396225
1324508976659181569
1324833830302265344
1324613373955346432
1324569891836514304
1324761556597542912
1324637625144279040
1324712228831006720
1324711567166984192
1324659388901195779
1324769440815337472
1324668408739303424
1324728318910976000
1324800368757399552
1324603573045501952
1324645772948840449
1324632453152231424
1324709897687212032
1324767668134694914
1324846189016207363
1324813206695649281
1324791077405134850
1324705624903553024
1324776399446704133
1324805928483459081
1324651058803712000
1324820020296404992
1324758217742798851
1324733788132429825
1324629039907295233
1324624554283667457
1324682945953730560
1324839010943074306
1324650212141506560
1324675213657808896
1324753740948275205
1324604207698190338
1324741077681786880
1324734239372414978
1324632541102542848
1324614649757708288
1324612127563370497
1324664788681740290
1324848759797415936
1324760960414994433
1324692511235973121
1324671598964756480
1324610908581203968
1324771622897725443
1324763972671885313
1324621816883798016
1324764457793368066
1324761554953375747
1324705520343748608
1324707976024870914
1324630598795886593
1324795885772046339
1324815285388496897
1324661356134629376
1324645981414195203
1324844146629222401
1324778506228813824
1324713478330945537
1324683309889277953
1324637653975752706
1324782975570030600
1324804178481451010
1324712494670237703
1324817973509578752
1324791108895973381
1324766343644782594
1324724866633863169
1324763781889708037
1324779949337812993
1324838930542399490
1324612066267856896
1324638719673094144
1324842685870592005
1324640554303606785
1324821925869297665
1324800104251985926
1324674887940788225
1324679624299810816
1324704558854115330
1324729610765029378
1324599043805319168
1324573914136252417
1324655344841302017
1324771011917697025
1324804573098377216
1324795149021552640
1324646605945999361
1324723792283914240
1324768270948454403
1324724469013880832
1324674763499937793
1324780540227182595
1324675783831506944
1324522160916992006
1324704565648859136
1324665148594888705
1324729120572514305
1324776122052186112
1324598145037357058
1324783618913378305
1324781214901952522
1324639823861305345
1324832972768485376
1324624629953105921
1324539624782327808
1324764016376483841
1324710838087880705
1324632969466859522
1324758196494499841
1324668296256507904
1324772292665159681
1324720152320086017
1324671376486256641
1324750364864843780
1324616613904195584
1324814451816591361
1324737427601281027
1324667701684510720
1324794484580851713
1324826609203990531
1324540721047740418
1324521725044887553
1324803177800208384
1324782117474152448
1324652772273303552
1324636848879263744
1324636179279548417
1324766269548224513
1324814514899083265
1324778952821452803
1324782775862468608
1324764101067812866
1324659796272926720
1324793144068722689
1324604280339312640
1324718854417879052
1324746056983322624
1324765349661782017
1324742975742640129
1324642429497200642
1324797274761940992
1324681057556439043
1324739147429457927
1324631514227888128
1324609721173741568
1324579853916643329
1324773852795314178
1324794746699657216
1324507075494453248
1324812217741676550
1324627215930122240
1324672472378204160
1324661783806812161
1324620046828736512
1324616218616147969
1324831918261678081
1324842975856336896
1324803604612599808
1324654174093643778
1324647425726947331
1324668060905676800
1324829515944787968
1324717182828318723
1324801874894196737
1324805778163802118
1324799181391859715
1324715753170415616
1324688338704543744
1324680362405076993
1324693210120232960
1324839683591983110
1324709477497606144
1324802401430310912
1324557000827699200
1324632666830856192
1324644740172828673
1324807811306573826
1324730943861653504
1324752593365749763
1324701729032646656
1324702072177086464
1324666251139076096
1324821438243704832
1324687523768160257
1324801916669513730
1324821410125144064
1324662137587990528
1324613047634317312
1324744578914635777
1324823224316776451
1324793026984726531
1324614341598040064
1324763802706075650
1324671169082068999
1324669565926842368
1324760460202225664
1324827610090754050
1324747545629888513
1324817417407729666
1324785942260056070
1324659143072976897
1324702971758825472
1324758151594389508
1324730838811086849
1324806311092039681
1324770380259692544
1324673755034062848
1324714664534503424
1324759387198640128
1324658772988563457
1324650723729178630
1324821165744001025
1324673045542379520
1324624476793962497
1324779447145451520
1324740334744670209
1324713798134095873
1324621616542699520
1324676758453604356
1324725845316042753
1324816274380230657
1324784176441208833
1324788146568126466
1324803987611308033
1324794522560286720
1324758851183239171
1324816053562650624
1324821525049069569
1324762245830746112
1324749533352497152
1324707985428488193
1324613437960474625
1324823994093232129
1324818196520673280
1324745955653148676
1324691077832605698
1324850951543468034
1324681920647749634
1324685425605226497
1324859065944707072
1324757878864072704
1324855554066599936
1324742872030130178
1324726944097853441
1324703610425511936
1324665373657124865
1324657892725788672
1324583050794205184
1324678458811863040
1324716002005929987
1324577988550266881
1324644816484007938
1324818331199770624
1324624357277245440
1324793918031089664
1324722573716967424
1324759033899847682
1324742366293594112
1324729855670472704
1324702252406349826
1324701964958126080
1324760680063488000
1324815335728553993
1324695418022879235
1324774123101368323
1324756177075478538
1324602915147915265
1324726898677719042
1324673748994301952
1324599403173339136
1324566406181101568
1324758721336168448
1324636194567671809
1324761538738225156
1324613164370198528
1324811855739629570
1324767637922963461
1324667805766221837
1324683182109806593
1324716157304213505
1324808792320724997
1324664664148578305
1324627065375760384
1324629310360223744
1324723842544185349
1324782238005866496
1324670007767408640
1324719616988483585
1324601046237351936
1324770094438862849
1324694614595555329
1324607795006722048
1324752401543385088
1324809346119852032
1324821891979354112
1324731911395225605
1324686299324928000
1324672566947127297
1324826275651985408
1324794203805782017
1324729835516796928
1324627031410331649
1324699360781832195
1324680209011003395
1324814815844540416
1324627650946781184
1324783612844265473
1324725077418663936
1324715244992811008
1324766423248523266
1324675062016942082
1324672411338477569
1324667510738878466
1324649291747655680
1324643506418339840
1324593306769215489
1324559197812523009
1324780054308704256
1324697297637249024
1324823526092713985
1324744543376449543
1324761553414037504
1324759789201739776
1324689183110270978
1324663927582691328
1324765558798196739
1324809223021223937
1324796680655540224
1324729448609009665
1324826797914030081
1324589805016109056
1324768532165545985
1324722584206848001
1324776766343360517
1324728223159226369
1324725271531016197
1324642869618028544
1324755311367016452
1324818726550732802
1324720994339139586
1324714250179350529
1324725792144826371
1324764059615567873
1324628265714225152
1324843589621395457
1324674454388170752
1324764432480784385
1324574267451838467
1324722490036412417
1324689607305420801
1324687584975589376
1324686669572939776
1324813733194063872
1324702556904394753
1324652197846622208
1324728152413872128
1324800297466793985
1324861593423896576
1324789312899190786
1324806163578408960
1324699364888088576
1324624940499378176
1324614966767427584
1324592450401406976
1324515181712580608
1324678716581097483
1324810420805345288
1324783135608000512
1324763053498507264
1324760583548391426
1324721275118460930
1324793326852329475
1324716299025526784
1324672651038773249
1324596892487970816
1324688589331062789
1324792977236131846
1324737589220380672
1324724497736454145
1324822632093593605
1324776233780039692
1324707611850276864
1324848119457210376
1324740058814074882
1324839743130095621
1324674221142925313
1324786590099644419
1324668816136261633
1324792174215680005
1324662557970485248
1324831345219112963
1324778817651646469
1324814472528232448
1324788529210281985
1324705672248905728
1324569107077963777
1324807006935547904
1324641513175982082
1324737262828113923
1324621757635010560
1324673326426529792
1324594166245056512
1324756207056408580
1324841922461081603
1324646060589985794
1324736900737966081
1324745050501373952
1324809925323882497
1324821549367627776
1324748455194087424
1324832446798508032
1324685471449055232
1324715326387458050
1324692823665479680
1324660059507490817
1324656650914045953
1324637319723388929
1324838730348331010
1324768803989970949
1324725155835367431
1324786556415184896
1324687130166206465
1324666992176078848
1324694294041665536
1324704589359288325
1324743935441408000
1324748967989682176
1324767619845627904
1324791712645062671
1324691490627616768
1324697435076206592
1324687542550253568
1324659298761363457
1324765858619600897
1324830472430641152
1324766286820331521
1324745211529101313
1324622184334110720
1324670878005809152
1324656022309523456
1324677711785316352
1324520669892218881
1324792553615593472
1324672593580990464
1324789656064503811
1324669409944866816
1324772451776155649
1324698367449026560
1324754018921533441
1324764770810155009
1324726795904700416
1324836148259311620
1324799416600043522
1324772228706242560
1324650847641440261
1324590797849829376
1324820378053709826
1324800422146617345
1324818154380472322
1324760588464148481
1324840277270560774
1324725329244672003
1324604291185811456
1324673369728573440
1324654190753243137
1324643590992285698
1324646912134447105
1324734413448585218
1324683801163931648
1324820608652320776
1324721338683195397
1324652995376783360
1324799288325582849
1324841227968221185
1324672560718618625
1324512377241522176
1324833890524143616
1324621089440411648
1324572860585709569
1324624341456343042
1324653611289292801
1324662617193984000
1324648509916778499
1324647017981841408
1324738710357893120
1324802203924705287
1324761557100875778
1324715008295604231
1324795906949042181
1324737542277812224
1324837063859097600
1324802987928227842
1324847132885602305
1324713446743724033
1324507965282570241
1324713307849326592
1324785278528180225
1324706531653419009
1324501753220472834
1324706839465000960
1324623615892008960
1324814440114606082
1324714884513366019
1324737732720078849
1324666372866084865
1324745362825973760
1324805644248141824
1324863071962226691
1324679099525287937
1324669461903876098
1324643735397949442
1324767039077179393
1324697488553578496
1324625480981581824
1324819436247928838
1324763921832706052
1324726659166150656
1324606705347473412
1324818140442873857
1324725288731877377
1324728012173156352
1324837620149637120
1324732431023427584
1324748555014311936
1324662810270408704
1324787863033139203
1324748862595149825
1324766776014606338
1324850773797314562
1324652379380371463
1324861154569711617
1324749371716571141
1324757117065220096
1324715086854950913
1324840342106066955
1324661233526706176
1324751465907392512
1324665732270088192
1324754174978879488
1324811324958871554
1324668623756107777
1324771947985723399
1324675158695706624
1324828543650549762
1324727976521584647
1324694746141462528
1324714887403261952
1324714685187371008
1324761710616563712
1324692991236255749
1324808480360960000
1324804930755043332
1324725390569541633
1324748335274729475
1324690169862172674
1324822674955186179
1324776583601836032
1324661640999116800
1324640979618566144
1324811831945367552
1324739748984999940
1324601117083344896
1324719283268657152
1324758481891635204
1324635392193236992
1324774468183560192
1324596363787718656
1324821147385536513
1324711037296431110
1324699312484483072
1324848051551408129
1324618859517796352
1324686509694398466
1324645097305182210
1324723583545942018
1324820988404682752
1324651479383289857
1324665411556855811
1324636000300244992
1324757574118477825
1324827332385951744
1324676374737670145
1324618780236984320
1324726929556201472
1324611840601718784
1324660051852840960
1324703878256971776
1324683261159874562
1324826464924192770
1324807832324198406
1324711778027266049
1324760033532534787
1324728052971114496
1324636189689872385
1324699586452140033
1324819166495461377
1324809380320206848
1324711025841754114
1324599806669578241
1324794480864776193
1324666994327769089
1324789884993839107
1324812282371678209
1324662191627395073
1324680948311597057
1324732030014255104
1324840808349130752
1324766412100063242
1324694773391892482
1324672480020226048
1324783195980730369
1324675538133389313
1324621982483189761
1324663468801273857
1324772041258618880
1324653917809070082
1324769635661729794
1324860505442422784
1324782113472843776
1324803836154990597
1324801729850974209
1324764820885962752
1324722438270259200
1324833917669658626
1324726197142626306
1324664042854764548
1324604144871682048
1324675496765018112
1324758185249484800
1324852637905362944
1324853152311660551
1324738482158342144
1324746546819321856
1324596405802074114
1324615613495627779
1324529843501936643
1324634162217844736
1324708668080857088
1324703899136200708
1324588766351269888
1324841028193521665
1324814555629948928
1324788860790972417
1324769741031002112
1324741293159960576
1324614234240671744
1324762545857699841
1324733450285363202
1324714062874292227
1324749104044515328
1324757817446772739
1324829046363049985
1324669384363773954
1324746143528591363
1324730306469990401
1324679040901484545
1324792753738436614
1324681402097520642
1324777863489400833
1324821093308338178
1324629530057867265
1324693011846946816
1324772007213490176
1324573913158983685
1324692535395131394
1324745557731123202
1324624465536425984
1324646232132886529
1324594799404589056
1324662241715773440
1324659531801133057
1324801978157965312
1324782989243490304
1324717777089941505
1324720231038783490
1324627463146741762
1324803539454038017
1324673371934760960
1324726336234151936
1324619948413648896
1324700701117829120
1324622846191161345
1324744429811470338
1324722133021446151
1324645831555883009
1324809332152819712
1324724303833812994
1324713890324848642
1324809854805037061
1324604594262020097
1324840463849918467
1324695549904326657
1324860115753820162
1324762802586898435
1324730639581618181
1324842266863804417
1324739120296591361
1324679576770019328
1324721158093242369
1324758881587863553
1324705878189158400
1324694678374125571
1324619815437455361
1324568218753781761
1324637698263556096
1324696796690612224
1324785256847810560
1324746875757420544
1324774700531257346
1324808918774800385
1324733727872864266
1324746063140560898
1324791145688387589
1324725933383835648
1324760591962165248
1324831365783822337
1324689425209663489
1324624451741356032
1324767775441694722
1324815164726775809
1324781835931537408
1324633804972109825
1324797279258189825
1324802859469254662
1324792904242651141
1324773158369579010
1324649659940458497
1324748955981389827
1324692954766782464
1324679940789489664
1324789900827381765
1324716946655305736
1324620674019790850
1324726974569467906
1324810991377489920
1324669432103403522
1324802383432568835
1324722044773273600
1324856318776266753
1324794169538367491
1324637052793688064
1324728736160321543
1324626842054201345
1324838198946762758
1324792636864122886
1324682321740652549
1324695587363659778
1324606932787802113
1324844712717668355
1324567396695396353
1324747462112849922
1324768046729334785
1324834855537041408
1324710693560606721
1324710784178573312
1324704747513876482
1324712731426066433
1324669885729951744
1324523328313372672
1324741665844809728
1324684130676858883
1324666001586376704
1324812286310207488
1324685583260811264
1324816684901928960
1324626316268838912
1324838951308431361
1324510557538570247
1324725317580316684
1324745889450262529
1324801475244077058
1324695042628423681
1324703484730630147
1324681750744834050
1324643104872370176
1324603826809307136
1324830510321934342
1324668122641666049
1324642654131539968
1324743097906024449
1324714157602672640
1324633677352083456
1324826396259176449
1324641331780702209
1324807981079367682
1324738480807809027
1324676524809879552
1324630230963789824
1324800072169754625
1324711738881835009
1324549839007281152
1324795825751470086
1324700478354137092
1324779647645716481
1324808376988143617
1324813680077398016
1324502460996685826
1324764764254425090
1324508254534291457
1324751499982000129
1324827083642675202
1324599943034753024
1324688204252041222
1324627012435255296
1324641585401876488
1324589278681309184
1324680970809782274
1324695187969449987
1324640488616583173
1324808633255927810
1324625388203614209
1324623910030221312
1324636173776670729
1324767778193264641
1324630370424422400
1324824253359923202
1324778178062229505
1324627402228670464
1324756576587128834
1324674132248825859
1324794963280994304
1324594710082670594
1324817852243845124
1324810553584316417
1324663034095218688
1324785896600883204
1324649922604408833
1324720469904424970
1324792240431079432
1324761553904816128
1324727210708733952
1324649692307869696
1324610191703396352
1324743368426033153
1324672735419707392
1324720133684760578
1324828045618909185
1324749781713997824
1324843189761642496
1324719952805449729
1324561144829431808
1324828560826290176
1324665255465832448
1324725964824260611
1324637413570977792
1324627734509821953
1324702992382132232
1324641901249732608
1324830205219905536
1324782352439062528
1324666350724329472
1324616397767540737
1324802496037031938
1324713425692483584
1324776356064956417
1324765639957950466
1324685367329607680
1324811362372079618
1324677929570390016
1324677578502905856
1324674565042307072
1324558879099916288
1324749445783822338
1324774122002522112
1324759262338469888
1324669920139972608
1324666427593416704
1324699870549155841
1324628267106709504
1324776084148277249
1324702012324384768
1324722318300618752
1324742844943314947
1324815032606167049
1324835175352721408
1324646061567336448
1324788616300761090
1324757505365389314
1324718320986300417
1324665907227099141
1324600782696685568
1324748924364689408
1324792202665594881
1324786342031753217
1324820620786487296
1324681089953288195
1324737403718901768
1324655994836815872
1324644042102185984
1324733485999947779
1324691229439889408
1324630276161576960
1324824681128566788
1324802588353662982
1324632889179385857
1324757547652390912
1324700625461010433
1324773097099190273
1324702579545296903
1324843402136006656
1324847994806669312
1324658916928724993
1324746673034305539
1324782913259450371
1324793565235597317
1324660191640641537
1324812184648617989
1324509060545368065
1324793492174966784
1324639465835474944
1324728478378479616
1324817143280607233
1324727968736944131
1324757321944281091
1324813404092203010
1324725161468243968
1324661948517093377
1324677781146505216
1324684025445965824
1324792497516797954
1324687913645387777
1324796751774142466
1324635630249402369
1324563455500845062
1324759846571384834
1324688537455894530
1324675816106663941
1324662759808765957
1324795775965081600
1324517772710346752
1324674324763201537
1324612355666464770
1324725930229669898
1324813829562376194
1324778577737457666
1324689205260419072
1324682799870365696
1324634506993799169
1324817305403011072
1324838374100881408
1324754200564293633
1324662293573984261
1324667990865039361
1324828008390209537
1324768844687265798
1324812081863024640
1324787672305573888
1324812190516453376
1324850583724036099
1324792798252589057
1324703209831759873
1324779055045070851
1324726745711390720
1324774155837972480
1324673663975723009
1324769998187974658
1324717436705275904
1324784589504696321
1324836388991369220
1324728364847030272
1324769329532076044
1324818135183200257
1324813283631779842
1324724006126264330
1324714451904450560
1324615136301195266
1324593886304632832
1324754138891198469
1324675869617639426
1324839309225172993
1324614765172428800
1324797776455151623
1324682091339153408
1324686371169148928
1324720434806431747
1324821071078563842
1324809970303569921
1324780036533161995
1324717597225570304
1324617030990004224
1324648081426702338
1324727354871189507
1324734455098081280
1324661849502162945
1324735711606693890
1324739092584779776
1324819478325219328
1324816316788809728
1324687170372804610
1324683490626068487
1324802902406344708
1324769447287115784
1324697289915584514
1324820822729641996
1324635498271379457
1324811069584560130
1324759069274607619
1324694448773701632
1324611532693622784
1324805067560701954
1324632148326912000
1324684131800854529
1324735891055796226
1324751981903269889
1324533884084772864
1324616390465089536
1324772790956949505
1324670178895028225
1324637431270940673
1324554468747173888
1324696577479462913
1324780475647483904
1324726643680858115
1324697833979682816
1324687220293443584
1324520410248024064
1324807672013750272
1324502312233160704
1324658500153331713
1324697020716797952
1324650156579586049
1324776090674565121
1324734757947801602
1324676802653073409
1324770408218898441
1324730359985197059
1324769434041503744
1324674383516995584
1324774958506139648
1324594771835473923
1324727927267823617
1324511170313728001
1324793856978800644
1324838445873876994
1324726454001770499
1324817198813220869
1324594596974862336
1324646062003572736
1324799644292026369
1324608422533357569
1324736255402430465
1324744815930707969
1324591839220060160
1324750580699533315
1324667449141268480
1324712377510727684
1324643913483825152
1324729930618445824
1324805409996156934
1324594676767358977
1324655830936002562
1324796924143296513
1324669656548913152
1324793013860749318
1324542209232953345
1324602563807875073
1324674483681218561
1324753460089233409
1324642410010390528
1324639260486606849
1324842564638461954
1324606409628143617
1324827059332538380
1324511932418822147
1324502795416981505
1324619873960513536
1324761555473436673
1324606545850716160
1324612821745831937
1324675406046367745
1324701762310279174
1324836557069733894
1324784467282743298
1324743090721140737
1324717831573938178
1324768897862696962
1324667800443588608
1324679422444769280
1324770463504125955
1324743349321015296
1324677375821598721
1324853620324638722
1324764594469015552
1324778469956460544
1324747138027393025
1324654227147395073
1324724596285698049
1324836145092530176
1324806778769625088
1324619062048116736
1324682619368427522
1324657198102941696
1324793429583450112
1324664664773566465
1324757258975268866
1324820181470842881
1324635292532416512
1324676498440278016
1324706949708058625
1324507591741972480
1324710592293330948
1324799396274446337
1324790947549511680
1324735564772450316
1324672896254529536
1324663670299889667
1324820716068446208
1324782740252798976
1324771596213649414
1324747881702592512
1324680211133202433
1324822952395886594
1324596671523729408
1324751966048645120
1324794969211764741
1324793263879081985
1324618665757691904
1324816073158496257
1324518648451633158
1324816338355892224
1324773841265184770
1324771827592343552
1324737779885101057
1324675046288302081
1324694154883072002
1324689081335504898
1324740109363826688
1324721318953103361
1324650294886703104
1324787863465218051
1324815414904455171
1324821414797561857
1324723435403137029
1324802195427119104
1324695439686406144
1324775502951886849
1324636231309889536
1324729968904019971
1324678627766816769
1324726409806467072
1324819492237692933
1324827763711315971
1324827487327715330
1324755997441884162
1324817417177079808
1324783175076356096
1324618798117302273
1324612440873750529
1324812255951806464
1324698314189742090
1324697267627057152
1324685325227204609
1324804846952865793
1324668701753356289
1324696842832150529
1324636696143605760
1324675472685473794
1324725641963544576
1324721852326027269
1324635014387036161
1324598200754442240
1324836147693080577
1324595690987753473
1324848431244976130
1324674494338867203
1324690000852766721
1324842701376937987
1324760555912126465
1324799721253359616
1324766462251335681
1324670336412110851
1324862136661766145
1324820693637279744
1324704567079047171
1324734426505424901
1324821304273522689
1324764391028494338
1324665513042153474
1324652832633532417
1324774048472158209
1324720277750775808
1324836440879075337
1324809779932499968
1324793548093403137
1324639414664990720
1324617187827527680
1324722508562649090
1324602199998156800
1324625579753283584
1324841860691615744
1324826660210966533
1324789695860137985
1324815160712830977
1324836617761280001
1324761554445869057
1324783353946644486
1324738315816488961
1324726375748673536
1324648752469233664
1324639876835364869
1324605233817931776
1324793671083008001
1324726365757853696
1324635464427589632
1324755760497262593
1324692893492269059
1324765802525057024
1324708258431541249
1324759720188661762
1324717126385545217
1324605275979079680
1324594510379233280
1324807644645830658
1324710276164440064
1324731682948263936
1324745194831548418
1324758053800103940
1324726343762911232
1324658710980055041
1324720906724397056
1324821771728596992
1324670174449065985
1324849725934325760
1324775496249450503
1324769465721040896
1324737074059218945
1324773676596793346
1324754477983870978
1324650800027738112
1324683584326799365
1324613950458179584
1324710877208203264
1324670667653042176
1324679214814109697
1324692513844809729
1324747888908521474
1324661937465102337
1324662744138788864
1324590638311088133
1324580823782273024
1324664830347923460
1324658786271985664
1324636912116785155
1324829386235850752
1324634355667472386
1324805223295102982
1324673052316209152
1324799324895748103
1324831691605757953
1324606969706127361
1324818460782796805
1324773608892309504
1324752359751180289
1324725110532657154
1324821584775925760
1324821513447608320
1324798004554010624
1324596844857561088
1324645632318050304
1324799190300561411
1324743479692578818
1324699431032229888
1324571906360725504
1324763706660704257
1324799406542147584
1324834853142056961
1324666502516252673
1324632529144553473
1324764979627700227
1324682114319683584
1324625980594552833
1324797828103839748
1324670480201224193
1324708685420072961
1324522812871069696
1324769076196052992
1324759939106119680
1324615730315350016
1324827307882721286
1324620745004224512
1324855948150771719
1324608959874011136
1324747634423246849
1324792152245915649
1324672865464127488
1324637813288050690
1324718608249954308
1324687353164795904
1324744035387527170
1324806127628988416
1324753869965004800
1324642682929598465
1324624648408096768
1324776129497075713
1324787389789802498
1324741343281819649
1324755141145382916
1324791043351601153
1324663749651910657
1324606622333882370
1324772167268081667
1324819688774402050
1324676535375245320
1324785484657250309
1324643714787168256
1324804927672197120
1324769889110949889
1324752746927587329
1324686134727888898
1324687447926648835
1324663477064130562
1324840802389020672
1324673455258767360
1324763139011973120
1324637898730295297
1324740100299829248
1324744908218007552
1324850023696375808
1324637098683543559
1324713836608397316
1324616800009658376
1324819372528066566
1324762039697448962
1324724422566121474
1324787478767800320
1324794194242752513
1324834889460494336
1324840067274362881
1324749746540584962
1324745210216198144
1324791084984246276
1324788575309881344
1324731794055483393
1324764137323376642
1324840297256357888
1324620382343671808
1324618505178828800
1324765604428025857
1324841327658475520
1324751353818873858
1324718156959698949
1324772189179158531
1324665299241754625
1324762487787556865
1324671183762214912
1324648839345852422
1324772496651014145
1324728126627291145
1324611166765785088
1324638127420563459
1324761560577966083
1324657109485658112
1324779185865457665
1324663537277558784
1324597881718796288
1324774264176869385
1324650959528726530
1324805062573674496
1324748832966504449
1324664932458258435
1324720521985052672
1324626641679753216
1324754952686833667
1324703788842844161
1324759751578845186
1324753159500288009
1324636392471879680
1324815209324826626
1324798208984403971
1324693380358672384
1324593665801682947
1324782648720580609
1324777639215878144
1324774889455312896
1324598733640785921
1324691257147465728
1324610032584019969
1324809305699373057
1324608219000590336
1324736042243674113
1324688912829341700
1324648461178937344
1324619162795319296
1324539089836601344
1324725876689350662
1324784835240599555
1324655427913715712
1324653011227058178
1324726569802309635
1324756303311491072
1324566105403305984
1324808976035401733
1324759415069855749
1324792902820777994
1324734341935697923
1324604555729010688
1324507160815042569
1324804418731167746
1324596556545347585
1324773607596265472
1324810081280663555
1324660481471250432
1324719997608988672
1324634877682135041
1324630721420529664
1324502833056649216
1324729250478460931
1324835004237664266
1324643374054387718
1324717042226864128
1324775881156534272
1324739653887578113
1324798721255739393
1324786661172137990
1324822767779389440
1324510108311801858
1324631998435074048
1324759251290628096
1324670935300001792
1324656146574172162
1324636443147468802
1324613186809712642
1324737442583367680
1324783819510190080
1324734516498497536
1324649858163220481
1324661063212781569
1324766767022002178
1324611586313625600
1324660050418434048
1324692422069276677
1324822417785548800
1324732366116605953
1324669734248452099
1324677575201927174
1324819465528397824
1324747269388849153
1324637468088537088
1324778107954495492
1324633560234557447
1324775730262265860
1324757087449239553
1324801169991081988
1324798399032500224
1324650978566672384
1324650865630846977
1324652798697496577
1324673281958596609
1324749552407191552
1324644361464877058
1324651847047651331
1324822085642932225
1324625970230366208
1324791971882426374
1324710421283168257
1324798147298820100
1324774532784283649
1324826162493874179
1324712739416264709
1324622335538855938
1324759637984337922
1324768701430849544
1324768018329645063
1324782518642630656
1324820825015570433
1324662922199654400
1324776062295941120
1324784651404255232
1324744989004328960
1324776466920415239
1324749269543329792
1324737437428494342
1324769161613103106
1324842831723302912
1324836227535802370
1324512205585420288
1324796875665494030
1324608756169232384
1324632780207230977
1324764847515570178
1324604753930866688
1324801360311799811
1324641053841018881
1324744328372248578
1324743981360648192
1324691421459337216
1324793437749682179
1324696632420683783
1324562841622532096
1324724659535908868
1324599609302355968
1324726272912666625
1324812134518312961
1324757500265140227
1324785340641644544
1324843273228353545
1324771841412599811
1324650969452466178
1324764999206817792
1324594834318020609
1324694308533030912
1324667931050082304
1324820850747543552
1324646367399157761
1324636821771456512
1324821575821070336
1324723749636235264
1324826371013705729
1324856526297853952
1324855657967755264
1324807752909279232
1324679485208354816
1324635809803358214
1324839000373399554
1324747757161082885
1324706436488826881
1324814377728487425
1324782693251506176
1324730709391613959
1324628630358675456
1324597691544948736
1324757746294657024
1324775769340608513
1324758327679717378
1324755590707662849
1324683932567244800
1324648746131619841
1324749471188688898
1324707962460528641
1324615252957405186
1324741280312811520
1324712712685948935
1324718429945896961
1324627737596825600
1324745890830143488
1324738457118408706
1324694393778044928
1324682864785559553
1324519206965182465
1324631671665209344
1324592758863048704
1324797410753810433
1324777851162382338
1324659504663986176
1324769655907618822
1324714354600804373
1324633739884941313
1324727307894968325
1324735385495359488
1324691712057528320
1324705962360451074
1324602273142607872
1324525196531957760
1324771759414005760
1324703105280331777
1324682149157588994
1324673665884184578
1324710865413832706
1324771726677389317
1324599198679994368
1324767450416689153
1324639984511582208
1324794496106811392
1324736100682944519
1324735567070941185
1324772421426204672
1324835676140064769
1324720873367109633
1324817059189063680
1324836031259152387
1324788105476509699
1324651288391536641
1324765088272842756
1324669578790789122
1324609045689470976
1324765980883640323
1324785418458509312
1324811942847012864
1324838102297358341
1324743477880651776
1324577546734870530
1324807201706385409
1324797616417312769
1324765518734217218
1324758966514180100
1324817027471691776
1324616639288135686
1324762296783118338
1324676612550524928
1324761199620358144
1324800481978392576
1324756660599070720
1324650640908451842
1324637703531581441
1324717683544367104
1324762865182584836
1324750605206904835
1324816836312125442
1324838828859781120
1324745839508623360
1324726022311497729
1324805776473575425
1324803277947547648
1324771655823073281
1324745923788967938
1324677725144162304
1324589506197147648
1324735356890189825
1324508225157373957
1324769730130042883
1324672839564349447
1324807410012332032
1324756388577484801
1324726625645322240
1324701815791910913
1324669675653992448
1324741337799950340
1324725143004917762
1324713909798854656
1324690706686947330
1324757887634280448
1324585081692966912
1324712457370218498
1324805235072708608
1324743769003012098
1324503550853079042
1324720849514102787
1324747017759973379
1324778795719680006
1324642848189407232
1324607669773176833
1324662732013133824
1324777771382525952
1324667228445417472
1324825877251870721
1324820712998244358
1324733277089968132
1324832609042636808
1324706992334786561
1324795857649213440
1324709844255952897
1324654360178106368
1324745957133717505
1324840759741304836
1324703743762485248
1324741745201057798
1324639358444539904
1324861522418479108
1324582087974858752
1324791840785211392
1324714546544676865
1324743060715175938
1324841482252156928
1324703883181121536
1324606167595835393
1324837044137459712
1324752220181663745
1324612365321703424
1324706033097461760
1324659213096898563
1324714794503593984
1324790871020179458
1324634628246904833
1324608378589634561
1324749929684914179
1324773688043065346
1324732496785907716
1324820429110972417
1324810846384627718
1324782547075739648
1324662777408065538
1324577208325779456
1324570233626132480
1324843829741178884
1324622501650010112
1324817582315216901
1324654001644883970
1324674352269447171
1324683236644163589
1324734227590619136
1324636858287116291
1324619708767916032
1324808054123208705
1324726222383915010
1324790804104228869
1324777871446036480
1324812519056297985
1324831325719846912
1324767754629558281
1324695109187837953
1324637248403460096
1324612655483637762
1324604740894949377
1324655355725598721
1324841306275930115
1324624922501668864
1324837578684641282
1324790146244530177
1324683016615174144
1324854969451819009
1324676291736621065
1324802505088315393
1324733403950886917
1324705937467281414
1324624631635083264
1324698106441551875
1324788342345601024
1324820203788783616
1324774318971211778
1324610100275908609
1324752503062319105
1324567070214938624
1324615920120188929
1324753088218046467
1324747953387483136
1324621093911539712
1324806530710069255
1324772114994470914
1324804728354721802
1324763814060003331
1324798184040943616
1324729716281061376
1324840241719611392
1324674566388621318
1324640373965279233
1324771735028322305
1324651518012936192
1324689098230161411
1324830982130831364
1324713788147486721
1324793417117929472
1324757355704311808
1324643419344543745
1324598734307680256
1324739181206188040
1324675185723772931
1324747612851982336
1324791335925272576
1324730984227577861
1324721636910792707
1324603225656406016
1324643352822882306
1324654724491153413
1324594731532357632
1324673705037996032
1324729669917286403
1324606246159327233
1324757770000891916
1324688739071918081
1324757200481382400
1324696798095679488
1324754622804799488
1324675801598615552
1324790482388557825
1324756078836490245
1324725727661608960
1324723503753580550
1324710889191256065
1324726385882091523
1324662844462424064
1324790719597391872
1324740336363724800
1324618334852304896
1324509606714974209
1324736827014742020
1324733040560640001
1324724184250044416
1324713202211577858
1324837149808746497
1324826691689156614
1324675674058215424
1324812710048137217
1324830714840420354
1324668759458615301
1324714632699850754
1324675079947669506
1324772501944229888
1324660716457123840
1324740225625739264
1324721310598107141
1324683246572130304
1324852000694149120
1324750900209090560
1324760699353108481
1324753787937005569
1324808998466560001
1324749299725393920
1324744141318795265
1324739005548761088
1324810936037892103
1324703195453661185
1324734285170003973
1324850316790112258
1324830107668828161
1324599021089050624
1324736723008573442
1324767020722888704
1324782799350648835
1324719679001235456
1324748509568884736
1324606564142096384
1324843073692700673
1324772741116035074
1324660606536962050
1324799652319907840
1324734934163038208
1324698022484344835
1324716529078931463
1324763140626722817
1324803240404439044
1324745753508614146
1324829817653526528
1324572328852885504
1324698405977939970
1324764249357516801
1324749639682347008
1324532282422644736
1324697861938913280
1324726833800249349
1324594598447108096
1324682953084063747
1324711890283565059
1324685857450852353
1324685961058504705
1324721047854288896
1324837812223594498
1324744326723809282
1324796452342767624
1324820063258554368
1324649046347255809
1324789678537646087
1324775045277851648
1324676066246561793
1324798954337411083
1324727740663287808
1324656294289133569
1324617372653768704
1324671914254782467
1324764142981566464
1324689768194678788
1324663807432658945
1324677988017967104
1324632293193994240
1324712150502383616
1324766778677993472
1324607783921242113
1324505808617484289
1324820285699272710
1324712094344904704
1324813685177667584
1324656770820833281
1324807858756734976
1324726222253936641
1324795017651757056
1324696515596722177
1324672044643033089
1324724796173811713
1324795193145655301
1324603556482158593
1324670873798922240
1324741386265108481
1324770086775853061
1324636228688482304
1324636232555601922
1324805709268221953
1324759124249366529
1324599915541123072
1324551938176884737
1324507415203749888
1324768171325358081
1324733619634659333
1324840220081168391
1324858548875124747
1324793053752840193
1324760071235133440
1324729238147260416
1324681438818684928
1324853545577926656
1324801555799920641
1324825011669053446
1324765901246398469
1324815753065975810
1324717602690813954
1324671244642459648
1324665863824384006
1324597349495263233
1324858659898322944
1324820652680007681
1324645283989540865
1324556786397974528
1324683967564443648
1324641935198400515
1324825205345296384
1324813213469413377
1324776962846527488
1324772730047258624
1324737536456089601
1324771327450980352
1324822741732786182
1324806323238817792
1324672326881955841
1324802668603138048
1324756541380169735
1324633521663713281
1324694120628105217
1324604997011709952
1324642619843137538
1324751560837091328
1324812310855196673
1324597932830720002
1324626620842450944
1324561741494120449
1324709617377644544
1324758702746968066
1324738079777792000
1324726892130406402
1324689473905582080
1324724544293294083
1324637116773634050
1324624990038331394
1324616990737240064
1324605800850034688
1324646700909236224
1324605550471118848
1324840113357180928
1324770821164945415
1324591452270301189
1324744337226432512
1324798683406360577
1324694875040813057
1324668065435496451
1324664038471700481
1324662510084042753
1324749823338258432
1324736105820946433
1324651697017364480
1324639520285990915
1324630793659011077
1324627008110866432
1324725463952941056
1324667914558033920
1324672371740073984
1324780939952750593
1324841394641526787
1324840395843473412
1324702480471597056
1324812041098584065
1324633989991305221
1324598246241611777
1324798556553752581
1324776506925731842
1324705408234250244
1324672867116744705
1324792123875614722
1324673017742581760
1324653114906075139
1324711001833570304
1324739001727766530
1324624675163545600
1324665678008373248
1324812283382550529
1324772495803797504
1324674301644201984
1324742023237246982
1324767966169341958
1324698168999772160
1324794387516313601
1324799035111333888
1324708883957534735
1324693841698541569
1324701285967384576
1324640042543972358
1324779051840643072
1324732351604314112
1324715409896067072
1324637950605463552
1324723814236856320
1324757441817530368
1324804082104750080
1324716538675535872
1324597032640794625
1324773244780617730
1324725505761959940
1324817531404754944
1324721600915275784
1324687571876798464
1324782055159455745
1324695855853686785
1324692629876101125
1324685380533293057
1324672026049679363
1324758856451457027
1324731194303488000
1324729553659580417
1324663905755475968
1324764046831345667
1324777701056651265
1324653962344206336
1324748509124259840
1324662498944028673
1324692211389390849
1324763360949342208
1324712130227089410
1324788130038403072
1324761556064915456
1324720213829574657
1324673296567328768
1324659365165584384
1324843073428488193
1324674315770626051
1324652552915505154
1324824731300859904
1324617953502023680
1324667480980230144
1324505630502195207
1324773653972717568
1324727936319131653
1324671749280145408
1324767332271562752
1324817368552538113
1324621536142217216
1324762487519137798
1324748993688178690
1324690764308369414
1324798267276800002
1324834305487548416
1324807276713136128
1324807285399539719
1324753487629029376
1324694164311805956
1324610616699588609
1324762471622680576
1324755839606018048
1324743413435162627
1324698564468068354
1324689146946985984
1324790557911224323
1324520900444696579
1324707364054966273
1324692216397340674
1324605421722755072
1324779808056840192
1324783978205843457
1324638249600589824
1324783304701288454
1324607215899185153
1324805008181891073
1324728137603829766
1324762360763080711
1324703082857594881
1324821649674412032
1324659971993313280
1324633518618644483
1324647151142658048
1324807791459094529
1324800419378462722
1324836145931472897
1324625268854689792
1324847742418587648
1324845302810136577
1324750955968110593
1324662183637274626
1324633629809659904
1324766413924536321
1324646866676572160
1324643307037872128
1324692967161008128
1324743218475520002
1324675044883238913
1324640424062050305
1324644300123213826
1324638965366984704
1324825034540666885
1324773391254102016
1324661893668155392
1324779920225161216
1324672407592984576
1324665738808954882
1324688993292832770
1324747839956766725
1324729789308088320
1324736015735685127
1324810816147853317
1324833614819897346
1324669757241569280
1324795313891254279
1324588702484582400
1324712716808892418
1324862105112240137
1324659084486942720
1324738907083313155
1324794005142556673
1324716330415697926
1324703622505009153
1324620563189506048
1324710631921143813
1324749320537722885
1324693557115015170
1324780595302551552
1324620071612911616
1324768734419034122
1324754799271751681
1324607725364518912
1324831209508188166
1324823667243651073
1324691443605229569
1324671057412952064
1324804906608402432
1324768631935389697
1324714275643031553
1324792192603480065
1324702961918910464
1324769887957504003
1324643422842638337
1324662891438628865
1324626575216824322
1324622431001079809
1324711194855460864
1324696511943499777
1324635392197341185
1324775466197274624
1324714223239368705
1324756081793531904
1324720840693420032
1324696081997930497
1324672867510984704
1324624892453675008
1324687412681936897
1324700679420731394
1324824828751261701
1324779303830228994
1324814457793634305
1324761723308515329
1324713396340695041
1324653219319042049
1324644675471462400
1324601252207071232
1324511065330372608
1324703407563821062
1324802103148220420
1324792042384445447
1324770209119567875
1324625663760998400
1324697249981566977
1324726563129217024
1324725524657328130
1324705596373913602
1324795397211115521
1324773914518687744
1324813647504355331
1324662271289790465
1324633586885156864
1324675713329487877
1324751565463392265
1324815232540299265
1324691613570994177
1324627415830843395
1324681732906491904
1324816882394894337
1324677943793246209
1324645762819567616
1324748102092394498
1324806626377895936
1324755624635322368
1324638045228961797
1324594120782917633
1324695954310778880
1324730931664617474
1324742098466279424
1324814225819185153
1324773286128111617
1324688285801848832
1324743373073326082
1324613005443796992
1324844833987584000
1324717783104573448
1324820379639173122
1324781294841192449
1324664337039040512
1324827646023340034
1324617964872781824
1324706907609845760
1324654464175931392
1324795500441313286
1324701853712613378
1324577109944258560
1324769592036777987
1324642442172370950
1324597227218677760
1324594630424436736
1324720451357085696
1324673570522468353
1324726226548887553
1324682728420368386
1324653793401802753
1324648463309639681
1324804365572624394
1324683182986375168
1324717799437053952
1324693452127428609
1324513518406848512
1324751364715667460
1324838878088482816
1324670645016403968
1324812280081588227
1324834823899414530
1324734941431779331
1324710240051437568
1324653859122327552
1324710814608199683
1324841674703515648
1324762266449911809
1324717365402226688
1324661298651607040
1324808625869758464
1324723750898728960
1324595686294331397
1324818623240851456
1324736164339867651
1324686671699464192
1324683734210269185
1324820651773988871
1324673030635819009
1324594764113682432
1324831043480883200
1324710599390089223
1324768208482717701
1324651843784507392
1324598070458408963
1324782105486860295
1324671770268454913
1324769764506587136
1324684692847775744
1324690533894266880
1324683733090377728
1324700775055003650
1324827799849439232
1324840906445475841
1324695458191712257
1324623921266806784
1324597541024006144
1324711756346859522
1324710005350801409
1324667785633554432
1324756812743217157
1324665052641792001
1324594631896637441
1324679605635211264
1324665934649446400
1324604586221514752
1324726394153295873
1324617509165817856
1324727600116310017
1324728992231006209
1324615044575973377
1324747428210315276
1324601039903985664
1324627311329792000
1324806165717504001
1324658213501968384
1324728455276204032
1324674604581982208
1324737340435271687
1324620205994217473
1324675343467372544
1324742587673096194
1324657279191420928
1324722824968372224
1324751554524647428
1324829238520958978
1324673363701342208
1324635651246088192
1324621556857921538
1324821457470455810
1324615041950298113
1324663558249000960
1324770577111011331
1324770469044752385
1324730111007035393
1324734175816146947
1324728482266599431
1324625204803473408
1324817069347655683
1324840552949522432
1324800372750340098
1324617430547783680
1324772439054819330
1324576676584529920
1324563953905750017
1324742308911341568
1324648765479858176
1324706807005237255
1324682539987050496
1324636230127144961
1324654942683017217
1324856596447588353
1324829344963928064
1324813450506391552
1324679993738317827
1324630918523424768
1324637021680340992
1324694507917615104
1324823679902060546
1324796453311684608
1324660636031291393
1324824510747598849
1324832085295640576
1324594167683702784
1324699502335447042
1324620824477913088
1324622785235296257
1324764859360268295
1324815040525017088
1324723968419471362
1324647503636082688
1324515863832256514
1324614859380711424
1324730790006169601
1324794021202591745
1324832556664131586
1324686569031290882
1324743246090829824
1324697358572179457
1324678521046945794
1324702219837591560
1324760056466935813
1324763724842962946
1324676401421787138
1324809283763113986
1324794638885150723
1324783112778358784
1324694900919717889
1324802862925402115
1324733149188919297
1324503878524653574
1324682435481767936
1324663421346918400
1324814599619858442
1324793836330242051
1324697215529635840
1324674767694274562
1324705559073951745
1324733195976323072
1324670373225529347
1324623710272344064
1324690063419154432
1324723555246985223
1324681724849278977
1324695393389731840
1324685131089661952
1324840654770446337
1324763739615301634
1324701059575648256
1324797318756028416
1324747756691316737
1324784172225990659
1324790662764658695
1324697057563713537
1324668095747817472
1324692274081648640
1324813715305353217
1324675855096971265
1324792612902129664
1324619812845297664
1324860552921960450
1324809956437229570
1324724772941553668
1324624756881149952
1324804766430597122
1324680968691720192
1324712420594601985
1324814757669556224
1324738290910638083
1324822027577053184
1324650905334067201
1324716514432421888
1324727589936746496
1324762839085682688
1324670811152781313
1324699415425257473
1324600265937428480
1324684500627083264
1324631078955606016
1324687762080075776
1324614283867676672
1324739069038002181
1324751572568625155
1324764537548013569
1324725784364388354
1324848109084618752
1324634443051634690
1324836060384415745
1324808469002788869
1324692463211155457
1324729537981222915
1324702646490566656
1324646692889808896
1324802427720269826
1324724708802252801
1324755676007141379
1324853299594596356
1324691413297188868
1324676748924145664
1324795904277315586
1324801863154307072
1324685177550000129
1324623202757365761
1324665565903028225
1324633722436550658
1324783143199608833
1324633308358152193
1324759177185665024
1324633811301376001
1324765781679366145
1324717783259746306
1324666915030269952
1324696744727355395
1324820262253170688
1324709681798008832
1324845063571197956
1324802477972201479
1324770789749624834
1324718441140543488
1324686169192452097
1324680713015316481
1324796785043427330
1324745922291654656
1324531122349379584
1324679788070621184
1324803879557570566
1324744234373697536
1324774657078288387
1324740998459805697
1324806598787690496
1324640268843421696
1324854955287732225
1324662688723673089
1324700224028368899
1324655570847256577
1324816561606135808
1324771196718714883
1324628686642053120
1324683737557250048
1324639992711421952
1324677931919134720
1324752599082536963
1324651214362071042
1324766551451586560
1324781571778449410
1324802537665560576
1324718413634220034
1324503978718187525
1324747722071580673
1324587413180682250
1324685396375199744
1324810795599994880
1324768567196295168
1324664581206269960
1324602499140112387
1324786524454588418
1324713053053689856
1324792628026712064
1324676608486199296
1324692971527245824
1324755379629285378
1324750933243404289
1324668359917658112
1324853175850065926
1324755278039056384
1324716298991996928
1324809137130188800
1324731338348548096
1324738830101061632
1324728251776815106
1324665050045579267
1324823431423102981
1324594711630368768
1324621350766608384
1324826159931138048
1324688951026851840
1324721931795517441
1324803967000449025
1324764477611495426
1324795447593099264
1324685957677912064
1324860028378083334
1324806986937094144
1324828740816379904
1324674297189879808
1324753151677911042
1324770995031461888
1324817251153989634
1324668639753216000
1324705679131725824
1324713645306163201
1324669871016337412
1324762652942413826
1324860552406065155
1324824635268124673
1324753173035294720
1324786278685151232
1324734688263610368
1324713513764425731
1324744843004911616
1324836233953030144
1324746001593282560
1324819674526371841
1324759846240063489
1324778134948978692
1324752109523402753
1324770381408948229
1324720729548574724
1324655346909151232
1324695790426742784
1324673131471056896
1324766161481981954
1324665400496394242
1324666018917163009
1324607244936318976
1324833886099197953
1324713398303641600
1324839939834548225
1324627698531053571
1324552122273353728
1324659447197741056
1324672665316151298
1324624884417384448
1324755799080685571
1324838159981694984
1324614505301745670
1324695570288648192
1324523070426632198
1324652054757990402
1324686912658018305
1324656590847414272
1324793184376049664
1324714264507125761
1324836344607182849
1324737405635670020
1324641686031634432
1324653160854638593
1324732538015932419
1324625280347099137
1324594859760586753
1324729907046424576
1324773567825956867
1324801791331094528
1324781400831250433
1324820999624417280
1324821821879947269
1324750634650841089
1324790869145329664
1324639052474290177
1324697276808310785
1324636698970640384
1324756412476592132
1324733237428690957
1324731310246633485
1324568405509361665
1324793376953323520
1324612873797226498
1324521688734830598
1324789287880171523
1324626394769428480
1324845350407053317
1324662503801004032
1324587219122794496
1324601760657408000
1324771324129091586
1324692662063169543
1324727353315102722
1324668595369091072
1324664293950922753
1324783981045424128
1324653909382750208
1324505664031494144
1324791857470164992
1324777773618106369
1324717431131148288
1324673820515540998
1324646059986112513
1324784584190472197
1324735235523809283
1324804129760358402
1324771837507702787
1324794506663862273
1324773419561484288
1324837347071037442
1324702110684975110
1324624324154822656
1324725923288174595
1324821193719992321
1324838818583846920
1324794217475067904
1324697392256606208
1324692992352018432
1324622291528044546
1324670231395094528
1324686005346193409
1324728693562970112
1324624813575540737
1324679674165972992
1324727365419806720
1324594730223702016
1324815411590930435
1324797693584134145
1324616305207554050
1324798493437906944
1324723600880971784
1324739099517984768
1324804409080107009
1324805430103678980
1324683905417490432
1324712326881288198
1324773988774612994
1324708560811499521
1324627226898374657
1324683937067769857
1324805128579244032
1324792639548510212
1324768942980845569
1324747388863524871
1324771439849971716
1324708605464072195
1324821898270855169
1324636229644832779
1324658549272825857
1324772758371422208
1324609615590576128
1324799643167936513
1324640914757849090
1324607818209570818
1324653649633681409
1324672104164433925
1324682898428039168
1324820366628454404
1324730404750954497
1324599536287944712
1324754949394198528
1324678142359949315
1324647336644149248
1324717253925998593
1324701450556026880
1324628760344301568
1324826487149731844
1324730088399773696
1324738872128004103
1324636230605246464
1324732696472551427
1324761212501020672
1324625715912912898
1324578656199626752
1324688166314528771
1324757167178682369
1324694904216444928
1324671541007831042
1324645426482581504
1324774577189302278
1324772352849252353
1324807135750967297
1324705493076627458
1324808842451001346
1324804485412278273
1324640951621591040
1324653553173102592
1324846247467978755
1324703553445752837
1324663910654451712
1324663604919050240
1324652452210245643
1324777446256857094
1324703023642365953
1324796627631091712
1324814479700492290
1324688217908649984
1324706984826908675
1324796762956115969
1324810622136180747
1324803795130458112
1324686195583029251
1324673311813545990
1324727719662391302
1324624472582881280
1324643797901447168
1324749513073037315
1324642281094262784
1324705228466221056
1324808464007372800
1324652060344803328
1324678983989026817
1324758420822630400
1324772083755323392
1324743561062109190
1324588241073438720
1324730076383059968
1324514263847886849
1324644875636191232
1324724905687076865
1324733398028529664
1324685751527854081
1324674190490947585
1324670612745424897
1324828308652150787
1324645281779097600
1324776300033249281
1324726596574597120
1324601876680265729
1324654830422577154
1324614155970715648
1324648503545630720
1324745856088711170
1324793060937633792
1324743211299033088
1324513518939447298
1324696039882956800
1324780228846198785
1324729166445584389
1324728496309022720
1324800545434046466
1324667100045012993
1324808533460819968
1324611206691328000
1324774881288953858
1324681367410585601
1324770891067260930
1324642703246790656
1324807483504893963
1324508066654703616
1324822631242235906
1324622841065709570
1324749584225226753
1324647485462220800
1324837587580788742
1324769734601199616
1324775737388314624
1324804071677677569
1324675849384349696
1324745857619689475
1324834094082105344
1324687957807271936
1324853862965063680
1324729164524593152
1324806350640132105
1324754050760495108
1324668162227535875
1324656901834133505
1324700132823150592
1324820779779952643
1324802101927620609
1324521405875163138
1324668683457888259
1324832495905525761
1324813849669885953
1324511415101739012
1324632088415510528
1324809431561981953
1324687535818346496
1324850422704672771
1324758069776101376
1324780935691313154
1324709863415517186
1324710661436395521
1324504113749643265
1324840429788012548
1324808909626970112
1324575645611945986
1324755690527903745
1324687693964578822
1324806456705753091
1324842299445137409
1324821633694158849
1324818232486830083
1324839916283584516
1324785589951090689
1324774517990973441
1324684282422591490
1324561290849898496
1324688209356443650
1324778152279875584
1324625446898667521
1324828779403972614
1324806162647310337
1324756442683899904
1324709003407118336
1324735417090977792
1324731758676451328
1324666074902745088
1324596968660807680
1324541956307955714
1324781640808280064
1324612904071647232
1324729822573199362
1324807349194891264
1324726023498436608
1324823451689984000
1324726141110964226
1324677166085406720
1324703312260857859
1324633824211468289
1324837902728253441
1324757549397270529
1324808867860066308
1324775750139039744
1324711103012704256
1324721522188210180
1324652027427889153
1324797043500589057
1324637647751577602
1324688459240525826
1324630852731625474
1324629014875643904
1324513735000629253
1324738174732673025
1324767579869773825
1324723699916877824
1324694690780897287
1324710480091455493
1324713740600836096
1324721771728293891
1324642864668823552
1324853117192724481
1324812520650137601
1324718007940194305
1324758493618933761
1324799922605068293
1324825507435814917
1324756449390600192
1324739299947012098
1324693956769271809
1324684728549691393
1324835347541430274
1324684432264073219
1324768830401449990
1324821860027125763
1324776665713643527
1324663256691150851
1324744072880443392
1324673771991638016
1324687907786002432
1324772726834343942
1324624816490643456
1324826403314012160
1324841847122993153
1324702032360542209
1324731359374487557
1324673671001235456
1324850264633913344
1324658484223291392
1324659565825298434
1324532944632008706
1324657950888218625
1324810165154160641
1324860639500775429
1324771087301943304
1324833532808712202
1324839172285386752
1324752675481784320
1324768545658572802
1324632132476612608
1324807603881414658
1324706917508329485
1324618365588168705
1324734146233720832
1324690286342246406
1324669825986289665
1324668403861389313
1324641483056623616
1324788353250828295
1324706318117150721
1324802744402804737
1324840143732301825
1324826897193250822
1324676262460358656
1324508158467874817
1324843301070057476
1324635392079847424
1324845205611286528
1324654267450478592
1324662484922499072
1324647503996899328
1324752354533543936
1324834392267784193
1324823932000784385
1324840582267752450
1324715868794880007
1324806109434175488
1324695215958040576
1324672097050894336
1324664375542689794
1324684258213056512
1324647261826174977
1324598657786777605
1324738100032135168
1324687025480622081
1324781153707040778
1324669876099862528
1324688958572384256
1324762903866707968
1324811803877117956
1324741616863764480
1324680656325103620
1324670807092699137
1324792463190593537
1324593443482513409
1324716109111693316
1324663797391466497
1324756892195999746
1324697006397366278
1324818422723678208
1324753168471908354
1324638530010783744
1324687473713336323
1324801990266888192
1324689183634608128
1324711400871239680
1324727468838866945
1324808166320779270
1324623985154379776
1324778255946260485
1324776609929433096
1324693379628892161
1324665926915133440
1324741854672396288
1324653690041585665
1324828582686982144
1324759304201740289
1324680428976922624
1324784496953143297
1324759405922045953
1324726876854767617
1324672559099596800
1324683343905067009
1324644308855783426
1324511829138309120
1324764911000555521
1324809143966965761
1324836146434707456
1324734459107835907
1324612390093234176
1324715996796649476
1324771042569687043
1324693506733072384
1324670865385132032
1324816030062006273
1324751424224452618
1324602962916900864
1324820255772938241
1324603593463390208
1324726876829634560
1324602096998633474
1324768009240662016
1324752346493190145
1324800546759495688
1324731514941308929
1324688561938063360
1324724626455515136
1324666590793707520
1324502218142289923
1324706900068491264
1324691585448218624
1324765004634198016
1324642990422401029
1324746712456613889
1324804058406858752
1324776098916454403
1324639151061422081
1324811985129799682
1324781853363023872
1324708167868207104
1324630627287793664
1324612407453491200
1324716649606483969
1324772238122430464
1324573913645461504
1324787536477200384
1324775813477261312
1324698928651141121
1324635640416395264
1324755030180827141
1324649409951531009
1324655437350883330
1324801640927498241
1324743103450853381
1324679126805106688
1324813885141123072
1324834852512899073
1324693203325460483
1324753341851881481
1324713154765561857
1324624122480074757
1324698517575786496
1324663765317701634
1324745974292516865
1324687524229513217
1324793826750451718
1324833709581836288
1324841896447979527
1324861474955808772
1324671070796976129
1324716546695090176
1324727662212976641
1324834850793230339
1324566930905288704
1324713298751819779
1324592452032933889
1324675487742992384
1324638030548840448
1324816791475015680
1324842948127793154
1324790824710868993
1324637328774729730
1324611888114794497
1324573916334034945
1324563594512601088
1324711800030547969
1324621340725415936
1324641164285353984
1324721780431441920
1324811310299795458
1324765433656987649
1324588621505138688
1324756079620796416
1324741085437022209
1324708966690099200
1324684369194266625
1324659076861710337
1324637787602247686
1324784504456794125
1324777941394477057
1324740924606480385
1324766822630072320
1324779189766152198
1324680361188696064
1324755100859064326
1324763356968923136
1324705509019127811
1324628302406078467
1324667810107314177
1324764737863852036
1324802153752547329
1324722343361601541
1324720263792074759
1324825290925871110
1324834429395701761
1324826187131138051
1324668180728553472
1324761552910721025
1324799864702685186
1324741737416458240
1324635468655398914
1324795490303725575
1324793300692422657
1324778351882633217
1324753898876391424
1324800122039996416
1324841478292733952
1324696285182648321
1324863911833767936
1324782896318713857
1324741722522460162
1324799756250554370
1324849034859847681
1324621591490252805
1324770734695174146
1324684224985784320
