1323205259796357120
1323284544359981056
1323332858879115266
1323201589805490176
1323198090162130944
1323278058544091137
1323286369624535042
1323212059966922753
1323224940175306755
1323332722413211649
1323406681670324226
1323301455227400192
1323138112881676289
1323356167981203456
1323356032144412673
1323190939167432705
1323318923450863617
1323233773618663430
1323383226946232320
1323204586153353216
1323237612073701376
1323233630135685120
1323306420314529794
1323080352777252865
1323373273892212741
1323294045054111744
1323251234623660032
1323121183550775298
1323323140177580037
1323300528919613446
1323186607168593920
1323206044504543232
1323330776423948289
1323328749778178051
1323331268302589954
1323299963355496449
1323210149658611714
1323180908174839811
1323245170696007681
1323364207623065600
1323222889890500608
1323334303934283782
1323306503575580675
1323337625898541058
1323400596494426117
1323302669063245828
1323354190178095105
1323287857893691392
1323367744444813313
1323321081109925890
1323224366340067328
1323232424613105665
1323175247244365825
1323253644863639552
1323280472114450433
1323338272349761538
1323314237234679815
1323192866349457422
1323239615873093634
1323190703141359617
1323165229392560128
1323385313021120513
1323376405292457989
1323380728520794112
1323285434089328641
1323277514119225345
1323323024767098880
1323318038884716544
1323175878155784198
1323286383994249218
1323328925481734144
1323365443550273541
1323148738525843456
1323332281847697410
1323276391438319616
1323238426980851712
1323275346368712705
1323274578446209025
1323202410257547264
1323168496876965889
1323310532510785537
1323269212866039811
1323313981260505088
1323373392951709697
1323149804168454145
1323329554144964610
1323079523571740673
1323328621981945856
1323162060864278528
1323305751482388480
1323239483907727360
1323378565006692364
1323146778238193665
1323299256065818629
1323256043049119745
1323130260276346881
1323099556251422721
1323252280712454144
1323311459338719234
1323151411304083459
1323251385891233797
1323343927706112001
1323248498674929666
1323375007800713221
1323302578109796352
1323233771597058049
1323141001297432579
1323236547399962624
1323383789729566720
1323186439748812800
1323152061287092232
1323290720632000512
1323285089913024514
1323277359680790529
1323344591584665600
1323234195997675520
1323329421479153665
1323267480136146945
1323288766140850176
1323176626922885121
1323192468070928386
1323350274250035203
1323366439173148674
1323297104496939008
1323402483973169153
1323363830664175623
1323262614034665472
1323249900335845379
1323124761346646016
1323315681534816256
1323414280637763584
1323323815561175040
1323351281478631424
1323056358925762560
1323319972974788610
1323164785928818688
1323200643088175105
1323358176062906372
1323228930590019589
1323281466902589440
1323211002486394881
1323391084748283909
1323245035547222019
1323359455740874755
1323333599354114051
1323278698305433602
1323310985336279040
1323224883464196096
1323253860618637312
1323336054737424387
1323250515526873088
1323237365679296517
1323343486846980099
1323357074449960960
1323242241410957312
1323219481812938753
1323301044718370816
1323367372435181569
1323186516449964032
1323332960272175106
1323185099014365186
1323368989494562822
1323323794057007104
1323312333045690369
1323124504508456961
1323343822277980165
1323258291607244800
1323199841430872065
1323302936563384321
1323272312574136320
1323277683564941318
1323250683525648384
1323330246234558465
1323275568884965378
1323168775680724992
1323292446936150017
1323140294401994752
1323384670038462470
1323272538361794565
1323216088306454528
1323161754923339776
1323316534907908096
1323249519522324480
1323305365694545920
1323369695651782656
1323332883684216833
1323298260249956356
1323351852570841090
1323257625778282496
1323249571179483141
1323369103139180545
1323316869965688832
1323238988820451329
1323332586442207234
1323337289905430529
1323212901424005120
1323293594896240644
1323230356670160896
1323274943078060032
1323335447070887936
1323183418444754944
1323382722820247553
1323341965845516288
1323372303934234625
1323338114522353665
1323218941813137414
1323279308761321477
1323198321020862467
1323378509893521408
1323374097628303360
1323365289233420290
1323302570853621767
1323236361915273219
1323301282430521349
1323278180652908544
1323159603916476416
1323246801412083713
1323319667709124608
1323368451142987777
1323288143039254533
1323200152384032770
1323324878347522049
1323305774878232578
1323166036993200128
1323335205135015940
1323220436423970816
1323233589425819650
1323207181857148929
1323295756036591619
1323391307734286339
1323177984908546049
1323354018647810048
1323274822907027456
1323063377724350469
1323313361627631617
1323259492461694978
1323380631640952832
1323344040046268416
1323306884217135105
1323226985305235456
1323317754712281089
1323260146160672771
1323336735934287872
1323168451737853952
1323215584893521920
1323119539358371840
1323214482735325186
1323262783107059713
1323275033167466496
1323160963730841602
1323325918635560960
1323211619661467652
1323270740599341056
1323376539220717570
1323260424092028928
1323334267057901570
1323206102138454017
1323288104069980166
1323253463900446721
1323372322175262723
1323327035553521664
1323307349721944064
1323322528086056964
1323165279082455049
1323370682256936960
1323308470028931073
1323228191302012930
1323362989051969543
1323263984418516992
1323233479233048576
1323361982754492419
1323286963496079365
1323185798032822274
1323267237994745857
1323326958328074240
1323245446249222146
1323300313621798912
1323332082228224005
1323238307447394304
1323155660721324036
1323227482678530048
1323255388481986560
1323366429715058689
1323326842154196992
1323239222740946944
1323179944307007490
1323336860039565312
1323363004596035585
1323182540874829825
1323205724269432833
1323261241423503360
1323297794837434369
1323353636957802499
1323084551699288066
1323358172174843905
1323311180220407808
1323307146885431301
1323292989272268800
1323193086726602752
1323291131900317697
1323264349956411392
1323372869154447360
1323231256084172800
1323174569646170112
1323323848830390272
1323224092980375552
1323358591890448385
1323294609917775872
1323151557643436033
1323328827020496896
1323302570325102593
1323273039266664450
1323306527881658368
1323254306523533312
1323384790322741248
1323334193535836160
1323194940273364992
1323403841581256705
1323358229812912128
1323096780771381248
1323393374213332995
1323275157247504386
1323112213461291008
1323399985644425217
1323175912045748224
1323167996257488896
1323170140301725697
1323412858697383940
1323359702957363200
1323335086088114177
1323175898040983552
1323373576871768064
1323303506451849217
1323137267112808448
1323288332990844930
1323376058230579203
1323289896627412993
1323303574642790401
1323288833597779968
1323268382251196422
1323273943231406083
1323172595563417600
1323202821341224964
1323299824234569728
1323307302481465344
1323319788899368961
1323294959504678920
1323272417351995393
1323314129499815937
1323386124614701057
1323404388296237057
1323191008272748544
1323309400166174722
1323149429046710272
1323364845379637249
1323346821159231488
1323277737704988672
1323284304789725198
1323355602341580801
1323295666228133895
1323318952311795717
1323276424216748034
1323411454524116992
1323341811352522753
1323322850447675393
1323275373656698891
1323315231318302722
1323292738079567873
1323380277746540545
1323264064710234112
1323255859309400074
1323322782059548673
1323311801317154821
1323262532136669188
1323333361230848001
1323291870110404609
1323097399544471552
1323298620494487553
1323275382460542978
1323386636382703622
1323220871402659842
1323208281976938496
1323297472123490304
1323382072187170818
1323242664406429696
1323354454566064142
1323231729453309952
1323219065310191618
1323218850280841217
1323280264597032961
1323068581505097728
1323179153525530624
1323157790014263296
1323192008127750145
1323199011726200834
1323211704822648835
1323355448574169088
1323305869770137600
1323251412290199552
1323154870338244608
1323373104861773826
1323386117417242628
1323380519590154241
1323364070892982273
1323388939776962562
1323211405307318272
1323146902058184705
1323294807872180227
1323360337056403461
1323376025129144324
1323378601350340608
1323270283646668800
1323234671501615105
1323375545296556036
1323395810051108865
1323276317786333190
1323197690994434049
1323212915101569029
1323189940688195585
1323285153477779456
1323307990208962560
1323292321782312962
1323260197461204997
1323272280693235713
1323245941688848385
1323254201573658625
1323256180500688898
1323363345865576449
1323359102249172993
1323299044907732992
1323356274164178944
1323302365471137793
1323287008115068933
1323191649808371712
1323318804642992131
1323358849907253248
1323252593062256643
1323302376153952256
1323349456016805890
1323317262946893824
1323056329909538819
1323310947776253952
1323186386825039872
1323349912508112897
1323338159829229571
1323306546105901060
1323362393511153664
1323376855383232512
1323276956138307584
1323348778854862852
1323384084828196865
1323163226721472512
1323266137795211266
1323291918365790208
1323200466755473408
1323341399752871942
1323341307184644096
1323264811128528896
1323264528029749249
1323183773748441088
1323302572254441474
1323218173777350656
1323275066575118337
1323405287047471107
1323131796360318976
1323240152710455296
1323318705091190786
1323221570794541060
1323371560539983872
1323166513180909568
1323269126379503616
1323337244178964480
1323294900214026248
1323249050767020032
1323251278353293312
1323370212348088321
1323349167201280007
1323352426506821632
1323215893053251584
1323291993682939906
1323263826565976064
1323355575552454670
1323290346718199809
1323163192529461248
1323178706135851009
1323281789427851264
1323304309136728064
1323245545293553674
1323349199568707590
1323187282384506880
1323124975038070786
1323329782327726083
1323323980602814464
1323277543491981313
1323262383033405441
1323201501590888457
1323226345896398848
1323302964019318786
1323233977981874182
1323234484276387847
1323223122112294912
1323175888654053376
1323388752643919873
1323227246115639296
1323340703993339906
1323231773040496641
1323124338325901312
1323228720052711425
1323210431905804288
1323226000461688833
1323218506826031106
1323253160794902534
1323209498018893824
1323365689315524609
1323237542012047361
1323306441281839106
1323328143504146432
1323316998663819265
1323347797022773256
1323227676312772608
1323275367944257538
1323313996586459138
1323322252658675712
1323296745313488896
1323084159439482880
1323377700023767041
1323126913628545024
1323287186373050368
1323092360658649090
1323301112896720897
1323201668209692675
1323247701383876608
1323294514400927744
1323230655879225344
1323298222442455041
1323228090055774208
1323380657893113859
1323205052102791175
1323338962707095553
1323346842260832263
1323301568880513027
1323286295528046594
1323301343679836160
1323162744787533825
1323289426764713986
1323244442338398208
1323251589826695171
1323362709266702339
1323391463724646400
1323318149513682944
1323179138367311872
1323320914013048834
1323149865011105792
1323351659691544577
1323152566084055047
1323214816283107330
1323288690630774784
1323257165344362496
1323219266078986241
1323338143702097921
1323387844581302272
1323201305062608896
1323359502310268928
1323246818424246272
1323389048434601985
1323284499325734913
1323250365182169089
1323268633510899713
1323207624641359873
1323262808650297350
1323251014154260482
1323199978622300160
1323327604167004160
1323393165131468806
1323320496683950080
1323308515499429888
1323287457228574722
1323249282024132608
1323274643197874177
1323296949970370560
1323225241338990592
1323169533679513606
1323318001593163777
1323238966255067138
1323319373600333824
1323226986026729472
1323401561633148928
1323356547607650305
1323183088688648192
1323258770563174400
1323214162818981888
1323185554603843585
1323340898663620608
1323289517739171842
1323193045563703308
1323411119059488768
1323306090977787905
1323360057061507072
1323250489774002176
1323338155794309123
1323228179734159360
1323205211859636236
1323252518609104896
1323299502313361409
1323328922059264005
1323198983066497025
1323180817661726721
1323377209067929600
1323360572285607937
1323142798758076420
1323267540223741953
1323363983575949313
1323129708637310979
1323387066097508354
1323155229601374208
1323153952804900867
1323197343097851904
1323273684082065416
1323367865240723459
1323334401258913794
1323339510223167488
1323264507221860352
1323233944507211778
1323193646057926657
1323386986946842624
1323126968586559488
1323360799553916928
1323332433471852544
1323372946698764289
1323203282580475904
1323368030483681280
1323318679380070401
1323271231794302977
1323218725844209664
1323366125896388612
1323155969807945729
1323390970940018688
1323280229264220161
1323371299721400322
1323134171536044032
1323070444761657345
1323143657042505728
1323155566982762496
1323179628664639488
1323252749467848704
1323188059136032777
1323293111695609858
1323267698030219265
1323348691638489090
1323371598217420800
1323334903556198403
1323348297893949440
1323137123717971968
1323202911325835264
1323266833638674435
1323236546531700738
1323339162586652675
1323387352576892929
1323399407266660354
1323269145056759809
1323259928207872002
1323308164746481671
1323355630929936398
1323304282846859265
1323205396589367296
1323367498163564544
1323246808580194305
1323263449292591104
1323246719082127367
1323210407675367424
1323172347113857024
1323328082141302784
1323159511486652416
1323286891735748610
1323362688534282242
1323188216846045187
1323222602412941312
1323283338757607424
1323333651774492672
1323242730122842112
1323201246396850176
1323259080077697024
1323140102210703360
1323207317517705217
1323218663848222721
1323378684380745730
1323297856766283776
1323199726238523397
1323218107419283458
1323206491176902658
1323178559343595520
1323383346689429504
1323367718784032768
1323128949535289344
1323204179133943810
1323243962044481537
1323251521040060417
1323219681927376901
1323252719528873986
1323389743175028737
1323204977075081218
1323337004105539584
1323286666803630083
1323220634965594113
1323203406656393218
1323333284269563909
1323258429461401601
1323143566001119232
1323339424873254915
1323292895152087042
1323373621180583936
1323322330853027840
1323286423890468864
1323210939605409794
1323053937180635137
1323196912661647360
1323373039044669442
1323249482461515776
1323287986692304898
1323204467257413632
1323221521226227720
1323226622170902534
1323273440053383175
1323402471855804416
1323298206088876037
1323279381234667520
1323255370299723776
1323293515263168524
1323293701796470788
1323330058853982209
1323227198627655681
1323377996938489857
1323354918112079876
1323361517979533315
1323238444835971074
1323331542043791361
1323064462153273344
1323218507400708096
1323075756449214465
1323281044792053762
1323390639476740097
1323213137017974784
1323226815389966339
1323146920936747008
1323178978438467584
1323252397997740032
1323221580332195840
1323246122245197824
1323192448731021312
1323163829648445440
1323290017314283521
1323409606345969666
1323387552770879488
1323285196846891009
1323396487703920640
1323154079552540677
1323103533005037568
1323376611811622912
1323277277619277824
1323314644094771206
1323175868710244358
1323178204123828224
1323272244055973888
1323162457876082690
1323323147161161728
1323325568285319168
1323174306315145216
1323306563944255489
1323243527627747328
1323216795520688130
1323388413018578945
1323302575119212545
1323232416278990848
1323070049243045890
1323188293652123648
1323241607223824389
1323238646670086145
1323069696414023682
1323282744617652230
1323199729715585031
1323263845415022592
1323383899322535937
1323376638969679880
1323313345957711872
1323322192055144449
1323399447578103809
1323242967222505472
1323292649462353921
1323183076801974272
1323194502966816772
1323366694530764800
1323221326010720259
1323196792478027776
1323409305710829572
1323199569149177857
1323211994632196096
1323379284396937216
1323333830615404547
1323276967211274240
1323220529554358282
1323265039286099968
1323307402570117120
1323091814052700160
1323196509119283201
1323282420431544321
1323373586430742528
1323366767998214147
1323312335491108865
1323210051675443200
1323333690156605452
1323259856816582657
1323330740524883968
1323347383934214145
1323373909140529155
1323351654452940800
1323324189537898497
1323240765183721473
1323165895204786176
1323129503590350848
1323407128049160192
1323387986613075973
1323343432744652802
1323338593008553984
1323165570011926528
1323147872729268225
1323252087766032390
1323178884376993793
1323175678989258753
1323295560959479809
1323340144255115266
1323338912987783170
1323207717234814976
1323331358610149378
1323302572757782528
1323226823099064323
1323138201134006277
1323323005494349826
1323386980382724096
1323308388994981890
1323251274633027584
1323218067850203141
1323319369548574721
1323359292725071875
1323260209515487232
1323181215738961920
1323164474078015490
1323386793807458304
1323264644358770689
1323194503226904576
1323378700814110720
1323326722897530880
1323346740016160768
1323386308606201862
1323160351366651910
1323336547329069056
1323333553153822722
1323191980684464128
1323152983111196672
1323378571725795328
1323405240620777472
1323291466114899969
1323353458444042240
1323310586134958083
1323277070382833665
1323283484539052039
1323372635514982403
1323293241572315138
1323253800912695297
1323282362785026050
1323377722484236291
1323249233714155521
1323092014158778368
1323204921689284608
1323352023551672320
1323332063957864449
1323338213172412417
1323333822184902656
1323332508193349633
1323206723243593729
1323383508648284161
1323182701956968448
1323398390659510272
1323182077395849216
1323172957510926336
1323129302028849153
1323326797719785472
1323292066529595393
1323159015766020096
1323291421147844613
1323358712699015168
1323285331425243138
1323177482225405953
1323264493888131072
1323230511234535426
1323181962778071043
1323293096428396550
1323363425154641922
1323328051787288576
1323328507053854722
1323200200974995458
1323180669166526465
1323360613192663045
1323334421458669569
1323364304943394816
1323380088885358593
1323230882056957952
1323229050048024576
1323250601480933378
1323313116227260416
1323346452765093890
1323311785433325574
1323199922448060417
1323324835917897728
1323192469245231105
1323361746053201921
1323246119749623808
1323207254842232832
1323197789115998208
1323138039133196289
1323363911895257089
1323231267119230976
1323369684784304129
1323230433522393088
1323314577753415680
1323234665751339008
1323264715322204161
1323165500759805953
1323302581955952641
1323372137843990528
1323143187620384773
1323171207638884352
1323289188750557187
1323239640426549248
1323366244574208006
1323294366031515648
1323308894521823240
1323366764865114112
1323326837368463362
1323323816949501952
1323054034912202752
1323195083026554880
1323147191725248513
1323293016128475138
1323322694696357890
1323193975977725954
1323313188272824326
1323206022526345217
1323359241965572099
1323226515052613634
1323207764173328385
1323169028475674625
1323306730915274756
1323226827452780547
1323220263123771393
1323408055120351232
1323372734387232774
1323341747053887490
1323163253334310918
1323227952688046081
1323337620148129793
1323384218647449601
1323280175807844354
1323265727034511360
1323195407539851272
1323312133921218561
1323373201628475393
1323250027268087809
1323359739120635904
1323331155765137409
1323322373936947201
1323218053077893120
1323354029385306112
1323314205034991616
1323227639964930049
1323320887962198016
1323141695719034880
1323131907777925120
1323200814127611904
1323193805152129024
1323215041387065351
1323155978246914048
1323242697314996224
1323401385195438080
1323207088122769409
1323322145506820097
1323249884905046016
1323299053908697088
1323371674604081157
1323247170909282309
1323356493438197760
1323390826899296256
1323212266817441792
1323264109232619520
1323285103418789888
1323164085949706240
1323405284128280577
1323283464574087168
1323317857611063302
1323360376516452353
1323356279927197696
1323277091740229633
1323239848577216515
1323326007659606016
1323335205961277447
1323375127573254144
1323164951406649349
1323319606883373056
1323364360216055810
1323323062067044356
1323287326341111808
1323128569246220288
1323246639553925120
1323358696458620930
1323173152680218624
1323268032236556289
1323143188568264704
1323169407317774336
1323372487271452674
1323334654112444418
1323315148589858817
1323127758361427972
1323221463806185474
1323357140275388417
1323204417089380352
1323190719079731200
1323389875555622912
1323178295152836610
1323266617988599809
1323347607306096641
1323365521820127242
1323261316690305026
1323072434858270721
1323275236247298051
1323280137559920640
1323224640819441666
1323098731403763715
1323344437121089536
1323213722043768833
1323124861296906240
1323288006862774273
1323236235826049043
1323341897407094793
1323082150007107586
1323273931822788608
1323248811309998082
1323324852196036611
1323315778490433537
1323278014604550144
1323394086531960836
1323388036940529664
1323273580155752448
1323377383924207622
1323200355073753090
1323274229052309507
1323372389900689408
1323202886181003264
1323351728046178304
1323355708205735937
1323309138496159747
1323370511552946180
1323364108956323842
1323336953891348482
1323236301043322882
1323293809153814530
1323318305965416448
1323234849411522560
1323300613833314304
1323289509069492225
1323299964177551361
1323293857279336449
1323192730219151361
1323189313241255936
1323338767768391689
1323382845272924169
1323252449336066050
1323180393802194945
1323176505413902337
1323311885127716867
1323389194107035649
1323158192206073861
1323118853333880836
1323352757873610752
1323226428423446530
1323343069991886850
1323139942533529600
1323267633806860294
1323306648249733121
1323135532038123521
1323388391526903810
1323293642581282819
1323276799292432384
1323355482078273542
1323241611711651842
1323234663427616770
1323253181913178114
1323216392708116481
1323226928074182656
1323298480668946432
1323211202219180033
1323216468327227393
1323061422675427328
1323190983912263683
1323200228976185344
1323162058989408263
1323375028789010438
1323364143303450624
1323208836786868234
1323156578841874432
1323138720413999111
1323052520831393801
1323334581534265346
1323184726602059776
1323401863828512777
1323293083417665536
1323292586921046017
1323242163275243520
1323198007471415302
1323311092504944641
1323339988424151040
1323250189105270785
1323213122346323968
1323363932694827013
1323352302451908614
1323289746232270848
1323413692978024448
1323377106919825408
1323252718799081473
1323301635062378502
1323213188280836097
1323149672169558017
1323245838668365825
1323373131764015108
1323302568647426048
1323227774388232193
1323377712006909952
1323334500953268224
1323228196909842432
1323187399829192712
1323372440823730183
1323256862222024706
1323359392264298505
1323288736159965184
1323200438406098945
1323358290051551233
1323348687700086785
1323388172533903361
1323303723658059778
1323260492702453760
1323222373529735168
1323208420451852289
1323205015767552003
1323375745431908359
1323351305105117184
1323366281295384577
1323279836002029568
1323359340334600193
1323288371989483520
1323275384616439809
1323185725051985920
1323172826732359680
1323383280427798528
1323290900286550016
1323187468317958150
1323284381700657153
1323224398900453382
1323286209905545218
1323148051884761088
1323384131947036673
1323067220000415745
1323320184405479433
1323201854768033792
1323384328454344708
1323167480295153669
1323332776578473984
1323321727053635584
1323298287076691968
1323345581482348544
1323211818798620673
1323228211023663104
1323399397577756673
1323354771248525313
1323275383949549569
1323209059844136961
1323195065834131457
1323357705227112448
1323194620860375045
1323288144691777538
1323276395439685633
1323171107810299904
1323309194838233089
1323272367993442304
1323289462714019842
1323229998078169090
1323279205086437378
1323151664862404608
1323245277260775424
1323394612543836161
1323325149769289728
1323290946428129281
1323345170155393024
1323294016830640132
1323276595017252864
1323332961895436289
1323277054398341122
1323165930512404481
1323208848484847617
1323312182923350018
1323228130530775041
1323202471565627397
1323166460299169794
1323371528340254720
1323319998975250432
1323216332012310531
1323306851988066306
1323408134908661761
1323380199803686912
1323181790484451332
1323197587181228037
1323256081183875072
1323222779966140421
1323379184765456384
1323303532561375232
1323378082078666753
1323337564376412162
1323343529649840128
1323331323184979969
1323340342603763712
1323315295944122370
1323237439473942529
1323411604998889473
1323202185044307968
1323302575970594817
1323214611974397960
1323248758319063040
1323320218240897025
1323162973574209536
1323153629755396096
1323315069787246596
1323358089555464193
1323336793685712896
1323128210842918912
1323056299245031443
1323292363226316800
1323346587972706305
1323245494383136769
1323305595986972672
1323277662702415873
1323259170376876032
1323277014799888385
1323314467611025408
1323271901142278144
1323252721890267136
1323191455918313473
1323141698789253120
1323181992859619339
1323327857934901251
1323352270285713408
1323056521480179725
1323390177126060033
1323268104013680646
1323372736048177152
1323274224321007616
1323220108769185794
1323252410551279617
1323183048318459904
1323281033404534792
1323271658682142721
1323274005286133765
1323206616435613697
1323316497897431040
1323309941495648258
1323263759121551360
1323372264524533760
1323387854920257536
1323372076791681025
1323377603407941632
1323305872735510528
1323387561683898369
1323218262407172096
1323215513024143365
1323222662202724358
1323055522392743937
1323369961952366592
1323309931215392768
1323324841978716266
1323215696986333187
1323196908400238593
1323167453883543553
1323368131709018118
1323252512267390977
1323315185843654663
1323301434708893697
1323399495455944706
1323385869391286285
1323338347021033472
1323308565482868737
1323362216851181574
1323291491004014592
1323225117875445760
1323233443367497728
1323281782066814977
1323395364091670528
1323302571382083584
1323385470475259913
1323302578994712576
1323073779019309062
1323320836107939841
1323319334517809152
1323241146831822849
1323313355885547520
1323204215703924736
1323265820382973958
1323168245319348225
1323313683389419520
1323243760088657920
1323219196990423040
1323286973046497280
1323374248518389760
1323322695958827009
1323259424971100160
1323201130856402945
1323070302075707397
1323160571185868801
1323234816322654209
1323226907039670274
1323317710206455816
1323139205825024002
1323159157047001091
1323306970573623298
1323328870184005635
1323268566850981888
1323248723120574468
1323234694524211215
1323266614733774848
1323243763234463745
1323308077962141696
1323214521012551681
1323319476021039104
1323313640771145731
1323219448916897794
1323363484399210499
1323366543259041793
1323300878779113472
1323344738469269504
1323214357766021120
1323331621320302592
1323370671129415680
1323200775607226369
1323210045996343298
1323237019154292737
1323328950987358211
1323380725635260422
1323233301897875456
1323282997043482624
1323249518972862465
1323291518015315968
1323299535859441665
1323056044784930817
1323254663471398912
1323305887046524930
1323369264355725312
1323256847298633729
1323239893997391873
1323287375754240003
1323217412905459713
1323258246300340224
1323188025204133890
1323193927919390720
1323198618753445890
1323222518463954944
1323226645348651008
1323276194264088577
1323236443590975489
1323280066588119040
1323114248806010880
1323264157681094659
1323256043938480128
1323213448566755330
1323084477439135745
1323250489811705864
1323161711835316226
1323361352589713414
1323375031930523649
1323407577754062851
1323388090178801665
1323212398371741696
1323236865839820800
1323283604399673345
1323379021967724544
1323202528394227712
1323354685441560577
1323189597619298305
1323335606890614785
1323294862918254594
1323239041836470272
1323213854327902208
1323167750047584256
1323278245400354817
1323210686911160320
1323237740213841920
1323275426932920320
1323185805578428420
1323368472332689409
1323389046782087168
1323259774255902720
1323277616628060161
1323179554383581184
1323372942160527361
1323381667545944064
1323182747922374657
1323193205584777216
1323273225242091520
1323215330131529730
1323060147955081224
1323136466206294016
1323305872563576833
1323335410219651072
1323367418786439168
1323224501396643845
1323338951567069184
1323139101554593792
1323054286146777090
1323306436135366659
1323164422412685314
1323302140689920001
1323066241658007554
1323326253114576896
1323351229976764419
1323410741173637120
1323311463264587776
1323076624305299457
1323167156339691522
1323385046754013184
1323351154328326145
1323321824529309697
1323252721391149056
1323358764498604032
1323344553802407936
1323237716767789057
1323215330118754304
1323073777945567232
1323308311421308928
1323228704110223360
1323203582804455425
1323319707823448066
1323372945364951044
1323261158053339136
1323354438078181378
1323310706381492224
1323079888484458496
1323338096528756738
1323289139178078211
1323304312727080960
1323295870113206277
1323186643076042754
1323391852440096769
1323169573861003265
1323373753980649474
1323326382437531651
1323151476366045184
1323195667339235329
1323334372230127616
1323386706972856322
1323326470052302848
1323335556533805057
1323265449660977152
1323290268699951105
1323414394596954113
1323255720444395520
1323343843434123266
1323330089011105793
1323241572931117062
1323180194476269569
1323262025577963520
1323128623944130561
1323323850524950533
1323227287932862465
1323332974872567811
1323225121591595008
1323191606296662016
1323161391453396992
1323192581757587457
1323323760808730624
1323398942953013250
1323281690941411328
1323347301750968320
1323293147976314881
1323164737031589891
1323371819894755336
1323342000779857923
1323346490719379457
1323258855887917057
1323348514227802112
1323388322585235458
1323243601539801093
1323056614702723073
1323335031805403139
1323249250222985219
1323236341535117319
1323387884620128257
1323336092054159361
1323201731182891010
1323332140805820416
1323198643348922371
1323282831523590146
1323260882902798336
1323294627173224449
1323284879975587840
1323217514579546112
1323319332189982720
1323201915900043264
1323401338261245953
1323345766321131525
1323163741953970177
1323219813133680641
1323389749139283968
1323320546063429632
1323292152240185346
1323308323337371648
1323128874528608257
1323302579489722368
1323213759914061824
1323264938673135619
1323242464325623808
1323327006671577088
1323246685221457923
1323191971188514816
1323161536714735618
1323331687196012548
1323325936230694912
1323222111675129856
1323379433038925842
1323221667829698560
1323374295645605891
1323357044230029314
1323356080823504897
1323207580362133512
1323057972248006658
1323270319780601858
1323216103556947969
1323198968516513792
1323064087023128576
1323390246977966086
1323318484856692736
1323099772404658177
1323391553533075456
1323330687852781571
1323314235749867520
1323315739642761218
1323130045599272960
1323243920965488641
1323405506547994635
1323308775869239296
1323328082833510401
1323307939843756033
1323167557231280128
1323158113609043969
1323233992783597570
1323202379110584320
1323198132864405505
1323395699313201153
1323332554498428928
1323294673327325184
1323276314724454400
1323386486339809280
1323317174224769024
1323203582867374080
1323288947498340353
1323339154634268674
1323396767975694337
1323344019829776385
1323384533962600454
1323265924917547011
1323208230391160834
1323157382197846016
1323302569494695939
1323157024377622528
1323211031355793408
1323378805797462022
1323359582937321473
1323198025062375424
1323252122260045830
1323211605476175872
1323196441813200898
1323358494930669568
1323194968513662978
1323276878698942470
1323276287365042177
1323238224827944960
1323162282340323328
1323292217109340160
1323356307156574212
1323170746718408704
1323227691600896001
1323227417415196673
1323210350926450688
1323196075176562688
1323305867882672128
1323176743830720512
1323158363644059649
1323404816266178562
1323157886541979650
1323233726109765636
1323287517727236102
1323267106205540352
1323352649622847488
1323213806391230464
1323328873254236164
1323351858648330242
1323178297291931656
1323196791635038208
1323240735920017408
1323386752028073984
1323288999214108672
1323312766686580736
1323177144634216448
1323063856265076745
1323310024521883649
1323412236954701826
1323135955914678274
1323324068410630144
1323252705738018817
1323342353462153217
1323311544592195585
1323237737525317633
1323150147589709825
1323253839441633281
1323142649038147584
1323231809229017088
1323273675530031104
1323279781228630019
1323233767964712962
1323201851219714049
1323313987392516096
1323364789922529281
1323340646137081861
1323327471593377792
1323321679603474434
1323258151416877056
1323358411317268484
1323378905147940865
1323293736995008512
1323385576884740097
1323376910102077443
1323297481585790976
1323290048163360774
1323381758973325326
1323234233205379076
1323278987163041793
1323189143850094593
1323337478447779840
1323181751884222464
1323180896707661826
1323249994766393345
1323258306757038083
1323178287263305735
1323318320511225858
1323352947309322246
1323185711709888512
1323156463498469376
1323152215368818688
1323264276770000913
1323055851465302019
1323268871193841672
1323164540813647872
1323386277996187651
1323358147747155971
1323249736720273412
1323401824020430848
1323245360706248705
1323200591485689857
1323353813516984326
1323278513378598913
1323167500692054016
1323254599407570945
1323410932199022592
1323204514179108864
1323188867638480896
1323230805238435841
1323402988984111104
1323203552949526531
1323394689790332930
1323276600625037318
1323363782471593985
1323174989282091009
1323321887703924736
1323243177021767680
1323189926880550912
1323359237871964161
1323275970124591104
1323164804681551877
1323219640626139136
1323252502339399685
1323325052159483905
1323135230815821824
1323302581444186115
1323097070069194752
1323357150664675332
1323274997549408258
1323255041239752706
1323135498211201024
1323288642794770437
1323263521090641920
1323307589036347392
1323321718530859008
1323229546762674178
1323305242658787329
1323405541343973376
1323358844949585924
1323142229809123330
1323243028287496193
1323380381861748737
1323374603020996609
1323218411409842178
1323200133195010050
1323331691323232269
1323315852259794946
1323311214408159237
1323321851607736320
1323152396726489090
1323205358572216321
1323401152797593600
1323175030554066944
1323225994610823168
1323310252067086337
1323203172966502401
1323397187171196929
1323192582126657538
1323210447387004928
1323347337121615872
1323332719766609921
1323281641645723648
1323315321227243520
1323205106314170368
1323365041534623745
1323145037027463169
1323292026570420225
1323175906672889856
1323162146570706944
1323177816150724608
1323211098816978945
1323282063143903232
1323327131867381764
1323398367477747714
1323252622304956417
1323331161956012032
1323215238586601473
1323373756782387200
1323188495511396353
1323176249179721728
1323178729187745792
1323263660899250176
1323404817172226050
1323364004337754113
1323281358412763136
1323186555415072769
1323360333046665217
1323302413839859712
1323340704811274241
1323210930742845440
1323215781350547457
1323382086481436672
1323286280101371904
1323358294073839623
1323162826094088192
1323268359807524865
1323375614347399168
1323302576570404870
1323135000309542913
1323204831922839552
1323273365579325440
1323329365439107072
1323322865438044162
1323309711790407683
1323159386546720768
1323286471848169474
1323165408120213504
1323244084702683140
1323324693261275136
1323252722850795520
1323306555136221185
1323088569876074498
1323249470247706627
1323310996136566784
1323181529288318984
1323372999760846848
1323268700540121090
1323218380959195136
1323294517995425794
1323294857662812160
1323297635021819910
1323294099278102529
1323214167583657984
1323203882303053827
1323268528259141634
1323241816104325120
1323302931454713857
1323376541766688771
1323286409277571073
1323132710622240768
1323363689160912902
1323311074536468480
1323380911308742656
1323224411948941313
1323200444139741184
1323377053564022785
1323149010035724289
1323229359013044225
1323347658841477121
1323398476068200456
1323346141233221633
1323274087129616385
1323162077649928194
1323313776754569223
1323337107746803712
1323161552732753921
1323089480409075712
1323360795691044865
1323260792687525889
1323319013447999489
1323247881193689089
1323386031673102336
1323268993596215296
1323290552578805761
1323187330161795073
1323322975295332353
1323252038747250691
1323218122522923008
1323168787307388930
1323188641204703237
1323251475057881088
1323253994261778440
1323305652299640832
1323325442997313536
1323243696557563905
1323175916458119168
1323149197156245504
1323167650550263813
1323171973783048192
1323282361610547201
1323224324753543170
1323183924848267264
1323310180835250176
1323382350185746434
1323287956023578624
1323377298150752256
1323248885943422976
1323314257958703104
1323288862693728260
1323259326664945664
1323216066601013251
1323287635557814274
1323413876646576137
1323289056973856769
1323193165369823232
1323289866432634880
1323147851392835584
1323136504969994242
1323162145064996864
1323308951929237504
1323166864818741253
1323118814855340032
1323389791107428352
1323303421416525827
1323145363482660864
1323209662704078849
1323057965650350081
1323411895882309632
1323235917381931012
1323347920922595329
1323318132568719360
1323264140010467330
1323236427803561986
1323097608743768070
1323170528774021121
1323353035029041162
1323291870248767489
1323207678173335554
1323211124779745280
1323359787992702976
1323292397049171968
1323286537665171457
1323258601608282112
1323141903022522369
1323198733455151110
1323208415125082114
1323322640203980804
1323243788832251904
1323246806583619584
1323369826782449665
1323210195586220032
1323297175498051585
1323149490958815236
1323204216282730496
1323240116769443846
1323219134927261697
1323177169527427088
1323337048007315456
1323203783397179393
1323381365216321537
1323347191394672647
1323222970773491712
1323339971198156801
1323360496570015747
1323104977703870464
1323192656105754624
1323283389688983553
1323301135080398852
1323301566246490119
1323412885415100416
1323243966968569858
1323330482508079109
1323282061780803584
1323335035085328385
1323408843511136262
1323374550999060486
1323305975269494785
1323348608540987393
1323152911095025670
1323362579427872768
1323271487395160064
1323256331596402694
1323308593647624193
1323192478187618306
1323300520711344128
1323319985289203712
1323325355990654979
1323265916600152065
1323271896494936064
1323341710177542145
1323262432375164930
1323398362318708741
1323307126475935744
1323393656825483267
1323276486376361984
1323258524328144898
1323338413924405249
1323235641333788674
1323260474142740480
1323308753240948738
1323243655801540608
1323306792718393345
1323252548657160192
1323231939864760320
1323346049000493057
1323223637378404352
1323261745360678918
1323306380636422144
1323206461451833347
1323391390982823942
1323389147491586048
1323374727579262976
1323323850910797829
1323339155254947842
1323264891055210497
1323322880483037184
1323210030951419907
1323342726365106179
1323172459718287361
1323101209700540416
1323219021483909120
1323248760579747843
1323180601894150147
1323154654700724224
1323326311138533376
1323341270664777728
1323402922600914944
1323343454253056000
1323287244103421953
1323223258813079553
1323320023469989888
1323357223012212742
1323357271171207168
1323196908886757376
1323326698985848837
1323148757366657024
1323389802385952771
1323378388212604937
1323252720481062913
1323122308542771202
1323159787534753794
1323349575671992320
1323347384533921792
1323325640943296517
1323321668979331078
1323160098869563397
1323227127840448516
1323177422938869760
1323291149214326790
1323233377386962944
1323395829621760001
1323316526997409792
1323272417628823556
1323186980608483329
1323386614182252544
1323241589867712512
1323264774373810176
1323211800268197888
1323260145728716800
1323258531747942402
1323275229330837506
1323323315969269760
1323352034498760707
1323227083565400064
1323262648193110016
1323339186229956608
1323189766595186689
1323263648127746051
1323186826761424896
1323323762671034371
1323364869811425283
1323335523067404292
1323203509819482113
1323322313027293188
1323199962218405890
1323226908541288448
1323345241492115457
1323142397665181696
1323327087541932033
1323160965223952386
1323264665867198467
1323355328268898308
1323227118571032576
1323224739528073217
1323195560711589893
1323380655758168064
1323288008804732928
1323300091415941121
1323220856747819014
1323341289560133633
1323245329479802880
1323181380315078660
1323357323797139462
1323230751249387520
1323375796233404419
1323389423749419015
1323350953714700291
1323297991667732482
1323161857390186500
1323258973408153600
1323229325324406784
1323105863079497728
1323322015298789376
1323273548471824384
1323350871497953283
1323183496245006338
1323390727510986754
1323306291545202690
1323322807250522114
1323296650824175623
1323288859732561920
1323275613449428995
1323271225699872771
1323273625764532227
1323233399851593729
1323354387750785024
1323222923998613504
1323090363389779970
1323168905158950912
1323164651463606274
1323313525314506753
1323314584216870912
1323163650174103552
1323362135280373761
1323257488418942978
1323378015208935426
1323192467953537025
1323374333998305281
1323308018667266051
1323295251822510082
1323394546311569415
1323336005273964544
1323244952302878723
1323409083513393152
1323325848557129728
1323400476466024448
1323159605518761985
1323302076387123206
1323348390286163969
1323235643116453890
1323234195024629760
1323278722393382913
1323186946814955520
1323315933667074048
1323208766741979138
1323129835502379008
1323302124445437963
1323337212860223488
1323258862670139392
1323252310915588098
1323378722846756875
1323228139640758273
1323198785376444416
1323386126527307776
1323185629958647810
1323177435916050432
1323189803916152833
1323319214250299394
1323400506115588098
1323360974666084352
1323282785801506817
1323241321730134016
1323332024875233280
1323326795328950272
1323337429613453314
1323225753622880258
1323180631048835073
1323274822676340736
1323218952902922240
1323308850125152257
1323178594017959937
1323199435480965120
1323176287989620737
1323208108928163841
1323263688405585920
1323169903088668674
1323283034414735363
1323330885165395973
1323212280566341641
1323193541418459136
1323305635199377409
1323187950604197889
1323227448645996546
1323326568685543425
1323291126443483137
1323178461058469888
1323234267456065537
1323297997208375302
1323275941628551173
1323177785284841473
1323052210381533186
1323381948912381958
1323243450704240640
1323201138255110148
1323382240294903809
1323251943117115392
1323225207629295616
1323278543472730124
1323345479653040128
1323309131118379009
1323114438799577089
1323150195450908674
1323264065716838400
1323317755672711168
1323304746372026369
1323228110943358979
1323193390998167555
1323311789480837121
1323289335605665793
1323232273190277120
1323085691077730305
1323129152724152322
1323241990813818881
1323290405471952897
1323156124107943936
1323372479222587394
1323297851292733440
1323309321439117312
1323225588329521165
1323349503542439936
1323162763607318528
1323393729336692736
1323399751623200770
1323243602433077249
1323177290755428352
1323168899647635456
1323225593698242563
1323322472649924613
1323407635107008514
1323248643990847489
1323188386987913218
1323146497815384065
1323348316550299651
1323400537186963457
1323244778809659392
1323359235414130691
1323310292097507329
1323284775147364355
1323305842771374087
1323268099802583041
1323305290641657857
1323171634006687744
1323317231170818048
1323278114563203073
1323248545273573378
1323283530449883138
1323323991336116230
1323207610074566657
1323251302084841477
1323332043925848064
1323322795565162503
1323264094804320257
1323175600023130118
1323246853689905152
1323204252571938816
1323370226306682882
1323365185860632577
1323318989397856257
1323211011395067904
1323281674491334657
1323167784218595328
1323219964006977537
1323346377888419844
1323349348739145728
1323395574335459329
1323372465368768513
1323191171850686464
1323352739301249026
1323326693982015489
1323386356010262528
1323368092655931393
1323263053052416000
1323192367445409792
1323387467026911232
1323309036369051651
1323403863739781121
1323290203558187010
1323172655130988544
1323404957027020800
1323387542180368385
1323154632919580672
1323126249229864960
1323197897052164096
1323282474391216128
1323322090955677698
1323228769268781056
1323338793114603520
1323252141453094913
1323240863812722691
1323189436075692034
1323298911063343104
1323085013169168384
1323359843080642560
1323365882173788163
1323299199333576704
1323156383420874753
1323200470085705728
1323246966348959745
1323189760496701440
1323263757703892992
1323243026601443329
1323355341644533762
1323406739421671424
1323151264784523265
1323310844382482434
1323334887122866185
1323348342919860224
1323127761205157890
1323297993370554368
1323312588843876352
1323215777869131777
1323272480300171264
1323323114248380418
1323309858255474688
1323225401213202433
1323253992177180674
1323272517964992512
1323205983636803588
1323313167552909316
1323285015904636928
1323151233654366208
1323320839878692865
1323243926678065153
1323269410916831235
1323166462144581634
1323189077261340673
1323273934989676544
1323140861396398081
1323364654698139649
1323357529565442053
1323242999673999360
1323350102413615105
1323303539775574023
1323217858156023813
1323297828072992773
1323387202332725248
1323276617821659138
1323325101505470467
1323143445830111232
1323320045003558915
1323245858549243904
1323064047655358469
1323310660068007950
1323389314433196034
1323401756987006977
1323302574112518146
1323263864901873666
1323376741243625472
1323361425352523780
1323188910596476930
1323353067992080393
1323153240607916034
1323390847031889925
1323362916939292672
1323162962857730049
1323350540634460162
1323290685739573253
1323310174443098113
1323256829078626304
1323382905176006658
1323223728734568448
1323283040202838017
1323203657639305217
1323391918248787968
1323284670759555072
1323263410604331010
1323338782096195584
1323250315441950720
1323249824918081543
1323270304165187585
1323157347422928897
1323261753640292352
1323240058594435074
1323345456395624450
1323382342426238977
1323269790518181888
1323374801952641026
1323283101930475521
1323406103766536192
1323308052532072450
1323274175734190080
1323232082320150535
1323066275308937218
1323256261987717121
1323174190233587713
1323337865468805120
1323324019584626688
1323252719990329346
1323318967268724736
1323372656960409607
1323348031643811842
1323306243109408771
1323173042801971200
1323375064243490817
1323280496026099713
1323055835443056647
1323276991097982977
1323248639888773123
1323211141066199040
1323170126762561537
1323358205536329729
1323267137578790913
1323327574865514498
1323377513746321410
1323359701254524930
1323256151438512131
1323386843925303301
1323330689538969603
1323277886636412935
1323284886174748672
1323213013005017088
1323252722351702021
1323230109730557953
1323289458230370305
1323080072929202176
1323374464000819206
1323212617264058368
1323267285004541954
1323256074678407168
1323215932274204672
1323269648956141569
1323302580869566464
1323225139773931527
1323298544275644417
1323239030469910528
1323345799766593542
1323362392215048193
1323219056162492416
1323307620627865600
1323239429293703169
1323181851381563404
1323330735432994819
1323408585565634561
1323068370418356228
1323360286494121984
1323210886518050816
1323383690538422274
1323352040991543303
1323207858742304773
1323171966115844096
1323165093136375823
1323180420624769035
1323208380023005185
1323203707991859201
1323329206982422530
1323357256143032320
1323316483804614657
1323374546196533251
1323265408892370948
1323281118657994753
1323316555426521101
1323327140096598023
1323195693704581121
1323246287551139840
1323253993007648769
1323192446205992967
1323366178778173443
1323381697744875521
1323393600806408193
1323379707417632770
1323297490771316742
1323243556815908868
1323230834644688896
1323204052495327234
1323323006723203080
1323323795390779394
1323341412004495360
1323213423346372610
1323350350984843264
1323350105886466050
1323198652626669568
1323379151345209351
1323323100461674496
1323157519980654593
1323325301796016128
1323339395462799360
1323323529253847041
1323320755493474306
1323273924529061889
1323386273684402177
1323197079724957696
1323226601526644736
1323382753090588672
1323351829078544391
1323332645221183488
1323310853886742529
1323168361233195010
1323185400521859072
1323225526220238848
1323362468513615873
1323257009316237318
1323145274928340992
1323348514609528832
1323142876361097216
1323203978247753730
1323328296818511879
1323242203351781378
1323150862622085121
1323289866680045568
1323341511652724736
1323222317057609729
1323264662578827266
1323242208338784256
1323177849461837824
1323086819404193794
1323180310708801537
1323327424034148355
1323171122976870400
1323138336127512577
1323410160652558336
1323258621027897345
1323335335946919936
1323332895495360523
1323179431159042060
1323165422259261441
1323398883901382656
1323276400900657153
1323276878963220480
1323283756170575874
1323120376159850499
1323320021356040193
1323315061985857537
1323375557111939074
1323360091870011394
1323348057551966210
1323131179642560512
1323349656261316609
1323223637223215105
1323342313108705282
1323202204812091392
1323217170491412482
1323347095164694529
1323386885541138433
1323304999649116160
1323389143259504640
1323227104771715077
1323256752557666305
1323241509681012736
1323236292323409921
1323218002377146371
1323316106883465218
1323302100391047168
1323334193099649024
1323326264137162756
1323182906676830208
1323263024782782464
1323352166069866498
1323278233010397184
1323356462635196416
1323170001914908672
1323317307486179329
1323317535211749382
1323275188721561600
1323163221390491650
1323190773416943617
1323308770571788291
1323203505444839428
1323186583760240648
1323299852357378048
1323260822018232322
1323061773017243650
1323200346341183489
1323322266663477248
1323242619791679488
1323390405220700164
1323217503649210368
1323229019823869953
1323264219295502338
1323330794211913731
1323265218877730819
1323258958220533760
1323142937463689216
1323277658449498114
1323213733771038720
1323185638255009793
1323315367947784199
1323312177533669376
1323386976813359113
1323249481870155776
1323152680253087747
1323256296041287680
1323320619010805763
1323321596484980741
1323240517954621443
1323334618226020353
1323219487580168193
1323200026517135361
1323316864068526087
1323332878227382276
1323352348064993280
1323173664452468737
1323197416376573955
1323262588164202496
1323392585457545216
1323213643593535491
1323060985373085696
1323326094896848896
1323302782074413057
1323381875298258944
1323250029847597057
1323208320048680960
1323280099903504385
1323270367847264258
1323258268085604352
1323186798726647809
1323287752994131970
1323229618573291520
1323374386271948800
1323400072822968320
1323243603532152833
1323305225474564096
1323243215068319751
1323243587782512640
1323305056310013953
1323282005509967872
1323270900624609282
1323326325151727616
1323363321031102467
1323204189498056704
1323274252099997699
1323186797669732352
1323335287146242049
1323239021540188163
1323169536523276305
1323161798724517890
1323232365972492289
1323383528923516929
1323291852926296064
1323315221948211203
1323223510546866176
1323167603028905988
1323168738313670656
1323301829220929536
1323370374051090436
1323322414974050304
1323374484078952448
1323275465365311489
1323302577073774592
1323358135239802881
1323412378973855752
1323203487514218497
1323375224482615297
1323376996873838592
1323298865911631878
1323205093651582979
1323346646701350925
1323064367290765313
1323323375641571328
1323232105229357057
1323227812103442432
1323333559046819846
1323131534241599488
1323278941138964480
1323312964808691713
1323266041682690048
1323210938561011714
1323189391188217856
1323355739524636673
1323265488110182405
1323368989301657601
1323333131508850688
1323261970573938689
1323177902725320705
1323362602865610754
1323269581234933762
1323182128595718144
1323316404813221890
1323188135371616257
1323387390006906882
1323231348035932160
1323291763658969088
1323381975428800512
1323376769232228356
1323309077339013136
1323232486252568576
1323180081502629899
1323216005754195970
1323178863594274817
1323166740482764802
1323363530398191616
1323239687499272192
1323276695613431809
1323197407602053120
1323153155413151744
1323339050967814144
1323314269975465986
1323403649033359363
1323170805971361798
1323332464350269442
1323328647005196293
1323322170504863747
1323380812621008897
1323326379480489984
1323326449777057799
1323322079085797376
1323172870298677249
1323112961066479616
1323150346210975745
1323152421103800322
1323386001843232768
1323328353261277184
1323293671119298561
1323269807844851713
1323350716942028800
1323187485195853824
1323174068464607232
1323238652726693890
1323356484173025283
1323315266642726912
1323143095467343875
1323272014522703873
1323402637979561986
1323145885648359425
1323148327819628548
1323267082054717443
1323349724263579650
1323312134755962882
1323207531548844033
1323184413119778817
1323154868568285184
1323111619019288581
1323216296302051328
1323309266946633733
1323250987524595713
1323174374124457984
1323364500993642500
1323375704680128519
1323295856485896195
1323291098131943433
1323227926930870272
1323152767209426945
1323327638698663938
1323255680946589696
1323203660227223558
1323240987444072448
1323155235003654144
1323328171639508993
1323219815968825347
1323291631500611586
1323211626821111813
1323172926313607168
1323300739159085063
1323161488220184576
1323342539160723456
1323201008093245440
1323203775503491072
1323343954520268802
1323305478173151234
1323359556685176833
1323177950145961985
1323237629643677698
1323325423602831363
1323312542677127168
1323296132852813824
1323229647103008768
1323245943219757058
1323279423441948672
1323298917673566214
1323305538176851970
1323272610633916417
1323291701369311233
1323238209250275328
1323213278659694593
1323311551948951554
1323260231393181696
1323202862780997634
1323233654349455361
1323235112260087808
1323234272531173376
1323302574620053504
1323145784964108288
1323290991013568512
1323285468658782212
1323187971797954577
1323238134642057224
1323258975278764032
1323390357049102336
1323362324900663301
1323245967970312199
1323227406103154690
1323323449876582400
1323328029934931969
1323210035774820353
1323276144435728384
1323200550989664258
1323238533805436929
1323299449465176066
1323209558760763402
1323189458733248517
1323184763830784000
1323291366772846592
1323264452318343169
1323284656503087110
1323234113743167488
1323333224655949824
1323272815152402432
1323289437674110980
1323276637400608769
1323322599347281920
1323382768173240326
1323132543919656960
1323223479664214021
1323332769854926851
1323215229455683586
1323141186715078657
1323224710264610816
1323199176746913792
1323198177072291841
1323297542570942464
1323167462913953792
1323343395037810690
1323325271513194497
1323210642615095296
1323298295586955269
1323255411802333185
1323289293977227266
1323226187271987209
1323307460866809858
1323180953230020608
1323319405024038912
1323292197479960579
1323378877444620298
1323182863085350913
1323310710278017024
1323258885344579585
1323337212025602053
1323178191440252929
1323311945123008514
1323232741719244801
1323355940549206016
1323326541607088128
1323214596786819077
1323303897784602627
1323362858130903045
1323393059116208136
1323255298744791040
1323279067915915265
1323193897099644929
1323159293793865728
1323390258373890048
1323326280469778434
1323297009227472900
1323306091254599681
1323253431344287744
1323358310897229827
1323266026654605312
1323357912190849025
1323311092966297603
1323246982853500929
1323357732125233152
1323402649929162754
1323248879085649921
1323261906732355585
1323135277750276099
1323151939941638144
1323305631114121217
1323269138194829313
1323131375088738304
1323331161435811845
1323277409106468865
1323282857578524673
1323282467147649024
1323184922237018113
1323136411692752896
1323382409337970689
1323287099727056898
1323410715298959362
1323193916645134337
1323285347183349762
1323062978175008768
1323323656395804673
1323173343273603072
1323064993642930177
1323165033304674306
1323310273126649858
1323078807213912064
1323300312308883456
1323064290257985536
1323318847093571592
1323287962247942154
1323297495410221057
1323299178374713348
1323128377830637569
1323195760729563136
1323315565847601154
1323270817556422663
1323201392647962624
1323178869516603393
1323212118611603457
1323384396859252736
1323173799286710272
1323298775323021312
1323070289337589764
1323242877166694402
1323407138081878022
1323302129382117377
1323403627751493632
1323275857092366337
1323240040521150465
1323160163122089984
1323215439166689281
1323193914942201856
1323328457619738625
1323275073634082817
1323298847205007365
1323173470516203521
1323345955027111942
1323389524064542723
1323299007410720770
1323257438930436097
1323224794804948993
1323386976058462208
1323290228996689922
1323173303754887168
1323267654589816835
1323288523403939841
1323290028034895872
1323204913258733569
1323243325911085058
1323364738814955523
1323325181587300354
1323189946686066688
1323389653651775489
1323314422924935170
1323289365255249926
1323191430899245057
1323215565897564160
1323248173805162496
1323182457580101632
1323337677698179072
1323330922192674817
1323309679792017409
1323225033754529797
1323330982557196289
1323366658988220418
1323289897659179008
1323371241059864576
1323317541440090112
1323188257904070657
1323184083829219328
1323270023939559425
1323302332721975296
1323389024778788865
1323356876562747395
1323381005378572291
1323397602575065088
1323064155054743564
1323164953696763904
