1323175392413364225
1323189383089053697
1323252009236127744
1323193092309213191
1323231318809956353
1323347747215413252
1323346091190923264
1323241493046415360
1323275701219479552
1323158473190854656
1323368430356123650
1323311132958957568
1323067669428449281
1323275919667154944
1323290871211741187
1323231113842741253
1323384711553650688
1323367625494306816
1323358893624512512
1323371454335954950
1323280425612095488
1323058229660844043
1323180037978378242
1323164462552096768
1323253030268116998
1323203797804634112
1323246400684072965
1323229231673987074
1323187961593270276
1323385750042386439
1323375125551554561
1323308471958310912
1323292006769152002
1323282934888091649
1323131102555459584
1323296080113577984
1323330265054404609
1323238048411299840
1323380451512324096
1323157983052836864
1323235997593882624
1323162067839451140
1323275173248860162
1323295010851295232
1323348499518423041
1323291308585291779
1323389776364490752
1323242010925502464
1323204479597056001
1323319239739133953
1323059307966091264
1323179730548498432
1323370429164232706
1323371020141645825
1323360740166782976
1323296316303265792
1323120024450727937
1323389742445199369
1323133729661997064
1323227232685461520
1323341001646374912
1323354316036624385
1323074518668267526
1323384644423864320
1323183330267979778
1323230189850120192
1323193893404528640
1323276684532031492
1323379230986653700
1323328415060140040
1323257425034502146
1323176162609291265
1323288257304666113
1323278471876005888
1323143741562097664
1323264323347795968
1323187517055766528
1323282796371152900
1323245619604037632
1323245629146075138
1323202706530574336
1323153356345511936
1323178642072023041
1323328148583403522
1323296926448652289
1323168459279212544
1323323106556059648
1323218759268634624
1323208681845121024
1323305803722481665
1323130720676581376
1323174256537161729
1323349020841025549
1323221079515684864
1323200068355325954
1323367952637435904
1323208589394268160
1323162516772499456
1323058389929336832
1323317588051533825
1323394390740652033
1323300230528266241
1323264203050885120
1323211520835309570
1323347374220169216
1323198268860452864
1323168246237941761
1323290098268577794
1323240677933797377
1323307381154029568
1323260436477825024
1323311783814320133
1323194204978323460
1323209826353205253
1323366766509174791
1323347729356066816
1323083082203881472
1323334031879135236
1323301718956924934
1323236846848061440
1323285602633191425
1323278064286158853
1323210238292611077
1323204145206173697
1323141884060073984
1323223314681253888
1323193953508798464
1323370336751099905
1323251518028611584
1323218958082887681
1323169242712317953
1323234958354321408
1323123349137051649
1323182831431012353
1323181260072693761
1323327060086018049
1323178770312974336
1323170814896803841
1323327660651614216
1323283898328096769
1323318623591682051
1323204012250931200
1323052596538593284
1323193067856404486
1323188561479454721
1323311193080143872
1323243164409483266
1323174251818606593
1323266969420914688
1323278096255111170
1323214069021741056
1323377127908102155
1323154424345362432
1323253704225599488
1323286091244445696
1323152585419796480
1323273548543090691
1323182001973825536
1323149869461196800
1323338512003903490
1323245995640147968
1323357189285830658
1323408219851640838
1323245731990458369
1323377364903075847
1323290256884473858
1323182984854384640
1323239822639681538
1323326677078970376
1323315370309128192
1323340065121144834
1323192863530930176
1323235061253156864
1323358205649522688
1323281310090252291
1323218062380834818
1323230881209815040
1323268269743214593
1323284485484457985
1323157746246627330
1323168354597851137
1323177254613065729
1323267019656122368
1323258641412182018
1323366684611252231
1323306814738452480
1323338719563309064
1323235456893538318
1323177875047124993
1323185595586351104
1323298903941402624
1323203585975484417
1323314323540840646
1323357776677081091
1323244270262898688
1323165351362875392
1323390472849678343
1323263613373698051
1323348982639243264
1323332609661902849
1323195916870930439
1323295063938637828
1323385933782274048
1323324763029311489
1323185307630620672
1323163019078225920
1323307752647741447
1323193437164838912
1323222896865644545
1323164256674697221
1323334063852343296
1323249417768570880
1323323822553092100
1323313105439510528
1323151830109593601
1323327940826959872
1323283354368835585
1323244213954334720
1323266217940049921
1323185310281437184
1323159419232944129
1323151846937104385
1323306427797196800
1323210207909023745
1323302632098770945
1323147549050626048
1323209041645129734
1323277641521221633
1323289087407755270
1323167899507429377
1323310744474165248
1323053046256017409
1323188378863570945
1323183039355170817
1323395668480872448
1323142138524278784
1323170312045867008
1323278714034073605
1323364227835416576
1323249887878807554
1323258990596411395
1323305519226957830
1323351192748130311
1323274879920185344
1323262644128751623
1323154093850927104
1323306947995721728
1323300392898318336
1323318642918961152
1323182021464772611
1323369566077177856
1323330800163688449
1323164836814036993
1323330665056768001
1323207386958626819
1323303297546145795
1323267083208138753
1323167151092649984
1323368915196588035
1323206911169302529
1323264344784838656
1323342026117701634
1323389442216939524
1323327726145732608
1323217045111136258
1323273556021727236
1323158917279526912
1323252604340764672
1323239770844258308
1323347736503136256
1323395397671333890
1323284610940370946
1323239019770220551
1323276101146320904
1323347921807564802
1323156744386826240
1323229345142493185
1323272305557032960
1323329616342405133
1323287087043481600
1323158618401918976
1323337267432300544
1323286762945466369
1323230136225988608
1323229792758542336
1323145002004992001
1323330294586449926
1323158444086611968
1323317641252114432
1323160304298184705
1323179671618527234
1323146948371746818
1323132628816613376
1323295183522455554
1323269288925515776
1323348267703410688
1323189476160688128
1323272945213546496
1323206985056210946
1323371860587876357
1323151723234471936
1323245513030963201
1323256499871879170
1323349537386278912
1323162649698467843
1323331474196672519
1323230635356528645
1323168223701905409
1323328880766234625
1323255315777810434
1323249258133364736
1323231723459588097
1323335842979549184
1323061236788006913
1323178956321890309
1323280677299757056
1323342741997277186
1323151690724384768
1323348528748503040
1323351060912754689
1323226354545008641
1323375238718148608
1323274986065453060
1323170489578233858
1323245206167277572
1323257038890246145
1323183347909230592
1323248952813170688
1323350813406875648
1323324149981417473
1323330365105332230
1323257717952270336
1323054496763813891
1323132190075555840
1323150773384040448
1323136639229710338
1323206159407419392
1323165668150333440
1323244622261485568
1323252305232334850
1323349289209339909
1323148400741752834
1323353685800423426
1323190212923707393
1323246118495543299
1323234988222042113
1323229928012324866
1323155043655258115
1323193628085395459
1323276487861145602
1323258557836513281
1323324121330208769
1323200917198544898
1323202041574051841
1323061336495038465
1323194346154459142
1323300404432654336
1323325520591888385
1323361828093808641
1323221428393725952
1323179668900618241
1323155193412915200
1323195002248482816
1323195626142732290
1323133478972624896
1323238341052170242
1323297468801552384
1323241679911067649
1323372686916145153
1323356285471961091
1323193477392457729
1323187234015760384
1323109211060973568
1323146146521505792
1323222714023399426
1323370501159428096
1323082521551261696
1323178885945708546
1323213826746130438
1323265257268269056
1323198523534381056
1323155399697141761
1323180841967767552
1323212151226572801
1323350086022270976
1323255159909220360
1323299213694902272
1323060187729661953
1323288818565451776
1323152603669286915
1323326269715550209
1323172513518682113
1323148777243463680
1323315735301599232
1323254882242076674
1323319445427785741
1323158372733124609
1323178815015788557
1323283695768403969
1323367760886403077
1323307035744702467
1323249263170781185
1323107862130892800
1323358012845817866
1323250123384721408
1323304672149602312
1323240377894244355
1323199063806935041
1323313873198473218
1323349743628701696
1323306601797898240
1323281238589919233
1323376193924669443
1323212094376824832
1323308031426334722
1323229215186165760
1323364764039454721
1323168275782684673
1323217112631021569
1323350791156060160
1323234282828140544
1323217754049183744
1323246143791374338
1323169863251218432
1323221911179055107
1323309756702969856
1323137912632975360
1323223961040203776
1323165510591275008
1323352124776960000
1323246864813203456
1323398090985000961
1323399671658762241
1323184644406366208
1323184495030390784
1323410133083410438
1323347567309135872
1323223167054323712
1323136325797765120
1323184711435538436
1323402479288176640
1323347233685819394
1323142617987690496
1323237013378764803
1323230143700258816
1323179696134258690
1323344919705116675
1323186082171785217
1323207829784829954
1323260384883679234
1323254560169861120
1323285486471884801
1323274288527454208
1323337083398795267
1323282461296627713
1323321097668816897
1323318263657488387
1323345582795141121
1323238531624558596
1323201083439747072
1323372670147350530
1323383658707865610
1323241438931505152
1323368060053585922
1323293692426391552
1323175361153277953
1323349215725166598
1323089263345414144
1323290100172730370
1323296184220422145
1323135004004749313
1323174064136032264
1323164965038133248
1323328448190947329
1323310370308718595
1323334605995417600
1323236902225457155
1323380973577273344
1323320208908537856
1323281486221611010
1323180177225093120
1323157403970478080
1323181974480179203
1323268037441654787
1323217537098723329
1323189000442621953
1323332165212524545
1323273778328145920
1323322886468308993
1323266100419768322
1323332735574908931
1323254825862242304
1323344714536521734
1323202992980578305
1323253394019176448
1323354612246683649
1323164229604691968
1323261675949228033
1323267477867057152
1323236781005938696
1323241394824249347
1323231257493409792
1323195064747786240
1323245980909752321
1323308588517961731
1323147826780581888
1323319961406918662
1323280787303813120
1323342837912657926
1323157319933480961
1323242488233136130
1323377768252530690
1323301638648549376
1323231395997769730
1323385426565103619
1323318046321184768
1323260556413947904
1323294628183945217
1323134015403118593
1323180266735738880
1323293394433691648
1323295164258000896
1323365865853771776
1323255337193889792
1323352520228544513
1323201901555556358
1323207083941126145
1323172301957926917
1323235878651744257
1323348526726864899
1323185473074958337
1323351372079734784
1323222269167108096
1323249545707474944
1323158064590163969
1323053091579723779
1323255202078695424
1323169816883142671
1323187752901464064
1323310350318604294
1323204463524519937
1323217884525531138
1323388066371952640
1323303242269417473
1323232823805943808
1323274207351001088
1323397984386752517
1323173122749669377
1323172512155521024
1323271139846664193
1323170454283210757
1323173289196486656
1323183458680741888
1323216288320204803
1323334821750460417
1323248954293846017
1323205061531602944
1323373612926119940
1323342874382110720
1323097228584591360
1323146236044713989
1323238688269225985
1323193822982164480
1323305871686991874
1323218135067975680
1323186342357065733
1323318158770511873
1323191347482906626
1323397450233774080
1323318437586837504
1323147180362866688
1323183831214706688
1323164019692285952
1323162599593299969
1323228004919746560
1323217354478727168
1323328431078232065
1323261491668226050
1323301283139342336
1323201603793551367
1323350746818060289
1323314834914627584
1323308330815787009
1323143709412757509
1323360990906535940
1323363733918330886
1323202111102951426
1323284266663464960
1323227457370136576
1323291846072803330
1323223730336747520
1323403902620995592
1323054439339536384
1323299216027013126
1323135047629721600
1323212801637310466
1323165446531616768
1323265854142844929
1323136231505567744
1323341953031938049
1323311723248537600
1323375459091046401
1323364007949017090
1323133532546437122
1323254271073202183
1323218767674023936
1323266871718805505
1323347679091589120
1323330305604919298
1323342460010061830
1323192516645163010
1323391138259193858
1323286032843001859
1323059470113583104
1323371262622785538
1323162017012846592
1323265509362642945
1323191223990030336
1323199434201698305
1323232260020178949
1323379543395151874
1323369908076453888
1323222118113431553
1323309490687614981
1323376748747202561
1323184753714016258
1323327703815213057
1323197863720005634
1323240964174106624
1323276033383084032
1323074436157853708
1323293334836809730
1323181901679628288
1323262612927381506
1323206435937882112
1323176369652727809
1323251768340451328
1323209182120730624
1323068691848855553
1323310150023720961
1323252534052618240
1323192649373933579
1323187613612843008
1323177580485316608
1323176466402729987
1323376267811577858
1323222798945394703
1323279958890979328
1323275575193182208
1323229434405625857
1323284771846443010
1323328940660924428
1323341112942104576
1323275003345936385
1323197013316509697
1323180452333658112
1323306177468485633
1323349720627073026
1323230232598466560
1323252647047110656
1323309998412365830
1323185661516591106
1323224830678806528
1323295082850693121
1323191906894024705
1323314596195848198
1323202808296972290
1323226993287188482
1323258032101429249
1323224586322907143
1323217375534219264
1323163725730295810
1323307960664293377
1323242721994264582
1323336785053814785
1323197238210895885
1323370770140143619
1323266343152558080
1323218025668071425
1323272101676093440
1323264656480391168
1323205397642203143
1323208881284284416
1323339777853317129
1323262779067871234
1323165973508247552
1323306904437837826
1323150067927257089
1323179661128597505
1323238751506714629
1323338508971462660
1323305073754152961
1323209441798508544
1323205500834598912
1323300735791017985
1323208017471545344
1323196842075512832
1323171350534594560
1323277156823322624
1323142674065641484
1323266727141146634
1323284571459387393
1323277503532773378
1323192203049619462
1323391072580620293
1323102902399938561
1323332869666779138
1323327335265914880
1323252364346904577
1323197949044805632
1323341198770294785
1323270192970059779
1323071926194065410
1323369426654269440
1323237798334312448
1323334554522918913
1323295048381964289
1323261109961457665
1323342736876019719
1323197759080595458
1323082790045470721
1323248300263378944
1323183371334389761
1323298122714488833
1323257179122634752
1323302088797990912
1323371578403573760
1323386560490909696
1323269121270833160
1323214122541064194
1323336636206383105
1323100345858404352
1323269683840241664
1323239384485928960
1323357226665390089
1323309924378660864
1323225338399379456
1323329039973650432
1323202941151551496
1323184694104674304
1323216578083721216
1323149516774715393
1323184116498636800
1323231386317262850
1323257567741644800
1323255765403082752
1323152737912131590
1323321227289776129
1323347009198325761
1323375818198917122
1323385708585852931
1323241046889947136
1323240023978901509
1323194008596860930
1323263267347877889
1323329931103928322
1323304011060170752
1323274372996603904
1323156427876241408
1323340711157207040
1323208224926027778
1323371206247174150
1323322694138499072
1323216901171007498
1323267647023271937
1323296240629669893
1323173437725118465
1323368169780727814
1323175254110441472
1323180886712557568
1323300432551284736
1323286471122497536
1323184633530503169
1323400299877421056
1323262288825094144
1323178282272067584
1323339586014248960
1323239229607071745
1323191372128657408
1323325393441611776
1323250966687289344
1323299981873340421
1323271307153313799
1323155317371346947
1323277997663752193
1323157480088702976
1323182316546629632
1323405654686650368
1323258345239838720
1323296074241658881
1323362805215645698
1323294100779606016
1323167919996547072
1323203786492575749
1323222746969591808
1323251466296020992
1323225910045216769
1323279843618885638
1323399054357860352
1323369944373972992
1323195325188841474
1323267301769125889
1323373493552091138
1323383946328133632
1323206054772166656
1323261205243449349
1323262353664843777
1323317678971510785
1323250110344634369
1323305508917420034
1323105472161996810
1323349009377955840
1323235721877049344
1323162915050987522
1323210264204988422
1323211498911682561
1323246867577143298
1323135205486563328
1323281471801593856
1323330742064205825
1323275840055029762
1323081996336287745
1323275631010992128
1323380453194276866
1323293854876000257
1323142748686426114
1323188256624812032
1323324067382988808
1323207576440459271
1323377051995459584
1323179805634940948
1323316389248225283
1323369513862180865
1323214501257334785
1323205608238125058
1323245800273707009
1323158071162605568
1323358749826916352
1323302193726918658
1323155151423709184
1323338038689280004
1323137550505156608
1323224160110284800
1323366799505805312
1323191886551670784
1323269782330892290
1323299530356523008
1323373519103791118
1323278974093582336
1323155143886450688
1323277666737442819
1323228246926893059
1323273417362231296
1323350686793420803
1323366484823937037
1323246156235886594
1323342835437940736
1323143229160738816
1323238999272628224
1323275798225321984
1323348050098737153
1323250966091751427
1323211713009848320
1323274747602456576
1323190826080624640
1323295571986288640
1323276878963236864
1323249464291852289
1323245580655747072
1323338026651512832
1323352373700497408
1323342421003042816
1323143654043779075
1323319325634273280
1323212629867941888
1323300584456396806
1323191410376540162
1323401715475992584
1323302430780592130
1323248036416491520
1323359468474769414
1323181362061447168
1323282679115239424
1323242452963233792
1323226864626913281
1323333587677126658
1323157580676534273
1323225446201331712
1323398201542647811
1323219873019944965
1323153642933899265
1323250495880859648
1323330183244484614
1323405651423408128
1323204464019492865
1323134717676367873
1323217748374245379
1323164753347387403
1323376291559673859
1323398736094089217
1323149232740728833
1323350711086817284
1323247465303298048
1323233499462225921
1323313323039969281
1323318445438619649
1323228761521819649
1323257092136964096
1323387194300653570
1323378742790660096
1323347426837749763
1323285564456640515
1323182356170186753
1323355980424482816
1323238197653098497
1323235726650150913
1323251178315096064
1323319657395355651
1323063210237452289
1323392709105799170
1323232185764188161
1323338651049336835
1323324990952005635
1323251496327303174
1323307138710675456
1323333260978642945
1323143431489835008
1323178484936617985
1323192400374804483
1323199828600512513
1323337492175724546
1323167819874390018
1323089957603450880
1323302544437878784
1323331458614919174
1323197251964014592
1323203708881129472
1323209663035383809
1323273635218542600
1323261588686647304
1323166874893488128
1323362898916397059
1323274405531832322
1323206415691980800
1323330715950481408
1323330638158716934
1323382146644484096
1323313476341846017
1323198219623534592
1323399642739052545
1323226368453287936
1323217782956347392
1323236082369089537
1323137544008175616
1323137676577546242
1323188969081868288
1323361248994566146
1323261594462261249
1323245953890029570
1323240236554571777
1323298327832731650
1323052784468566018
1323286842842750977
1323157089452281856
1323351527713636353
1323209402401366016
1323355552295067649
1323347150156320774
1323327759645552641
1323186711346761728
1323244831989211139
1323221998424805376
1323403822413291528
1323153215316262912
1323217632506662912
1323258240088551424
1323323360038801415
1323177172224401408
1323252803226259456
1323155680069586944
1323139383772459008
1323192438048071681
1323172261264789511
1323391985126940674
1323187514732064768
1323179882952724496
1323294425322278917
1323204267222671360
1323372144194105353
1323246617793753088
1323312280235368448
1323207551387947009
1323311010678263812
1323287940630515717
1323366011022823431
1323298255451623425
1323203410456399872
1323062588729643015
1323189628359397377
1323188298941145088
1323407669185650690
1323296189178138624
1323242717539934210
1323198868796936195
1323304990790868992
1323163859381878785
1323227036895350786
1323249163828629506
1323185502544154624
1323250064505081857
1323263280559886338
1323208189706461184
1323127281854926849
1323173650061791232
1323312179664297984
1323309279496065024
1323204078541918209
1323278776797724672
1323231733807013890
1323414093232046082
1323401219868659712
1323221779196817408
1323185970271977473
1323277912083189760
1323153948375732225
1323318759193456643
1323167990330937345
1323261976848539650
1323352339789631494
1323077945456545792
1323256212683710464
1323164037904027648
1323169915734495233
1323373771760246786
1323336449882730498
1323376404642365441
1323368014239145984
1323255480781852672
1323254385191825409
1323274907984236544
1323268278492536832
1323214202136383488
1323370015236771840
1323233663363043330
1323106868135342080
1323321231291129856
1323393309029576708
1323189543743430656
1323282021473550336
1323260827944837121
1323229059371991041
1323159072527581185
1323247242669629440
1323218669875482624
1323162983334379520
1323228424694095872
1323310566094606336
1323259651400585216
1323157441102647296
1323166428661501957
1323244173659721730
1323176067344027648
1323375925187194885
1323216371019403265
1323208071934550017
1323161090830815233
1323231911079194624
1323159450774081537
1323118706692628482
1323317457382158336
1323159585469931520
1323180144580796416
1323196394300182528
1323326103038185478
1323256619468292096
1323328471423176705
1323238485537525760
1323359590407413763
1323070316726362112
1323345327248809984
1323278860411174913
1323242138931482624
1323299058597900288
1323274005441368065
1323279650118868992
1323219617146413057
1323058766787522575
1323116702796754947
1323375760711819265
1323263506683224068
1323313075609587712
1323252771131396105
1323197536484601858
1323308092520542215
1323326278049636352
1323174765046222851
1323293967220396032
1323199086053498886
1323376851398631432
1323242679388561409
1323377497581461512
1323221590465748994
1323278712763305984
1323279840666144770
1323242801535004674
1323160055462678533
1323372247759888385
1323346894349721600
1323192502346829824
1323250630954242054
1323385118388588544
1323270415846936576
1323253232865599488
1323306338139672576
1323376134315220997
1323371347138019337
1323278045155831809
1323068392727891968
1323282495668932608
1323371024688271362
1323342308008468481
1323282419953389568
1323275596970024960
1323318332859273216
1323259719901974528
1323203154385817600
1323130403444719617
1323396230962139137
1323240529291784198
1323325503789563910
1323321195354300421
1323372672319934466
1323310675431727104
1323160247847059461
1323223951288532992
1323064907689054209
1323254972499304451
1323274197955678209
1323186282324021248
1323207987356405765
1323241421613244422
1323399726482530304
1323347376409554947
1323188217856839684
1323246563162992641
1323232824678354944
1323304530864447490
1323235942375727110
1323405656188166145
1323298163571232771
1323308269256003584
1323128565819473923
1323367605873397764
1323075046928166912
1323155802132197377
1323214757189603330
1323159549277331457
1323159840835964928
1323387088528646145
1323374072370204673
1323178874709118979
1323234595576389633
1323178778273742850
1323160606225084416
1323343968885768193
1323241245544718339
1323212051670589440
1323228230942396423
1323183814265417728
1323322182248923136
1323059172930453511
1323327240504070144
1323059895629918214
1323185517077417984
1323277039286292483
1323239266449788928
1323360678686711814
1323376141474942976
1323211622580715520
1323370512337248264
1323243789633335297
1323324301836247042
1323351023277252609
1323199596395376642
1323263389871886336
1323204471346835456
1323233615422115841
1323301890239639552
1323183038868717568
1323191958102331393
1323257078174097408
1323263540061478912
1323159968925831177
1323288697949855748
1323268796786814979
1323351551348482052
1323200081596719104
1323279160152858625
1323283317274382336
1323166203179913216
1323405151911219200
1323156735213948931
1323361668198522885
1323283512871559171
1323172976305557504
1323276122323300352
1323405105262198785
1323207224097988608
1323273203666636807
1323319759149191173
1323235536161689605
1323384136996954115
1323062739099668481
1323163826951520257
1323335241990328321
1323204374940786688
1323058282609692673
1323341956265791488
1323378487051378688
1323271552058691585
1323270251539300353
1323284015789559809
1323314081667911680
1323308867154051074
1323355786832203776
1323315899210866688
1323361624527409152
1323198460284293120
1323311999485382658
1323357320030670854
1323163199890489347
1323210068955979777
1323348805702590467
1323346449439088641
1323303440043384833
1323355225609175041
1323370889581334532
1323302203961036805
1323164830241484800
1323316290396823559
1323348151928053766
1323254037597220865
1323281483084300288
1323254065283780608
1323189688316940288
1323378107663998983
1323301500425297926
1323158629768400897
1323280157361295360
1323250607575224320
1323319729684160515
1323186333809102849
1323176703422812160
1323321021940879361
1323356201187483655
1323189324876259328
1323172104095846400
1323339945747062790
1323174026357972992
1323333281971085312
1323192001953734656
1323391066851155969
1323169193580204043
1323257464851234817
1323134136501096450
1323189503310311424
1323315422003896334
1323308236288774147
1323248578836484098
1323365594587144195
1323206699533160449
1323178748745842688
1323375898683465728
1323207110163836928
1323148816153980928
1323159662796152832
1323315904139137024
1323296772761001984
1323225735415418881
1323146041227694081
1323283745781276672
1323273071676006407
1323403947269410816
1323329304323858432
1323372685192237056
1323370521585684484
1323271514574196736
1323241871968272387
1323374163340439563
1323057642168819717
1323341760832090114
1323085559296872451
1323160131580923910
1323227327665446912
1323204374898876416
1323218201707225088
1323296437405392896
1323332857100701696
1323234947520487424
1323370091891855362
1323201694898016256
1323231770683285505
1323368281319874560
1323178237783085057
1323348300888707080
1323288503573250048
1323247983706734594
1323230673365336064
1323348782906515457
1323214393908277249
1323372558377488387
1323401926856318976
1323235250286268416
1323232900960129025
1323215021556588547
1323248424716771331
1323332695687127041
1323348703298654210
1323404830912794626
1323156550190571521
1323322574147866627
1323211823542317056
1323308020617588738
1323066077325201408
1323349002478379008
1323302902837006338
1323276001980416005
1323166209991467008
1323179577922015232
1323291172207579140
1323229316210135040
1323357924043989003
1323311092060377091
1323240649630584832
1323336016309161987
1323303961672224768
1323184404089446401
1323202960009187328
1323245639187206145
1323329621161594884
1323346799881555970
1323164360437649408
1323391924691177473
1323309743084109826
1323336938191990785
1323138612586840069
1323368255390711817
1323261249082327041
1323295967064588289
1323355004246335494
1323275813144403975
1323277968173649921
1323390963474223106
1323285512883458049
1323371788047470592
1323340972957278210
1323188107378917378
1323311975431053314
1323160322782482432
1323205815721930752
1323324733325271042
1323312365262307330
1323320625851674626
1323182086539386880
1323326042044567553
1323314023253921793
1323371361243439104
1323343233406115840
1323164698708217858
1323385313402724354
1323147619967946753
1323258194530095106
1323346427809042435
1323187386931695617
1323362051310444549
1323253411056214017
1323170635498115078
1323277453855522816
1323265426873266176
1323170840444309504
1323143920818311168
1323228622858129409
1323254163585802241
1323255568916762630
1323185162633531392
1323168554326368256
1323137995092930560
1323274000907251713
1323253530854117377
1323242008031432705
1323256328509444097
1323280535620325378
1323315655748308995
1323169073807691776
1323397872344305665
1323200196495507456
1323290245782261761
1323136711308836864
1323235513868914690
1323365592875868169
1323209590226432002
1323311877427003397
1323188337159659520
1323229245838151680
1323194936972496896
1323324174891282433
1323168824024272896
1323193760495423494
1323159039560294401
1323185034401140741
1323275856555446272
1323298443176120320
1323247937070182401
1323264269195055105
1323291390919561216
1323059492200787968
1323339609074470918
1323327837231828995
1323259141629059072
1323214557461008393
1323323531187396608
1323205751444295682
1323205645152198656
1323313593337761794
1323157787636092928
1323368618156052486
1323220019023618053
1323329692150173697
1323189843296399362
1323293747254353920
1323133249443561472
1323159389558214657
1323155072705089536
1323262546653126658
1323312697522458626
1323373002751442945
1323204262680289280
1323201403741970432
1323362957401722881
1323197277448609798
1323131016723210240
1323238058716733442
1323310454375174147
1323169627476819969
1323111888306274304
1323134143778226181
1323151544901128192
1323330975036772359
1323374906055282689
1323169868540239873
1323357055655284741
1323401281143189507
1323324612592214017
1323264181890699264
1323401139191119872
1323251780558475264
1323395471491145730
1323322651780198401
1323241501363740676
1323319137981079554
1323192190290505728
1323368895508602887
1323237690385584130
1323193318604443654
1323199470679560193
1323151404555476993
1323259361712627712
1323261985954418688
1323233079029354496
1323277389292539905
1323186868993884161
1323153242432393216
1323237232950579200
1323145361930768384
1323330342015672322
1323317123909902340
1323176916258639886
1323234219670310914
1323245529476849665
1323370771398512643
1323395645772881920
1323204196003434496
1323244230651891712
1323347262542553088
1323206091686187008
1323392812579082240
1323263182186708992
1323255802245926914
1323277916009041920
1323087433307725824
1323196588475490304
1323155361486917633
1323262676403933184
1323182763625844737
1323221999536275458
1323279254944206850
1323241569097568256
1323324125985886210
1323078610245328896
1323260448800735237
1323303762711224323
1323167325441372161
1323162688600469504
1323343973960814594
1323266338656276480
1323260396694835201
1323078589496070145
1323383170545393664
1323195768224862208
1323258467700908032
1323312885385318402
1323259411884855297
1323166355877744640
1323052394951966726
1323407637153722374
1323347190258040832
1323158491960365056
1323302622112194562
1323318809369939969
1323241673518886914
1323260018158960641
1323176304460652557
1323261945823285248
1323228719679504385
1323189907444146176
1323316608014700545
1323212411306987521
1323273515055853574
1323300026437771264
1323229628887146500
1323294907914702851
1323296473791008769
1323376410111713282
1323195389248495617
1323126832582053894
1323295792854192129
1323157478268411904
1323328433867399174
1323327957243494400
1323331939756089344
1323303776917270531
1323376114543284227
1323231021173792770
1323359223862960136
1323318147722715136
1323181134726025222
1323339840990203910
1323179394156945408
1323138042379620352
1323242139711643651
1323279370019110912
1323348371655020552
1323164080031621120
1323339553323814913
1323366963482107911
1323193191160565760
1323131871681744896
1323317328138981377
1323235826080382976
1323137761671610368
1323217793010049026
1323201983466098689
1323158147670986752
1323347712792764416
1323169823153676298
1323198082469765120
1323256972800630786
1323212809975615488
1323252018836873217
1323321704505102340
1323343018754269185
1323214519527723008
1323270326692831234
1323181893743988737
1323117616286879748
1323162934831435777
1323346512747835392
1323292881482862593
1323272391569657856
1323314323272437760
1323389093628301316
1323180996087480326
1323273098112761857
1323105204305383426
1323179184324268032
1323330990325043201
1323307758070935552
1323280903754420224
1323224949608382464
1323205841487601665
1323200300195479553
1323233086985904129
1323291426181042176
1323322959721844737
1323225012724260865
1323189709225578498
1323325625873170436
1323269833232945152
1323295553636237312
1323063404911861761
1323397656677330944
1323153254369419266
1323363208808288258
1323342835693834242
1323208743715246091
1323176692781907973
1323154318372020224
1323313939103551492
1323255165235929088
1323272431285477380
1323302947313324032
1323272066565607424
1323251689860771841
1323325880752623616
1323296696042967040
1323257333288501254
1323081595864186881
1323272456296083459
1323291474088370179
1323386259528650754
1323347427341062144
1323232889304211456
1323162194708729857
1323286770562334727
1323246340554526721
1323268540351320066
1323194941368094720
1323210766724616193
1323270389737336833
1323259203310551040
1323257344717967364
1323248195992956933
1323289316936790017
1323160110949142529
1323153378076205058
1323268044467150849
1323342211048755203
1323210585694179340
1323193316331180035
1323129722834952193
1323134366487400449
1323368786938966022
1323374356303646720
1323276634233950210
1323401809751363587
1323207867680329730
1323176049547616256
1323302926689792000
1323343513556275200
1323198925751361536
1323121791976562688
1323372955120881666
1323302667419004929
1323377777089875973
1323185563818668032
1323285758787149825
1323301259231825927
1323301470243069953
1323279026442612736
1323080836187566080
1323235769553747968
1323210256000950273
1323350775691726852
1323146714350432256
1323310532498235392
1323204249728200713
1323333923959676930
1323159545515040768
1323069901075079168
1323295811967528961
1323298223814049798
1323284634466177024
1323320406208581632
1323152487814221824
1323159329546096642
1323317310669598722
1323345957174579200
1323289206777663488
1323307317971091456
1323397201909919744
1323257290762428416
1323293254767562752
1323223455190319104
1323081813544284162
1323146641193381888
1323193154150014978
1323371046045700096
1323172971381510144
1323327132802686977
1323362550000570369
1323174800542572546
1323268019280400384
1323171280233910273
1323276352569692161
1323403950759038985
1323219470010167299
1323295474682658817
1323340649689718784
1323374334182907904
1323149779334008832
1323329756536934400
1323380385389174784
1323277316924035075
1323267404575756294
1323250212249440258
1323367433441300482
1323292932695351298
1323240638603841537
1323231004715352066
1323329913085198339
1323374845388873728
1323167552491655169
1323203053214990345
1323231159304769536
1323217206562459651
1323182353544581121
1323183356385890304
1323180871076220928
1323321746926247938
1323269084964884480
1323324785670107147
1323207414947155970
1323230830681067521
1323185061093642241
1323260436117114883
1323282567018225667
1323275182270795782
1323239766712877058
1323272509584793600
1323340067142860801
1323307168951578625
1323237086200291328
1323131267769077760
1323184855899873281
1323270956211724289
1323326748449247232
1323211706923769857
1323261861362601985
1323221794212532224
1323228945685372929
1323210238045147137
1323306416778731522
1323165793572499457
1323361784665939973
1323227669945815042
1323298455138324481
1323271997019881479
1323306200180662273
1323273842014511104
1323263712006995969
1323358707099619329
1323389279637262336
1323184540408532997
1323221389206294528
1323237711646543874
1323216921286893568
1323327247181352960
1323399541387919362
1323373858972409856
1323263264734826496
1323173306258870272
1323283395598843904
1323345604832043009
1323226494299242496
1323178345727754241
1323328722066395136
1323138067146940419
1323328200118837251
1323208886644592642
1323285787664896005
1323336682163372032
1323331297041879041
1323359735924535296
1323305598423891970
1323275981411463168
1323190885107048448
1323380156728299520
1323199807154921473
1323380619502522368
1323284232278519808
1323259686590754817
1323199295433134080
1323326264703356939
1323316071483514882
1323325533988544519
1323256749437210624
1323225925547417600
1323140305827319809
1323273922314444800
1323277174892306437
1323319466810368000
1323303802355810309
1323279124874625025
1323307808897597442
1323346347152625670
1323374014212018176
1323337962399084545
1323261117104345092
1323208011863650304
1323306903003430912
1323194585313644545
1323235417651634176
1323056784261685248
1323170894622171136
1323219065540849664
1323290301352579072
1323376620024041473
1323308555160768514
1323133293429182465
1323185048493920257
1323296554808127498
1323295154413985793
1323184465506635776
1323156129896144896
1323190599445553153
1323276660884516865
1323232084891213832
1323236464545714177
1323172808059506688
1323177737570406400
1323309080446967809
1323164064500035584
1323370834447269889
1323167789138481158
1323271278313283592
1323412199868682240
1323344488857784320
1323218090155479040
1323247700951838720
1323332299182739457
1323201726636281857
1323171038277050377
1323148910764920833
1323264372991512577
1323209095185387520
1323180275497656320
1323181778002206731
1323177655957676033
1323278831860461569
1323168380057198594
1323249576204263424
1323250077008338946
1323396830244294658
1323271917747511296
1323198822642782211
1323343268004814849
1323259914647707648
1323399360848252930
1323365429285445634
1323385747911643136
1323258109343813632
1323330300999585792
1323395715394142214
1323164027246313473
1323366130879258629
1323170972661329921
1323178386106306560
1323057584421699586
1323332478237581320
1323246002409771009
1323308092227002369
1323209583968604161
1323252982406930432
1323364601233313792
1323173185710424065
1323244763861159937
1323306592738119681
1323238504411910144
1323216030425096192
1323317984434278400
1323088697823252482
1323203537057144833
1323183522358661120
1323187111537889282
1323212205614137346
1323369485307437056
1323317890460852224
1323224644997009408
1323263625939820545
1323058492161331201
1323276307141173249
1323178383476404226
1323306110716137474
1323171300391723009
1323293028149243906
1323208591826931714
1323275001127206914
1323287235932917762
1323313985807110144
1323203392282480641
1323339020949139456
1323202429194805249
1323206330727997440
1323245937712635906
1323353759272099851
1323252007503880193
1323347697231929350
1323169884600238082
1323203972954509312
1323060321632833539
1323225747818008577
1323377008324284416
1323215655567544321
1323191243984293888
1323346053698101249
1323259075895922688
1323269822139015168
1323244549020487685
1323251374394691584
1323376197108178946
1323362960266432512
1323399503693697025
1323194237261938688
1323230720450568192
1323201795431301120
1323287784531124226
1323391389284130823
1323175716637298688
1323381571303493632
1323176905302921217
1323274477606719490
1323235787220070401
1323184062140502017
1323140114734817281
1323272742683238405
1323398840171548673
1323338922525679617
1323066168186441728
1323312847343013891
1323195857219497984
1323232569996021760
1323131475403902978
1323268258162712577
1323125369600434176
1323246499267026945
1323243480941035521
1323152139829608449
1323077737834291201
1323253205300580353
1323197423657885696
1323159370390294528
1323255452889735170
1323199315343540224
1323390491438813189
1323298303354773504
1323164399893467136
1323223055297073153
1323307229009879041
1323272686584418304
1323180577890177025
1323159253209640961
1323307530420969472
1323217236430102529
1323167546279972872
1323306921324093441
1323220127245127681
1323145315525054464
1323384208816037892
1323179567037718528
1323195658376019969
1323348082046705670
1323059693829455872
1323307046763220992
1323286092020355073
1323061238050574352
1323060690832269312
1323228752739000325
1323404321241878528
1323202932792270848
1323223977649725440
1323060582598250498
1323326940812611585
1323307846939910144
1323200996571516929
1323256677827813378
1323363746757169152
1323167112375009283
1323403083607646208
1323288021077237765
1323261937770237952
1323399276450533376
1323254883282276354
1323293424313839616
1323376679104978944
1323316461583163396
1323179258550898689
1323167797967544321
1323315665986605059
1323158825558593537
1323374731760930828
1323177318811140096
1323396416094482434
1323196994945503232
1323325638833512451
1323217264938811392
1323339538253701125
1323213296921645057
1323187830210859010
1323261283714715649
1323163294555930624
1323348037092188162
1323274976015929344
1323148860227751942
1323200440973053952
1323410242772914177
1323159257739657217
1323070124392415233
1323186139906351104
1323178813333901313
1323194601994358784
1323310599527370758
1323251506318028801
1323388259859374081
1323286542304055298
1323061088481665025
1323331870336126977
1323340988983709697
1323328191398858760
1323326625233182725
1323268526283640843
1323234021229342732
1323163317914030081
1323229857451544580
1323174074793758720
1323185312860934144
1323348102238130178
1323159651358310401
1323312033144647683
1323390197346816001
1323206956396482560
1323337581988323330
1323332215808417794
1323238279366483968
1323241310665560067
1323135977733455872
1323367826648899585
1323210840028446720
1323313588388405248
1323301615194001408
1323363861135851521
1323200082137784320
1323368627366756353
1323169376716152832
1323216898964770817
1323372763361497090
1323252726952873984
1323236001494503429
1323272178016595973
1323327655010328576
1323340900836192256
1323266177192337408
1323329712366800896
1323248953857576962
1323346462445625346
1323240990765973506
1323288886399873025
1323257113938956289
1323250405187440641
1323276585139609600
1323205911012384768
1323358571871064069
1323218726628528130
1323160587002630152
1323216874302246912
1323308748388093952
1323281195044687874
1323180386529255426
1323384170454884352
1323273505237061632
1323407279065096193
1323192631850110977
1323224647421333505
1323081513446105093
1323153119514165264
1323265753315975168
1323182640384692224
1323368398433247233
1323290301033828352
1323258255158743040
1323194240529240066
1323150745752031232
1323236820096864260
1323371044183429122
1323188922135023616
1323226813078904832
1323383420643323905
1323246339031994368
1323228922411208704
1323168838117195777
1323219885850284033
1323237086879719426
1323257126001778690
1323266852873818112
1323344936880771073
1323246996707332096
1323256147520987136
1323353742452940800
1323338088391811079
1323348791026688000
1323059865187721217
1323408367507984396
1323303897449009152
1323210680544223232
1323312883225296897
1323290511382335490
1323345092430700544
1323313646634749952
1323277283294171136
1323349087161327617
1323338912924913664
1323263525167505409
1323284792507588609
1323308324524347394
1323262405376413696
1323303599137542148
1323326138853347328
1323274686168485895
1323330752768057349
1323187727505018881
1323058925583949824
1323351977510711302
1323239354198798336
1323348689998532609
1323335438229188608
1323191870755868672
1323250206805270529
1323212114866163713
1323317222576689154
1323252407711784960
1323207960168902658
1323341088522792962
1323162995053219845
1323386322627809286
1323203483298877442
1323248951886315522
1323289245176483840
1323253536893870082
1323322030670909447
1323061911450210305
1323176153373433857
1323280977268002818
1323245606182281217
1323320428484612096
1323207545536843777
1323222915656093696
1323168459761586194
1323355297864470528
1323226498334154752
1323369276615675908
1323343547077189634
1323261857210269696
1323242506180534280
1323221476116516872
1323172634771759104
1323272240717303809
1323330071931817986
1323203135402319872
1323398465972588545
1323309845056004096
1323202084796354561
1323343169665355777
1323335526716461067
1323319484350926848
1323120209134342146
1323164289390288896
1323380723047452681
1323370837920067590
1323239986091724800
1323347585726296064
1323217516857118720
1323181202359099393
1323368794165858308
1323329080452939781
1323264408701882379
1323192697885200387
1323211146065780736
1323313959970263043
1323234504681623557
1323196369373483008
1323172486322753537
1323381870311231492
1323276341286969345
1323400319309615107
1323156532171808770
1323333771697991681
1323212272966242304
1323364402645602304
1323225824368250885
1323214505854291969
1323215238397894656
1323233320919093248
1323334642502639618
1323259887753854976
1323309531129065472
1323241810446159872
1323242468385718274
1323227664396800002
1323245885900394499
1323239208203464704
1323135803816579078
1323151322481364993
1323152091934789633
1323154639303462914
1323160957066059777
1323297216753209345
1323170955217260544
1323201589377716224
1323188123229147147
1323173522001321987
1323387876025970689
1323320065241001992
1323146638291062785
1323333714068295683
1323175773591666689
1323306539952836610
1323272093153267713
1323257871866408963
1323208168948858880
1323362502164492289
1323081153042124800
1323191554798997505
1323134948174450694
1323142601265025031
1323104663269449734
1323397786512117765
1323375703476285443
1323180085046890497
1323310680607436801
1323324861415149570
1323246785779945472
1323274649942241282
1323225203292463105
1323149603194155008
1323131691804827649
1323340908729913347
1323182477951815680
1323202955236048896
1323274021950148610
1323205869354520577
1323327706176589825
1323234584289595392
1323187089756819456
1323260790196101120
1323352235372400648
1323306612367515651
1323339773176651776
1323064712427352070
1323279072919781376
1323396875219775489
1323148380625870849
1323168192269864963
1323312589586255873
1323373599089135621
1323346068868898816
1323343893707034637
