1325504322558435328
1325514100462538753
1325371742072795136
1325369030081994752
1325386659328892928
1325430882551930880
1325387626065616896
1325485971505344513
1325470849261064198
1325439860212183040
1325426506181521416
1325337560445562881
1325575814117777410
1325480210888855552
1325495401269571587
1325489820827836417
1325508939476299783
1325475829124624385
1325481361000587264
1325379241761001472
1325461771147243521
1325442984406626304
1325553448163696640
1325431738110267393
1325543617486745602
1325410178909474816
1325437381776990208
1325402775707070465
1325549536169832449
1325418967272402945
1325420988310368257
1325540123119915014
1325439732336222208
1325495958348705792
1325365351023054848
1325235346343333888
1325567359944445952
1325304571435114496
1325464426099724289
1325398332605411330
1325484669945737218
1325260509210423296
1325440899220975621
1325339780629094401
1325513475695718404
1325351603411546112
1325487266228293633
1325373759642013698
1325458197839273991
1325359673017511936
1325502712495169545
1325548003873214465
1325344549837938688
1325430135072452608
1325404880685641729
1325434460926599168
1325475171973689345
1325297499641438208
1325371896658063360
1325245887489175553
1325494582390484994
1325524806914240515
1325577732562976768
1325476932327235584
1325510910576893971
1325477885273051136
1325446446309646336
1325485432809934848
1325360615397928960
1325471251914223616
1325336813523918848
1325558101748174856
1325383903897677824
1325335945378402305
1325464729729585153
1325545842745499654
1325476530286440448
1325365692246405120
1325569830418849795
1325363940055011328
1325356553185136640
1325357671822716929
1325474999000588294
1325475687659139076
1325559581662130178
1325490180413911042
1325546010299523074
1325370774404861952
1325563562513866752
1325414775606611968
1325505846642663424
1325477537607192577
1325367640685211649
1325524332974583810
1325417025762627584
1325454749060227074
1325410247721279491
1325450878321635328
1325404644894515202
1325311254374780929
1325488059446681600
1325447284067360768
1325409134955679749
1325520847948423175
1325443620229492736
1325343571730378752
1325545977470726145
1325405751574220800
1325371618051452929
1325351710286606336
1325357418616918018
1325377147230425089
1325535873442734080
1325500298408890382
1325518549541154816
1325489689026039808
1325388353341169664
1325434611598561280
1325428693829873664
1325375395907035136
1325425993218134017
1325402541039947776
1325373532017221633
1325528798125826051
1325480476325326849
1325519995619717123
1325354498894811140
1325437454984372224
1325562675863162880
1325385659297771521
1325486315069124610
1325428212420194305
1325430510164774914
1325514410815860736
1325404218862276609
1325527166864527364
1325528845731188736
1325374406634385408
1325463990135386113
1325536311902613504
1325374927004966912
1325519881308168198
1325462806121099266
1325383522928926723
1325319911816785921
1325567741806456832
1325536520317579266
1325471116702461952
1325559951532707841
1325374838026940417
1325369194901348352
1325535273351049223
1325335465046798336
1325531531373400065
1325565214876692481
1325459509112877056
1325374851452899328
1325437823688863753
1325415847393947649
1325507317849333760
1325579732717621256
1325528851695493122
1325494918089945088
1325431686147039233
1325539890373791746
1325388604575789056
1325558329486217216
1325472511950196739
1325491405008072704
1325547521716924416
1325576346119118855
1325562590794231814
1325544524052111362
1325463966567575553
1325469575211855872
1325444273253343233
1325379390159646722
1325374806393561088
1325433925712416768
1325354172426936320
1325547790756433922
1325474406894858242
1325244222501507072
1325472557127110662
1325296968432836608
1325421659927482370
1325547116043890696
1325397348407762945
1325469200991850498
1325392614112321537
1325549614536265729
1325557713175273472
1325513653907451905
1325443183866732549
1325534521316569088
1325458076703596545
1325529139198238720
1325436806905597952
1325570224314265600
1325333259794984961
1325467930474262534
1325394317222014979
1325517783359221765
1325459045231308800
1325549319253078017
1325447693976690688
1325449374416199680
1325355356948717568
1325553689013198850
1325432021427032064
1325587461913899008
1325553911072165891
1325382062598131713
1325431352334970882
1325553852406525959
1325500393267326980
1325439579080503296
1325394334544506881
1325431520799174656
1325383156573360128
1325493898077220865
1325449851816054784
1325402910352683008
1325459670119702532
1325404444587139072
1325497407929520135
1325330290953383936
1325484336104271874
1325455354738728960
1325394036274950145
1325399686765826049
1325399115765788673
1325271363834294273
1325378922079522818
1325382715701678080
1325528222101086209
1325499127975849990
1325535973766275078
1325430548500779013
1325381780103368704
1325307387700502530
1325254570524733440
1325377655710093312
1325509179013025792
1325362540990394371
1325450941068406784
1325381071928700928
1325471236508561408
1325463860111962115
1325354959416782848
1325501495719174145
1325563829959471105
1325499637554417665
1325339023544553472
1325372457642053633
1325561950978314240
1325308129924554752
1325528318943309831
1325387969453301761
1325361634542489601
1325378980925616128
1325515249047527425
1325459888525414400
1325500637824634880
1325476915411607555
1325429181342167040
1325387733301415942
1325407929990860801
1325413540375777285
1325499821239783429
1325509955689082880
1325234035271086080
1325441091508822017
1325565656662761479
1325351251530424321
1325435019985350659
1325424197586325504
1325360041260691457
1325469865373818880
1325366549272797184
1325405837792333825
1325501388500201478
1325558836896423936
1325533680421494784
1325462550708965378
1325427358581526532
1325511905205755904
1325238376807673856
1325455541188091904
1325465122723287040
1325402867436580898
1325408945180209152
1325435883609354240
1325535077217034244
1325387211077017600
1325435844220555270
1325562257946894337
1325371772468948993
1325425230140026880
1325485542587457538
1325425470087819264
1325434591197454338
1325504154811437056
1325433309476818945
1325544762372395009
1325476308772646913
1325558954886373376
1325446228730122240
1325386803487109121
1325424382286688256
1325242122707083264
1325451945025396736
1325536659929255937
1325498080913973248
1325509547411255299
1325419097790746624
1325383519619723264
1325457798453456896
1325367981774426117
1325431554655604736
1325266271047389187
1325350536724484096
1325492140290543617
1325440395921256449
1325569913206009856
1325431597378711555
1325342195612856320
1325389447576293383
1325479031098241025
1325230920228626432
1325358353732825090
1325499888747110400
1325519841093148672
1325538052958277642
1325432687788773379
1325479389191163905
1325340980116123648
1325464193659777025
1325491530254200842
1325431470966665216
1325494316157063168
1325556363074867204
1325365639461154816
1325266079959183360
1325391971507204097
1325496014904684544
1325388853281165317
1325307579610882048
1325530781876449281
1325285579265896448
1325551381030334468
1325379872957542400
1325484931955486722
1325233487075536896
1325476457846599686
1325368335060656129
1325557644258648069
1325424727188529157
1325391728052989954
1325444535443464192
1325575959827910656
1325401479189028865
1325318210628030465
1325479026593574915
1325484219083132929
1325541939526119424
1325360065969336326
1325523163179065345
1325442964680814592
1325365271041880064
1325379137113100289
1325481682363949061
1325567268332445696
1325536165278126082
1325494886477557760
1325448525002444801
1325512796239441922
1325469887461007362
1325273910301110272
1325228248331137026
1325449296033030146
1325475528619544576
1325315565116936193
1325458598663696392
1325370394472275968
1325532091409379329
1325500714777513985
1325455886765187073
1325439612584595456
1325484227429888000
1325463004738179073
1325584905389084672
1325379652244869121
1325445315521077248
1325525203552768000
1325245082312826880
1325362572510580736
1325485652893442053
1325348521361477633
1325425362134822919
1325394484071260162
1325421141045907458
1325523322868817927
1325373646584602624
1325344358342778880
1325397397397266433
1325466693074886657
1325448601766666240
1325407621411725314
1325515802985050112
1325420225639149570
1325351424293801984
1325406223714410497
1325524937440899075
1325319774344257537
1325360655554240512
1325467018179522561
1325432509925089286
1325508210934083590
1325506585590947840
1325485246679306241
1325582370062405635
1325232570582396929
1325474721203449857
1325514472056872965
1325475454745194499
1325475191628193793
1325247199358414850
1325377307436077056
1325523334369587200
1325432653902962689
1325435340174340194
1325252007465246720
1325495439244877824
1325403996647985152
1325453339216244736
1325458100451676163
1325449613982244864
1325374795463225345
1325362132159000576
1325501867535831040
1325357946914697217
1325553519416500224
1325477903673470976
1325401792738435072
1325396002367483904
1325397386085216263
1325458684038811650
1325444328093839361
1325470288734248961
1325453587196092417
1325256146144423937
1325260864526626821
1325580036288765952
1325383252090253313
1325445617167036417
1325568609775706112
1325477851408297985
1325232193174724609
1325548135087812610
1325498398296973312
1325382354182004737
1325455333645570050
1325556132618907652
1325462471549784064
1325367127772172288
1325398541360132097
1325550737816956933
1325428782304550914
1325488341865930759
1325482878776594433
1325488465832763393
1325487611306270721
1325448782599892992
1325337202453344256
1325436993145368582
1325521911724597249
1325505269217026049
1325442658148429827
1325485521792077831
1325483095081050112
1325570532398542850
1325543015507701765
1325527655417044992
1325380343373950976
1325370213165051906
1325469986983469056
1325369740282441729
1325554050637705217
1325392663827406848
1325240168446631936
1325397651035222016
1325265184504639489
1325409618235846656
1325496204231401473
1325381055780515841
1325511451608539149
1325394568800595968
1325392799605383168
1325446254625746945
1325360224287543296
1325348733681348609
1325504042123096067
1325570867036893185
1325463375741136897
1325417748449669120
1325552144599183361
1325483138211065856
1325472603591602176
1325436448225562624
1325460675523645440
1325308935067344896
1325516508118781953
1325460002887380994
1325375039529766912
1325522634092765190
1325564441799352320
1325228212130033667
1325544602145873923
1325474599732121603
1325423217746522113
1325364729682989058
1325475021507211268
1325400391576670209
1325409945668509696
1325423507824652288
1325473656080830464
1325480359413362688
1325476132431540224
1325468933177171968
1325475761508274176
1325437992668946432
1325466669599383553
1325511893004537858
1325451683984498690
1325574471038722059
1325550326829748225
1325363147562233862
1325354930023129088
1325462383234600960
1325519708045631496
1325533249465163781
1325367867169255424
1325434794654789632
1325396507428872195
1325381037522874368
1325382829841264640
1325327571035316224
1325344272720273411
1325337620872892416
1325328058417606658
1325424738156634116
1325491150011174913
1325483713774424065
1325390952027000832
1325371136130084865
1325486596255256576
1325261459165749254
1325386780976279552
1325480856060825603
1325415228511842304
1325543442940915713
1325499873559523332
1325513578967953408
1325383858100039680
1325505667503943688
1325447309816193024
1325344854948319232
1325484157259100160
1325463984217223168
1325404025500684288
1325456278060228617
1325462634414616580
1325370389380337667
1325450699824574464
1325555692091092992
1325411541626269696
1325409062935273472
1325291974438645761
1325527440962281484
1325520782303375361
1325423166068502530
1325575843502936065
1325342838071193602
1325551667237056512
1325559491421679618
1325493142326534145
1325461559443927040
1325473037026783233
1325438873434992640
1325376701623382016
1325415452613484550
1325382923810463744
1325386871241928705
1325576324073877505
1325498131841159170
1325567470351097857
1325564485243957248
1325489521899810817
1325521039640719367
1325226693213253634
1325444168467050497
1325467173054279680
1325541554174504961
1325533889650176001
1325387786594160642
1325434061565931520
1325564685689753602
1325400615976132609
1325508181892739074
1325370501154410498
1325533167965659137
1325393982264840193
1325302048330567682
1325440070183251968
1325515971096875012
1325377985491443717
1325431907056816128
1325369192527384580
1325466300940947458
1325474889587777537
1325524856507682816
1325384353359204352
1325489853132378112
1325418647154814982
1325383906485542912
1325435235987820544
1325463031921455106
1325489380061048832
1325561067544702979
1325457208356851712
1325440039829053441
1325540581905489920
1325531527321628674
1325453134995578882
1325407436371615745
1325470700921122817
1325419999402610689
1325553576312266754
1325240738062479360
1325457426297069568
1325458818264948736
1325529353082564608
1325381020242341890
1325456330610630656
1325481729684107269
1325511354548178945
1325464596879192064
1325504801510133763
1325487497237901313
1325434514118766594
1325558674736222212
1325328538430541825
1325429434032197633
1325454419417309185
1325463767719743488
1325405394513113088
1325540148835127297
1325296756691787778
1325484509689761793
1325399558378180608
1325426570555781122
1325559890744578049
1325398346585022465
1325413164574531585
1325548378252599303
1325402875250479104
1325406168571916288
1325585340812365825
1325579486272884736
1325441590949785601
1325450175926726664
1325503325186514950
1325387084044128257
1325350403211468801
1325381646518988801
1325431842846240769
1325464013677989888
1325419155525427203
1325365789927542787
1325462431527804928
1325526936186195970
1325499377947996160
1325390466905481217
1325509825262972929
1325396172471758850
1325412793110179840
1325512082880679941
1325362002102018049
1325484985906769921
1325345253440811010
1325540481074409472
1325495451227975687
1325248792686448642
1325397340430209024
1325549020106936320
1325518689693814794
1325468249392361476
1325267252954935297
1325560822966444032
1325469601623314432
1325282986292604929
1325397254979645441
1325452270620844032
1325556462777753605
1325435969751937024
1325446047401975815
1325374915315462146
1325372509949206528
1325467534599086082
1325526654043758594
1325390225678475264
1325452969857462273
1325373682903117826
1325335990236491776
1325450064735645696
1325487084493303809
1325504528578383873
1325444478065373184
1325480718244450304
1325391994038972418
1325470872216489985
1325248682619408384
1325486717772689408
1325355765272604672
1325479701754867713
1325487041421963275
1325399861852770304
1325535136067235840
1325400681520517122
1325453875147583488
1325349362579496960
1325512083509743617
1325515689864654848
1325474196667969537
1325453104385576964
1325388444047192070
1325419037359271936
1325422902167162881
1325389382925377540
1325379692669661185
1325569570627870722
1325390094036066304
1325504531401232385
1325409509548961792
1325464946944188416
1325392447590047745
1325371738520231937
1325421654474973185
1325385322344144896
1325492073089409025
1325503839521427456
1325390439659220992
1325479390763945984
1325466996541165574
1325424407494451200
1325523794811871235
1325378799278632961
1325574108676026368
1325541851898785793
1325524046067478529
1325553018356572165
1325491987244593152
1325497362110959619
1325451415817510913
1325456009536614401
1325567893426343937
1325456891133243393
1325375841619079168
1325261321491927043
1325476583587663877
1325552893647331330
1325319574049394688
1325559674507321350
1325459312723058688
1325434541583065088
1325250067968659456
1325372185628827648
1325431698901831680
1325495120024776705
1325473347707265024
1325500505620049920
1325418791967272965
1325494639042945027
1325313361781936129
1325391105043673094
1325397480792616960
1325451939010711552
1325466454645485568
1325479186476249090
1325553269188472833
1325391248371441669
1325573992854544385
1325335011978080256
1325498581017620485
1325392159655260160
1325478554398756864
1325368048539332608
1325464774268870658
1325519580710785029
1325445842535411717
1325371248927502336
1325468463658377216
1325479090443464706
1325332226691764224
1325407383611453440
1325369867076243456
1325501589944225792
1325416463566516225
1325497991294296070
1325438485386436608
1325459133248712707
1325238846678831106
1325437185617694720
1325447359342530561
1325470630347681797
1325350468911058945
1325478376702939137
1325458982543224832
1325436466323918848
1325376087946358785
1325361070689619969
1325431595738804226
1325426489064611841
1325583729348239363
1325345708464082945
1325317695349338113
1325399812733284353
1325440476992987137
1325392331370008576
1325413043619106816
1325532012959162368
1325513019884003333
1325381240531378177
1325587027786608640
1325371895630483460
1325375348805152768
1325336700286013440
1325453032029626371
1325450736763883520
1325310615863353344
1325236027611549697
1325509214173868040
1325446970517950464
1325415618435289088
1325475094597132293
1325471663668998147
1325396292298739712
1325396309331865600
1325445664180985856
1325267835292147714
1325566192896061440
1325527777014124547
1325378575915212800
1325407814534254592
1325504354544201729
1325512720129662978
1325439798941724673
1325400420349579265
1325486945204572166
1325571199720706048
1325375350831013889
1325506264525369345
1325367352742060033
1325498240687611907
1325514740672712704
1325561622887354375
1325550523496488961
1325442668571267073
1325419926161600514
1325512745253543943
1325551772774051843
1325422584989691906
1325353709539299328
1325477581123104768
1325581333222084608
1325518372503695366
1325383193604861952
1325372462855491584
1325349659376803842
1325254722211749888
1325527023461289989
1325308041290543104
1325551384314466310
1325487127359053828
1325423090281623552
1325488461709766656
1325402875569303553
1325470566279749634
1325463974532550663
1325474691990085635
1325445139091828740
1325545810424180737
1325463720466804736
1325372384984113152
1325486271523905542
1325509389072146434
1325490677149556737
1325468421463662595
1325397076231000065
1325521134171910144
1325491924585897985
1325290250344787969
1325453481478590466
1325430967641788417
1325488103486795778
1325552056652996609
1325345865364541441
1325506787521536000
1325461882950574080
1325451652376170497
1325374687719919616
1325557005176729603
1325445763552456705
1325533683915378689
1325364126525382662
1325468620634411008
1325241622779584513
1325414791805022208
1325577090184441856
1325484216470081542
1325304789819924481
1325391866599268352
1325423100499025921
1325463619295916034
1325571046293037058
1325440858640932864
1325345681746366464
1325556432876560390
1325547117457379333
1325464456931979264
1325436581952557056
1325424981598216192
1325440159270244352
1325381470190448640
1325449540967817216
1325333669372891137
1325543116309475328
1325462508321329157
1325547289763590147
1325496962678976514
1325482380828807168
1325452299901300736
1325363440555331584
1325348952900841473
1325395531984637952
1325392545212403713
1325414503044030465
1325357321095098370
1325374183380045824
1325383559192915968
1325383660825145344
1325473821164507136
1325509144623927296
1325492909651714051
1325456475750330377
1325556569258516485
1325369834788491264
1325465741555101697
1325428177448132611
1325476274534539264
1325541375237120000
1325538687770370048
1325342956077903872
1325482348067098624
1325394732298756096
1325443401270120448
1325501025520934915
1325499734115708932
1325388274794258435
1325241660536745985
1325478375310364672
1325364867306545156
1325336916888260610
1325476952774414338
1325368990760316928
1325397523750674437
1325361034148917254
1325529199621312515
1325484080536956928
1325357415190196235
1325433953529061377
1325389437333811200
1325248891751723010
1325331539119501313
1325430690024988673
1325267851805143045
1325453956273856519
1325447615077605376
1325419994549788684
1325321888697036800
1325556914500083715
1325457224290938883
1325420502555484165
1325515609036218374
1325358800526827521
1325558883335737345
1325492447405813767
1325456183034073089
1325471099321262081
1325525807410900998
1325417802564505600
1325376857320157185
1325543264523591680
1325378899438669824
1325432262058446850
1325485642462138368
1325556636937842689
1325318941850406912
1325455473961820163
1325564108561932289
1325485091808817152
1325444014674472963
1325453921406627840
1325495942259355649
1325389009548357632
1325343608929652736
1325440917302636544
1325340825862238208
1325500604936904704
1325410025171525632
1325488597512941573
1325398660352520192
1325380451247284230
1325563432620466177
1325507636398329860
1325561559494647808
1325462655583334402
1325231517275185155
1325351810564059137
1325564328649625601
1325420465591037953
1325452714462097408
1325430568033595393
1325533876450709505
1325381096045993984
1325513328140181505
1325369851158941703
1325569645299060738
1325527406690660357
1325442941083639808
1325419497017270272
1325371374135894017
1325393506236583936
1325250326430183425
1325425597661769729
1325454568541442049
1325533743575134215
1325439658176770049
1325431002655821824
1325247006986661894
1325398378705014790
1325265688173416450
1325473197169455111
1325440985795596290
1325373095465672704
1325578188341321733
1325513935588642821
1325387299178246144
1325323662602334208
1325578774193311748
1325394766033457152
1325515239694209024
1325459173077889025
1325504885895401472
1325512603049877506
1325432212532105217
1325504517094465536
1325528187712004097
1325424581528719362
1325557185921888257
1325471618248929284
1325451535330004999
1325565641353474057
1325518817099911170
1325433186202099712
1325561821722537988
1325476508807335937
1325543791558873088
1325463515260465152
1325237624865492997
1325476544945528833
1325586544904826880
1325553035569926144
1325427164955676672
1325365818754994176
1325565167787184128
1325447158099832833
1325438862580199424
1325393226056994816
1325371970800787457
1325442576653160451
1325466854526242816
1325235141841711105
1325313225148289029
1325513556243193861
1325380709427580928
1325485821387018242
1325451037612924929
1325308027206033408
1325515770974117888
1325517084449771521
1325484288578629634
1325543815088902148
1325431950216146944
1325330485443252225
1325327055773458438
1325408996447186945
1325476637769691136
1325497609243533314
1325336919052607488
1325398644246392832
1325243389487538184
1325487118483853312
1325336504567296000
1325581798089367553
1325567523362926594
1325392185232076800
1325443445767467008
1325418556268425216
1325445058808717312
1325366050335158273
1325392941779718145
1325510223352782848
1325548509743951874
1325469351495888896
1325461717837615104
1325389163630374913
1325556441458020355
1325397586975596545
1325453529792851970
1325330663629795328
1325536960971202562
1325352633402617857
1325399072300290048
1325529103588618240
1325555223910342657
1325450708926271494
1325318721934659584
1325379643638243329
1325564251776425986
1325457487672336385
1325499351746162688
1325531879404171266
1325407853549678593
1325497114248536066
1325325516556079104
1325448632611573761
1325546858127749121
1325532137064456192
1325546931620343811
1325585801103732739
1325356671053520896
1325547622564847617
1325447775740456961
1325533933379973120
1325550761623908356
1325573386429468675
1325380517152362497
1325495447620890631
1325370394497396736
1325446344841039872
1325485667439218695
1325583883144998914
1325434703063752710
1325226659369398272
1325522993297170432
1325258970186051585
1325556438656315394
1325418062087155715
1325476658149724160
1325372572213653504
1325454207231664128
1325470764343189504
1325544257290182660
1325346922631192576
1325427713595895808
1325430624522563584
1325431974077624320
1325438334685089792
1325449525738299395
1325416677933199360
1325461377524387841
1325522725188808704
1325473117330923520
1325370400197447680
1325378070484803584
1325394732277751808
1325478503723261960
1325557087653556225
1325537357597118464
1325411029195632640
1325402614494859264
1325454839913082881
1325527574760583173
1325452692244869123
1325388472190984192
1325516804693909504
1325554107294298115
1325495224815251458
1325496168512712704
1325467302654046209
1325559962060398592
1325232959952138240
1325404974243844096
1325370032877170690
1325427773251461121
1325467630338269185
1325382012190986241
1325514332680151042
1325438521566502914
1325549903293128704
1325381599236657152
1325457782015991808
1325443124622204930
1325450627938390019
1325575800045916161
1325407838483718144
1325512083069399043
1325541077873532929
1325579936913092609
1325471352518799360
1325410762190417922
1325411089979478016
1325451558008598531
1325437044848463872
1325443068644954112
1325361136963825664
1325369764286504960
1325493085099450369
1325454864290287617
1325327004653277184
1325520982765867008
1325333637680787456
1325486421113704448
1325369312899702784
1325432350495416321
1325381795722956800
1325436347616800768
1325433726784966656
1325517199633764353
1325422196873977856
1325441369142390786
1325267896919011328
1325560316672045060
1325511077250166786
1325451445945184256
1325467712374644739
1325484919578038273
1325340912415891457
1325553065320124420
1325477604007272448
1325544290282590210
1325231461360865284
1325388427685212165
1325468512484274176
1325479661044961282
1325514132049813505
1325433053481742336
1325415431507750912
1325572051076321280
1325288473755078657
1325459778034929670
1325436463517986816
1325352869973909504
1325352495909048321
1325432851299495936
1325326609944080386
1325468418942918656
1325349396255563776
1325395555623849984
1325382397794377728
1325406512353861639
1325478793507729414
1325420249341104128
1325498464042627073
1325432212838354944
1325257551538216963
1325513200041926658
1325386097988341761
1325569653100441602
1325375706168221696
1325464953147584515
1325401447903670272
1325507507662499842
1325335491881873410
1325479295884562433
1325575093943226369
1325549755527815170
1325420020252471296
1325398459810242560
1325419767151341568
1325339379678793728
1325561349414514689
1325517046025752577
1325473807436570627
1325519376083283969
1325508446498787328
1325536695501131795
1325368030558380033
1325234926195707906
1325392452941975553
1325494404782694403
1325546175882268678
1325557566647250944
1325359759181176834
1325521934512164864
1325536956026073091
1325313900313800707
1325388420219277312
1325388682862481409
1325504963561336834
1325467296752685056
1325531047371673600
1325517408090599424
1325436238158045184
1325565310481657866
1325454737303597060
1325501538706608128
1325371926764789760
1325574771497693184
1325377166515855363
1325415829270372352
1325342617027153923
1325500787976495108
1325497653103366151
1325542562267017218
1325414535218536448
1325473100021030912
1325558407487754240
1325366412962123777
1325546730105040897
1325310446690328577
1325443162060578816
1325373492750069760
1325364029397798913
1325321829112799232
1325448496883884034
1325364468201742337
1325412442751590400
1325555229278998530
1325442063714947074
1325381277403525121
1325508718281306113
1325537993231388680
1325447261401341952
1325378788373524481
1325418258858717185
1325230361069178880
1325549981428834305
1325508035029110787
1325444524647264256
1325434469994672128
1325435380838109188
1325504085022437378
1325384045136654336
1325428124868337664
1325462215789596674
1325332508288950272
1325495993341763585
1325231384080896000
1325477451020046338
1325391336116281344
1325469701766586370
1325482523196010497
1325268434976985093
1325437926239395840
1325436099917963264
1325403573107175426
1325450054962978818
1325425960116760576
1325380830831632385
1325318552547708928
1325352961527209984
1325346567000387584
1325440586980204546
1325436124295290880
1325486565070671872
1325410323868889088
1325519553238097924
1325509262823534592
1325562016686346244
1325418676099702789
1325477140721266688
1325384740174696448
1325451464546906118
1325384818046144512
1325492773324251136
1325492514464411648
1325261225048076289
1325500792103702530
1325487089631301632
1325525125115109384
1325471353974173697
1325505520829145089
1325376974475440128
1325233020253720576
1325367130209071104
1325315586302353408
1325557488343687168
1325532528409800704
1325518400194539525
1325447524589723649
1325396137512153089
1325522873021313026
1325506665844707328
1325385345463152640
1325420550743842816
1325474390381834240
1325454325171302404
1325417520745111553
1325256911474855936
1325556372885426177
1325450525513539586
1325431489148882946
1325402978380115969
1325428289209561088
1325385728424075264
1325517066452004866
1325467385206280194
1325359315163766786
1325414296726220802
1325543644112293888
1325547862491586560
1325473006362251264
1325436663884025859
1325538450964148224
1325576084130238464
1325508715886292994
1325508790112956419
1325484173793120257
1325429298656899073
1325400639128657920
1325409301117235202
1325396562978213889
1325361343176855552
1325556506805334018
1325546493395292163
1325346269523480576
1325488431921844229
1325459186700996608
1325344615633969152
1325422844231245824
1325363149646815233
1325495233031843840
1325498624265097216
1325253710583312387
1325383144476971009
1325378402744987648
1325399085663326208
1325437253460619265
1325341454613573634
1325413358057697280
1325378850038173702
1325435128584265728
1325461642541404162
1325551160586100736
1325444916747657216
1325329136076910598
1325317390079553536
1325528449134563331
1325530139862691840
1325560957091930118
1325448787410759682
1325542873165672453
1325448103277817856
1325495973284556802
1325395615967277056
1325238642655318023
1325474388045598720
1325403678925332481
1325559951129980929
1325252270544580613
1325357248445616128
1325438343799300098
1325439580707958784
1325245539718324224
1325568849568288770
1325466308071354369
1325433307207766023
1325478852345425928
1325445427118960640
1325245158699507713
1325482819708215296
1325415201294999558
1325469900115210241
1325339622101168129
1325532677546635265
1325534659267190784
1325473260750958592
1325467094062915584
1325386227810529281
1325379462641410050
1325376979319857152
1325411568239177729
1325466986571313154
1325360114044465152
1325226924965322759
1325395418134564864
1325453448159096835
1325424611727728641
1325283989624643585
1325472167287513091
1325500718997004290
1325477185642258433
1325532829917253637
1325462541632475137
1325452705029087232
1325559592659652609
1325547949787672576
1325434011200548866
1325303292059127809
1325494030046736388
1325254175819784192
1325428054525698049
1325549120128479235
1325459344574574593
1325359724460699649
1325581970236170240
1325536078456090624
1325547689833078784
1325546515910307841
1325459992904933376
1325377596889108481
1325539982522638338
1325557310912131073
1325337558360985600
1325484194471014402
1325415322611027982
1325520491252248576
1325531113587150849
1325439309135159297
1325399110405545986
1325560669001969665
1325430209374531585
1325559763086749701
1325430359803179010
1325520465159401472
1325330171528884224
1325430909823315969
1325363297273720832
1325452202249494529
1325443929932668928
1325491143719710720
1325405538344177665
1325371986000949261
1325462009907908608
1325399070840659971
1325584336339525634
1325427338885144581
1325491914762842113
1325571269983674375
1325497351348379650
1325462294579605504
1325398680640360448
1325366516473344001
1325506564954927104
1325480741363478528
1325400093927858177
1325390025152995330
1325530844421885952
1325514576239210502
1325248421205250049
1325388248752005120
1325526144154808326
1325394720047116289
1325327723384934400
1325571912232263680
1325477725201641473
1325532267725418499
1325475644734640130
1325524170151759873
1325480833411584000
1325542087215943686
1325383738814046208
1325512430412324870
1325467292818309120
1325461289133551616
1325375387862528001
1325413298683211776
1325477197059026944
1325575945256833024
1325557223842598922
1325455794096238593
1325421193713872897
1325320367850868737
1325543142012096513
1325469815113441285
1325464296357294082
1325567881074053121
1325411005103398913
1325545236362309634
1325407963125788672
1325393419859095552
1325377439862824960
1325471747978780674
1325373386390900736
1325396415892377601
1325418746618519554
1325472021178937344
1325372665339777025
1325463905855004672
1325363490727596034
1325372017688924160
1325553804310405122
1325473545913241601
1325230743853928451
1325552917768785921
1325562668422492161
1325555450734063616
1325411909403877376
1325553661121077248
1325434993468956672
1325552438540197889
1325379582627876865
1325509135006396423
1325560666942476295
1325363347961896960
1325404585326948352
1325526394202427394
1325416011881979904
1325462682858827779
1325394629471186946
1325541995557908483
1325565286662148099
1325422000773492738
1325447265293570048
1325507998706491418
1325359964605526019
1325550249331527683
1325431951378014208
1325534885151469568
1325379928049807360
1325441295230365697
1325478076155912198
1325447614276530179
1325475877765910530
1325327352944091137
1325504768274538496
1325454192404819968
1325442891368501248
1325307848352538626
1325498660298379264
1325428929172303873
1325402565136293888
1325575950315253760
1325513603655593989
1325445025761792000
1325419329488379906
1325558327250718720
1325483901998034947
1325401022974619650
1325461253041643521
1325476909992513538
1325429393704017923
1325487451478110209
1325586359860539392
1325480216198844416
1325552581377142784
1325465208903622657
1325575338399830017
1325409450761605120
1325465782638276609
1325370465041461249
1325245539777081344
1325517035279949830
1325452020418027525
1325504453395492865
1325505935834542081
1325474493486174210
1325560859729530880
1325389982706642945
1325337208757366785
1325451789991350275
1325414754073141248
1325411381030645760
1325563658076901378
1325481384950046720
1325429537656680449
1325465835830468609
1325570022610251776
1325574842008088577
1325462772877025280
1325370359839907840
1325366240525869056
1325476731155836930
1325380301581934592
1325451605676847104
1325433244972707842
1325456493379014659
1325462812756480000
1325412419028520965
1325435312764555270
1325316562245521409
1325266900776071169
1325459137233346567
1325512532338073606
1325462501899849730
1325462702723133440
1325424567964192768
1325390909316456449
1325349470155001864
1325499590494347264
1325586352692490248
1325453629181079554
1325421478058356736
1325555098764922880
1325534172316831746
1325587860100165636
1325537581472362496
1325341378767949827
1325513019502301184
1325529730334986240
1325445369040429058
1325361828898148353
1325419637018947584
1325516675953930240
1325522435819655172
1325356991020228608
1325466453311713281
1325419266255052800
1325482772849418241
1325505404953112577
1325431096599842816
1325562542056501248
1325461077946216448
1325336995967676417
1325457843156299786
1325469328330862595
1325452688147013637
1325499324944551936
1325262830401171460
1325348593180565505
1325467784151773184
1325248474145845249
1325563015207522304
1325307687517773824
1325378149866229760
1325336540906737665
1325405664097820673
1325536325655818240
1325404419513577472
1325533463844429824
1325458666527596545
1325310792544251905
1325344956492476416
1325543889525215237
1325461633154609153
1325387965057490946
1325357103821807619
1325487493723156481
1325542825577095174
1325392864612937735
1325514489069002753
1325506683871891456
1325419540264726529
1325372920936493056
1325366081838526468
1325484386561650688
1325460158592536577
1325508885927636992
1325509401256599552
1325459421342928899
1325447466028765184
1325511749743878145
1325384253966835715
1325466713379524614
1325470282375704577
1325576318335987716
1325548930956996609
1325425586723053568
1325505823477551104
1325393103952416768
1325358606456328192
1325414316003176450
1325458351594016768
1325512992881041408
1325513110036373505
1325351880453746689
1325373891204755456
1325400433096003584
1325322544233246720
1325497649156517889
1325373185920012289
1325407378175631361
1325247885580136448
1325553053680939008
1325396053718392833
1325558748077830145
1325490497129865216
1325402847098310658
1325356245658849282
1325323393479155712
1325397569640542209
1325365090372235268
1325418198284570627
1325437922498146305
1325358431000289281
1325413699176247296
1325461925837369350
1325499740428128257
1325337078331305989
1325361304102703104
1325454592000352257
1325486112501084160
1325549448211144704
1325497931068297216
1325404568931495936
1325326958264262656
1325504512010948611
1325454568604491776
1325494427914293249
1325430606075932672
1325511010539757568
1325338030861938688
1325513829569146880
1325459542285684736
1325425071679295493
1325544944627544066
1325500858130444289
1325507747845185536
1325345417169612800
1325361802667028481
1325562954725564417
1325316635255771138
1325560060572028928
1325434971364921348
1325403801298276352
1325405066501742592
1325338924324151296
1325389104956248064
1325498616857944064
1325384010315550720
1325362170813685769
1325433264702623745
1325537996444200960
1325407346986774529
1325406811504119809
1325462292662788098
1325411526988197891
1325495772041908231
1325303085686788096
1325332634524921857
1325400643511738369
1325583639896264704
1325494705887588355
1325468564430712832
1325431309209104384
1325503627444752387
1325373038393757696
1325565461694648321
1325488651183288321
1325409326043947014
1325551139551588353
1325560956466966534
1325359003963158528
1325552203805978624
1325455419448455169
1325572649515446272
1325376271354880000
1325356291842256896
1325456887874195457
1325564004945813504
1325526671378755584
1325521088420392961
1325359288823533569
1325559442520354819
1325441156268822529
1325431712382394374
1325356227614924801
1325508975778025472
1325375087504134144
1325556110607192067
1325387200402501634
1325544668453539845
1325490744690401281
1325503182605348864
1325474390390222850
1325378524765622273
1325353244416159744
1325529255602761748
1325346395176509440
1325323724434800641
1325469476708638720
1325454896481660929
1325387288461930499
1325294093950464001
1325548250124984322
1325539025097252864
1325434287987027968
1325368269902057472
1325381766421622790
1325413099084656640
1325551139807432705
1325519755944583168
1325392134606909440
1325549692646809603
1325349915090939905
1325508572923498499
1325475347366809605
1325499165493911552
1325548115965915137
1325431855584321538
1325361830995382274
1325410557663514631
1325337208954490880
1325567263609675781
1325432820437831681
1325542597822132224
1325398373244018693
1325313819216924672
1325409705108385792
1325378017481338881
1325499107117576194
1325379411814834177
1325269839569686531
1325570339204702210
1325423997966757889
1325354567580708864
1325375450114355200
1325413539616526340
1325462176866443265
1325430547116662785
1325558300121948160
1325432272925970433
1325445376145563650
1325493034679726083
1325370440164970496
1325478460375109632
1325375961932718080
1325528049526431744
1325499986109468674
1325478425142972418
1325516502636883972
1325369417165926400
1325379395394146304
1325339885935472642
1325473849471873024
1325373229637251073
1325248545180573697
1325464283501785089
1325512135372386309
1325415566937624577
1325392984670687232
1325499936939659271
1325375278525329408
1325567230348824582
1325541098203336704
1325526713095303168
1325495007978131459
1325467917836808196
1325452861703073792
1325441665474162696
1325374414372958209
1325527407923765254
1325460903555371009
1325543268847812608
1325422411873923072
1325410206134788097
1325380248469467137
1325436015746691073
1325492810175352832
1325409986391011328
1325431791927353350
1325358378416287744
1325432342903656448
1325403234589167617
1325336541401669633
1325556914814668801
1325256320367403008
1325488515447185409
1325346655328215040
1325549537231056897
1325231536111808512
1325360004862537730
1325448064732106754
1325247241007886336
1325457671089233920
1325388010796494848
1325495587412848647
1325327074383388672
1325451406652956672
1325235519408758785
1325564758788091904
1325417595646963713
1325368881339305985
1325369182163251201
1325449209630363648
1325370843250249729
1325473823735631880
1325411846682259456
1325476437651058688
1325338241470525440
1325524621542690816
1325444034949771264
1325355532325150720
1325273249954074625
1325465871188422657
1325375465633312768
1325496858425384962
1325446393981493248
1325517447227650048
1325587958314000385
1325576555490316288
1325490534887157761
1325559207995830274
1325435159546654720
1325456120819937285
1325472098618384384
1325470197667540995
1325442669598953479
1325550784986157057
1325546976637820929
1325248516189515776
1325417706888294400
1325534399241269250
1325361623830306816
1325512948928942082
1325417061644906497
1325378465219178497
1325479706741923842
1325374946441310208
1325563991226249217
1325390580235587585
1325479253257973760
1325389806789140480
1325373265246908416
1325555213990817792
1325455960064798726
1325371575185633287
1325374996022259717
1325491514039001089
1325512714769346560
1325549929012604928
1325503578841239552
1325441282370654210
1325370980462698501
1325477656503218176
1325517022235664384
1325249899701604352
1325431346760732672
1325470351644643331
1325489973483679747
1325378984725590016
1325391310925279235
1325478828752445440
1325306755853783046
1325386577258962944
1325467563237797891
1325464359955558400
1325402939326951425
1325420827500744705
1325484836711247875
1325447707935338498
1325475313074253825
1325397707914088448
1325373510571659264
1325409478867628033
1325489388910993415
1325469900316561409
1325380097906499584
1325269492071604224
1325368895050543104
1325468520206004224
1325491418484387841
1325539325069709315
1325508842252328960
1325478856480989184
1325432807913644034
1325413629588598785
1325396506661294081
1325587029237837824
1325405723312992256
1325519332345065478
1325444406175035394
1325329600176676864
1325477783099879424
1325532750074572800
1325542409581768705
1325236373654269952
1325523345975238657
1325350819374493696
1325473763895504896
1325457390284763136
1325496764355448833
1325448546124967936
1325499914902704129
1325479618124664832
1325233910855426053
1325396568644739076
1325379208454021120
1325544136364134403
1325542901451984896
1325439398616264710
1325509524971786256
1325515554699026434
1325405218247467010
1325453730838360065
1325434617894203399
1325549082476244992
1325494679799017472
1325513873097715713
1325461067150090240
1325387310385467392
1325453385982758912
1325441105475874816
1325392627781435396
1325487543182389249
1325473432767770624
1325550858092875776
1325260856230354944
1325369759211413504
1325466678998740992
1325546365208891392
1325583720779288576
1325570141179027466
1325383328963436544
1325511985237254145
1325359808044802048
1325450404239462401
1325548618934349824
1325558274893209601
1325540855160188933
1325366969613348870
1325342945713774592
1325432801194369027
1325440020954689538
1325533904032428032
1325502903671533569
1325397105322708997
1325228118412582913
1325238042592997376
1325390365785026560
1325499449737703434
1325528682430148609
1325520594830585857
1325560040619696128
1325445730274844676
1325365554606116865
1325490435280818180
1325408349828083712
1325557568333287425
1325368450378821632
1325544050712305666
1325444580796493827
1325498968311263234
1325510521756454919
1325479755462930439
1325482608512409601
1325483228669554689
1325388727926067201
1325448256332173312
1325420845427253253
1325508359865425921
1325464332143120386
1325504609817944064
1325454326819643393
1325444257268817922
1325393249759072256
1325462127092621312
1325450683206823941
1325403828808790017
1325534994845081600
1325432771532255233
1325497077170921488
1325521748096397312
1325549873224175616
1325423196431130627
1325483038583754755
1325419985695551488
1325472978797256704
1325377114108022784
1325360106532466688
1325347251317841920
1325450148433055747
1325414584132509697
1325267100668145664
1325465545144102912
1325472531994693634
1325448800220160000
1325372302205333504
1325519675686604800
1325425240378384386
1325419083219734529
1325516486547546112
1325432923693133825
1325465198363348993
1325382139643375616
1325530510974742528
1325504237724454918
1325519439761170435
1325400141143138307
1325338244939177984
1325459147991748611
1325509963662438407
1325521075283824640
1325444516086734848
1325451812636397570
1325550501992275968
1325432721389334529
1325386226954874880
1325526660846940164
1325472455419453441
1325402518655021057
1325356521602101249
1325472226162991105
1325505037477556224
1325510371747254281
1325399355159932929
1325555443763195906
1325567420602470400
1325576416436637696
1325560049129951233
1325479159632703490
1325381945287725058
1325431713745563648
1325382564610248704
1325478631712448513
1325534757887889410
1325542144128540673
1325388281144627202
1325429353421959169
1325436342143217664
1325543392554708992
1325357311280476161
1325512379615031299
1325408061176098816
1325554763837136896
1325550472548282369
1325373838398513152
1325480615635013635
1325485877003481090
1325401881833857024
1325373372881121280
1325482227996692481
1325483263645933570
1325479214490017795
1325489899508817922
1325554773307912193
1325364443321143297
1325521801322131458
1325459423511408641
1325424655432364032
1325431813846798336
1325472306957848577
1325275930353397760
1325377919200468992
1325348553959632896
1325410362641035267
1325453238846562307
1325369112697188353
1325471756614766592
1325540220641685507
1325459787878961153
1325514155214966784
1325383939100463104
1325545380809994241
1325479222962479110
1325234216825745408
1325515904810151936
1325433238173732864
1325413863584657408
1325420482959728641
1325483425470492673
1325470213803020288
1325525354149240832
1325463280047984641
1325431227344703488
1325531585702191104
1325415821334679552
1325392765761560576
1325504236055130133
1325568632567500807
1325469290913468422
1325471621172375552
1325418925228691456
1325520826402299905
1325476723501248513
1325449300386721794
1325319219471388672
1325242830768508929
1325482460902273024
1325468922410397696
1325386805366153217
1325492920749862913
1325402399662632963
1325441617055150081
1325499895952924674
1325423521489674241
1325462855555149825
1325576758595358721
1325532140176543746
1325550911821901824
1325395143713755136
1325430294632083457
1325538903596658696
1325576080338673664
1325498244449918980
1325535354951258116
1325384465443676161
1325501561456521221
1325472374217650176
1325381594786525184
1325361992044060672
1325403432862298113
1325455637258645504
1325482995827040257
1325370269863710720
1325382106734882819
1325430062439673862
1325551055703334912
1325426521260118016
1325477702359527424
1325575803321671680
1325506919549837313
1325542290270646274
1325420466148954112
1325430369068457985
1325416166232363009
1325512566475534336
1325370672877625344
1325500147636244482
1325519295829389312
1325423628578598913
1325419263298048002
1325419925670928386
1325385625265168386
1325443752534679555
1325391238141407232
1325484286745735173
1325496326935687168
1325496452878053376
1325374349348573187
1325437062284259336
1325463477645938689
1325548188581982213
1325452590411296769
1325241566399696896
1325453783191707648
1325480931294056450
1325505554102558721
1325525046392221696
1325226863296442371
1325547829625036806
1325442439562334208
1325466286797836296
1325397515483668486
1325458806520819714
1325458505420169223
1325437086514769922
1325478512069926912
1325444154491596800
1325283411255304194
1325358888443588609
1325482522227171330
1325530974881542146
1325335664909574146
1325392659175927810
1325335954077388800
1325507798365581314
1325508882584793088
1325425715387437059
1325457126093955073
1325551873307324417
1325394186355535872
1325453428596879363
1325438062277562374
1325473792479604736
1325476682870951939
1325456648031363072
1325474052723576836
1325496633761689601
1325394281453023233
1325520441885274119
1325373857507717122
1325517430198820868
1325457912488144896
1325410524583096320
1325539977191694336
1325534543709933569
1325463717321068551
1325562748122640386
1325358794063409153
1325497021785124865
1325453618309451776
1325445647944847360
1325400301105516544
1325442274336141313
1325385988579979269
1325256905976143872
1325454082199478272
1325357071232020482
1325585951096238084
1325345351994384384
1325558536827494404
1325428409107959809
1325580608681226240
1325445865394278400
1325495873342726149
1325464333615321088
1325431454713700352
1325581945972142082
1325425213555806214
1325354439935397888
1325526672511217667
1325546175810990081
1325458110593511424
1325245966698639361
1325443149548974080
1325502486589943808
1325477582670884864
1325512346832351232
1325420680918282242
1325290719851016192
1325492504771375104
1325543674139303940
1325458845154603009
1325382995407155201
1325423373128753155
1325415578908172290
1325250012356472833
1325341438838792192
1325455322761322497
1325438334773104646
1325361587251712000
1325336977202409472
1325496383655317504
1325484224573546498
1325566470676508672
1325514216401481729
1325554859454631936
1325472897582960647
1325568149870288902
1325482852797063168
1325504112511873024
1325491807304683520
1325432816092459009
1325421736914006016
1325407084050083840
1325252519669489665
1325450271095451648
1325447331882426368
1325402547230793728
1325367249906135040
1325232855493046273
1325455949109358593
1325558860275441678
1325334582128939009
1325373873584566273
1325382148447154176
1325436661182951427
1325488317043978240
1325521344067416065
1325419032435159040
1325559633264697345
1325410600017682432
1325456044701736968
1325252158665744398
1325372160815341568
1325384082797305857
1325449722765717505
1325419265067978754
1325300505447428096
1325515480946388993
1325386951982190592
1325388949674725380
1325460849440518144
1325557559177121792
1325376991441391618
1325267663724171265
1325387346804695040
1325465330374897665
1325525863576834069
1325477197138731008
1325370973470797826
1325436158692745217
1325526352024514560
1325527508511547393
1325463119708217344
1325550684482248706
1325362304872017920
1325379205840965632
1325449520822489088
1325395204791263232
1325247036371963905
1325341158311137280
1325541776564891649
1325346184278454278
1325509769747173376
1325359597612396544
1325344776544202754
1325494021331034112
1325417700643008512
1325380635146514434
1325430999812091905
1325377801646641153
1325480112758906887
1325508352944861186
1325474930302078979
1325442565831790592
1325372105404387329
1325380735109312512
1325521075959197696
1325476049732431873
1325551032995352577
1325501926390308865
1325550287545917445
1325561024641183744
1325547137007046658
1325577295826980865
1325554241319149568
1325516124126056449
1325533722280681474
1325576206079696896
1325507528483102722
1325496991737065478
1325492130853363714
1325390464275582976
1325439723289124864
1325472745291997185
1325425187668561926
1325483132708118529
1325434371357204486
1325431027582570496
1325412766623166465
1325300140186472449
1325412034436018176
1325452849938051072
1325454917830664198
1325465967846154242
1325511410856681482
1325498772235964416
1325484447295303681
1325401003190087682
1325491209519968257
1325552904623837189
1325463210724651017
1325389013189058560
1325443653582647298
1325442568025419776
1325566541040132102
1325548281779326976
1325466347162251266
1325360234605514754
1325472548054818817
1325526057135562752
1325348053532946432
1325486211952222209
1325363715131183104
1325472952394067969
1325475209449758728
1325334575992725504
1325516930854359043
1325440619007811585
1325382722727129088
1325454943617167361
1325452961510723584
1325393016979386371
1325528118203994120
1325588676013912064
1325558138603515907
1325519107979141122
1325449297194868736
1325488228527460357
1325373108979716103
1325332973210660864
1325490899003039746
1325554615534936065
1325519183778603010
1325464517199994882
1325332265178705920
1325461486093938689
1325518314148421634
1325375231633002497
1325393346592960513
1325561805570240514
1325372184601223170
1325463243289194497
1325533438103973889
1325483987662491649
1325365092075114498
1325257606127116288
1325540563425382400
1325473789149327360
1325561574476705793
1325325856319934464
1325465377619521537
1325468937237258240
1325557069810896896
1325465767131963392
1325405931895545856
1325535192145145856
1325408619580567554
1325403920609501184
1325494104017481730
1325500614302965760
1325370848392437760
1325454317072084994
1325508374499368965
1325464762138980352
1325450713342816256
1325555548864000002
1325432538203103233
1325571876043825152
1325561038847217664
1325513827224604672
1325336588986036224
1325484896710782984
1325426410144620544
1325385920091131904
1325552498913009664
1325504497460899840
1325568238336561152
1325402893512531968
1325500288703340545
1325387517630308352
1325317398002610176
1325469375332290560
1325369763711868929
1325477734471127042
1325481248068866048
1325488545646190598
1325354356967944193
1325486628849266688
1325459978136772608
1325434765533712387
1325337693107220480
1325435967864528896
1325386449471086593
1325532819200888832
1325495714097496064
1325559776382693379
1325407044468416513
1325437840705130497
1325467363903463425
1325482938717401088
1325371496152387585
1325470429977448450
1325415306232270849
1325465483320193026
1325515084748255233
1325545409855500289
1325525146766106630
1325364399993925634
1325544940471005185
1325453881036451840
1325453239047909376
1325567909083672582
1325479348296671239
1325462034675339267
1325385867213631488
1325395219999842304
1325415695199449090
1325398300032458752
1325439718331469826
1325486245204537344
1325510842562080773
1325466555988185091
1325400102689796097
1325348468294967297
1325468273782222849
1325521869383069697
1325512907401154561
1325543017617436675
1325492255927496705
1325467547559452673
1325562037146181634
1325522741475364865
1325519063972413440
1325539198552711168
1325541361815351296
1325397304686374912
1325445017297702918
1325459168879316993
1325335432473743360
1325472249101635590
1325460735405797377
1325422865471188992
1325452170855141377
1325486087784030208
1325557681197903873
1325401787684315139
1325516944087379968
1325390349238415366
1325477322124824577
1325357840496795648
1325415034982440960
1325489183071342592
1325535626075267075
1325522318446170117
1325435953511600131
1325429576852512768
1325374025405751297
1325412891609214977
1325397516620353536
1325563422449295360
1325578945107013633
1325534507433390085
1325398016912723970
1325519096931377153
1325473915897061377
1325483698029031424
1325512883237773314
1325448487119556613
1325430183172706311
1325534842860212228
1325386646393589761
1325447150252208128
1325411107125780482
1325405872558845953
1325461038544916480
1325390864085094400
1325409257840386048
1325493138862067712
1325580500413583360
1325505722378018816
1325246300674265090
1325545867043102720
1325392287237611520
1325531064174071813
1325444113777438728
1325362899670458368
1325353765575274496
1325549236310700032
1325393983770652673
1325235627802103814
1325444008261394435
1325455675003113474
1325549719783952386
1325455603293184003
1325334221070675968
1325494933449564162
1325454875778551809
1325483783626383362
1325382384271896576
1325380552401301506
1325392932267024389
1325421884868079618
1325427041311875074
1325491890859487232
1325361466246094848
1325435357928845318
1325404093960089600
1325559615937974279
1325549756773527553
1325368419542327297
1325374809098899462
1325379621492305923
1325459571163410433
1325542710078484483
1325506714125410306
1325572354358063111
1325340875585630209
1325583967454699520
1325565807510827014
1325541391846547456
1325433043415420928
1325354351217569792
1325550756615888896
1325551641769160705
1325564079474405377
1325437317583163392
1325501062011293696
1325452644698238976
1325373070975131648
1325477326143021057
1325458990352961537
1325477958388232193
1325546434863706116
1325534741538492417
1325341092443795457
1325494530750246913
1325336442848112641
1325401361446543360
1325473096745299969
1325532646819196928
1325469419389259777
1325391104066408451
1325479528135860224
1325389625976889346
1325541811025293313
1325453596855504896
1325519159170568192
1325530690495066115
1325282567029972992
1325406162070671361
1325396709325856768
1325543366365491200
1325261792134782977
1325433276685836289
1325440499604463616
1325528728005390336
1325374280402604032
1325500435613044744
1325490248210653184
1325339964150865923
1325468020148461568
1325502846629007361
1325532821516144642
1325532350600663041
1325537200382074882
1325396003780845568
1325458902931136513
1325469535399530501
1325313265380024320
1325411806316204032
1325335949774098433
1325442352375341056
1325571456189796359
1325588283875856392
1325243411394387970
1325509212517097479
1325474174031306753
1325560124212121600
1325481066795311105
1325460044738072578
1325429626076876803
1325376718241198080
1325451726040801284
1325303258731204608
1325546257914400771
1325456981298192386
1325513794257346566
1325417038093934592
1325483789498404865
1325484751868862465
1325506656118198273
1325452441400303617
1325481344814735361
1325470520884809735
1325475162943336450
1325371237951041537
1325474355657183232
1325381984013651968
1325395151028629504
1325430554439933952
1325560604803936260
1325366623138701313
1325423179041550336
1325339806889627648
1325245496731054080
1325500057832001537
1325389025197383682
1325405586268311553
1325422580531146755
1325567250305323009
1325398880897347584
1325340991767851009
1325549278459203585
1325357283388297216
1325396733501825027
1325444518200696832
1325453687737737222
1325487975262793728
1325553653034397701
1325387307990601732
1325469999201398788
1325391771489198080
1325425690531991558
1325343918561632256
1325411815044636675
1325524827923472384
1325421703250518016
1325329632913219587
1325497307136221185
1325386796377706497
1325431009328947200
1325429430366445568
1325425853849853952
1325445536254550016
1325381691108691969
1325461253444268032
1325436173934845955
1325489140864049152
1325546625532616708
1325523758329827337
1325444767002583041
1325547128505036800
1325566867541553157
1325479315908288513
1325552138546712576
1325472621585195011
1325499328362901509
1325384664866037760
1325578386996072449
1325431096310439936
1325463977225297920
1325228784413446147
1325386893706596356
1325359876789440512
1325482341683355649
1325395627623260160
1325378202420834305
1325346720482521089
1325534777240416256
1325442932422430721
1325477725696614401
1325251939379142656
1325510781639778305
1325468355541786627
1325244177412739072
1325391980361342976
1325334614278361089
1325325015328432128
1325376392113041409
1325393940191834112
1325552063712026627
1325551183596056578
1325520050657353730
1325494196187312138
1325491502491955202
1325320711188176901
1325482628271779842
1325370807225364480
1325564388137463808
1325532068625911808
1325474965232230402
1325484058701422593
1325466301708570626
1325567369641680896
1325497918753820673
1325513285853188097
1325341246462844931
1325490736834424832
1325362204816891904
1325574102963384327
1325511600162344960
1325513000158175240
1325560249055670272
1325228248989634564
1325588351232172035
1325522678023933965
1325416586325454849
1325361015169683456
1325531477640171520
1325357659952996352
1325388595016953858
1325477802469154818
1325415555239710721
1325362690580230144
1325329797342441472
1325543616949989386
