1324240694974754817
1324299047788830720
1324153219715653632
1324379099859746816
1324375839476166656
1324377212213223425
1324295526301409282
1324355724860887040
1324237510063448064
1324267179265662976
1324368026746130433
1324288526972833792
1324290827288457219
1324457412858970121
1324419711669514244
1324298003751096320
1324265904679591939
1324331455875600387
1324301527482327041
1324310998027771906
1324453945851432960
1324348828267532288
1324307327361703936
1324310412054155269
1324339743572795393
1324297667992838150
1324392009025683456
1324467944915697664
1324297147496472576
1324268716952047616
1324466815351824389
1324439775609237504
1324374921154195457
1324292617610366979
1324381719668137986
1324252194229620736
1324276744304664577
1324286922118844417
1324405596037255180
1324271080119373825
1324343966016413696
1324248637535375360
1324400459080179712
1324418141515141120
1324455970379018240
1324306319885639680
1324307729788403712
1324319136885952513
1324374724231761931
1324467779735556096
1324398170248544257
1324314963775754240
1324378963406442498
1324439043329921024
1324372348095614976
1324415810085941255
1324464913499201536
1324489826192809986
1324304339775725568
1324485462476623881
1324409213087551489
1324335204278898689
1324301706851721217
1324270694843273216
1324278314870165505
1324388649027407876
1324370836787208193
1324341193652711424
1324357205890682881
1324295168099495936
1324142483907977221
1324485731197267968
1324320213639303168
1324500816049426440
1324313764435546112
1324472741509169152
1324434196048322561
1324454600020283395
1324333759332757505
1324284182126841862
1324299360411279360
1324383607713112070
1324352109886742528
1324378866673209346
1324377540484567040
1324473680920039432
1324143112298659847
1324280684173811714
1324392162503630852
1324250304389500928
1324144839370383363
1324395227893956612
1324269078857601025
1324400368420294657
1324472337849266178
1324242337539805184
1324366771294523392
1324276421771014144
1324367623912591362
1324462758746869763
1324339491750977536
1324353022215004161
1324368957260922880
1324425983747891202
1324414922432958464
1324412154565562369
1324318582294065152
1324379786425356291
1324473420155899908
1324328127829520384
1324467481138913286
1324370637364830208
1324389046131503105
1324260156142718976
1324239076443201538
1324491841757204480
1324462015054831616
1324239613066727427
1324370964671508480
1324423198075703298
1324449169361248263
1324336004946382851
1324417593881595906
1324467165349773315
1324333449466040331
1324414719915077632
1324341990625038337
1324261518133874689
1324480246280785923
1324415519601078274
1324416466146496520
1324258703235780608
1324326912240590849
1324308825227333632
1324286680371703812
1324436724869701632
1324441586361683971
1324392563315482626
1324347063015034881
1324430943818493952
1324335420751126536
1324439158690140160
1324476097011060738
1324295510367170560
1324276311054049280
1324335271807246338
1324413716822138880
1324436680208715777
1324405117685256196
1324415821897175042
1324473685852475392
1324226179239469057
1324320648592793600
1324330644693012480
1324365155640201219
1324147641127702528
1324300422023122945
1324435121139834881
1324261903733055488
1324448076694720514
1324441364352929792
1324315239945510912
1324270570142400513
1324466779448578055
1324452368046526472
1324326804899962880
1324451772438614017
1324305009337618432
1324281932809670657
1324167055092948992
1324378318448349184
1324465950352199682
1324245283828629505
1324249555278376960
1324467921553338370
1324355089612591105
1324270501305475074
1324301953740976128
1324480125711327232
1324316763052511233
1324416348533985280
1324321410202902528
1324384112237547521
1324255185246527488
1324427491583340545
1324401076913774593
1324392729971953667
1324281239734538240
1324351878793146368
1324469808109359106
1324426011795214338
1324174755868610560
1324439421471596545
1324217704623054849
1324470926671532032
1324270430341996544
1324377566136934404
1324481057614401536
1324351211177390080
1324299832941563905
1324254971232161792
1324267936576581632
1324499481933553667
1324261191749947394
1324247841347379201
1324475479605321728
1324339689441120256
1324433661052260352
1324379388666875906
1324439765257723906
1324392482940092417
1324282085167738880
1324421253814538242
1324478674289217537
1324308477641138176
1324439190382272513
1324372013511823361
1324276022821441536
1324338005872697347
1324460615172157440
1324371681650135040
1324360389262528514
1324310269779169280
1324418776184619010
1324441474814148611
1324214097844555777
1324405465623764992
1324306220761702400
1324448495948959747
1324466195538599936
1324464758972686336
1324439326885875712
1324383049312833540
1324480889057927168
1324245346890010624
1324314159929085953
1324246745769979905
1324377446490214401
1324255866896457729
1324339046672453633
1324453171872387072
1324441087759519745
1324319065775767558
1324363781875634176
1324459435788587014
1324346946182619137
1324401631241347074
1324339750279458818
1324459489110728704
1324287358007652352
1324399008748634114
1324310183040978946
1324258734512754689
1324255128308879361
1324486064577327105
1324478053234417666
1324146265605738497
1324374001058238466
1324152261476524034
1324387562031587328
1324261238625521665
1324457111192018945
1324289781342359552
1324411207613403138
1324277533110640641
1324451555890921472
1324456447787356166
1324154244551856128
1324470628045463553
1324396101118689281
1324403326608429056
1324394253108318214
1324349539848015880
1324435748414775296
1324377309953069056
1324335730450157568
1324473684275462149
1324167958571192321
1324221527542419457
1324331542894858242
1324364758427029506
1324268626095050753
1324226468231237632
1324363558029852673
1324277541344055296
1324412934441836545
1324487924604375042
1324395291013980160
1324384986036899841
1324467625825619971
1324240768425447424
1324314762906394625
1324323040600166400
1324356739542732801
1324401213534851075
1324436887076016128
1324352052739383297
1324248889684299776
1324267157174308865
1324312856955858945
1324341756394164229
1324457186928562177
1324439745250938881
1324283192828923904
1324357152174186497
1324290654600601600
1324277130784575491
1324269859203670017
1324415218823405568
1324447213058248704
1324448597295943680
1324380000745828353
1324438170302357504
1324474957452222465
1324400340951834641
1324320237282562048
1324326095710232576
1324312067587846147
1324443363102380032
1324418569686425606
1324298224346292225
1324402369396908034
1324235961988009986
1324408858048106496
1324317932508401664
1324279314666475521
1324414090245275651
1324483986039676932
1324300247892430851
1324456203414589440
1324335854106587137
1324344151333347330
1324317288112267267
1324394316534587396
1324378025429995520
1324428038289924097
1324454950311763968
1324398475971301377
1324386026148814851
1324369017759518721
1324399200810008576
1324435957555355648
1324224910756032512
1324327246379814917
1324140360264765440
1324382691253493760
1324427156286509056
1324410295805161472
1324460344010563584
1324427942320082944
1324485653585924098
1324306208153575425
1324397297153806341
1324322670771609602
1324336342147452928
1324405170495721472
1324425892538535936
1324348808751439872
1324241294424711169
1324479934484652032
1324325175974907904
1324472595404775428
1324213231196512256
1324422232110698504
1324314103880495111
1324501726490202112
1324434714711724033
1324443053608914944
1324252117855543296
1324325801928597505
1324468890974461956
1324339558134239232
1324473702373875718
1324322740485136391
1324407339601022977
1324493618900537353
1324438891445760001
1324271214391627777
1324286406987046912
1324410014157705220
1324464136084926464
1324440360161103880
1324427404916477952
1324491188041326593
1324462530316685314
1324401551633506310
1324254970456276992
1324386824253485056
1324459192112001025
1324372022223343617
1324439809671221252
1324301090549092353
1324399513176592387
1324264776969736192
1324352811228925953
1324287306493296640
1324472671510450179
1324306490665148419
1324478146192789516
1324418921001295880
1324422573992611853
1324267075880308737
1324431736319725568
1324351070869618688
1324408906555236360
1324471990594506756
1324247063723474945
1324257449046659073
1324272417003495424
1324171777858293762
1324294303846420480
1324438815428194305
1324294451372658688
1324465449275445252
1324238931974672384
1324395468986683392
1324268259194114053
1324408132219580423
1324452860684361728
1324417902846554116
1324302207358033920
1324249617756835841
1324292079682572294
1324376677917560834
1324376357565063169
1324246704212697088
1324339540476203009
1324479000111177728
1324349853934231560
1324429570192322562
1324437673780674563
1324343204423094273
1324353372418433027
1324486929140850688
1324417436783968260
1324140163249938433
1324395992054145025
1324385771168636929
1324387242744401920
1324344235538219008
1324462996089933825
1324377009884143616
1324486182768726018
1324455901135310849
1324455734185254912
1324316121814732800
1324407573899075585
1324407410656763912
1324281965869223936
1324439941074616323
1324287344179118080
1324149034731376640
1324235398923603968
1324336416768360450
1324320458456653824
1324411574325551109
1324494360092827649
1324488597005914113
1324487306565308416
1324231176798851072
1324381723883376642
1324233543569068032
1324346563741831168
1324318910573924353
1324373605912903680
1324471598154473477
1324336557403344896
1324441159939379201
1324414905852841986
1324430302199111683
1324241636117893120
1324410812753186818
1324234893203787777
1324383159467839491
1324448045967224838
1324247524761284608
1324397359296598018
1324385970360377348
1324277014828896256
1324477847453331458
1324318639064055810
1324411026792714240
1324404137811939334
1324262519033221121
1324291645072908288
1324260165185642499
1324454927704444929
1324311728914636800
1324333489249046530
1324455757446860800
1324439285563609088
1324328500510285824
1324490394248294404
1324300856230060032
1324429592627761154
1324473693356150785
1324270003923898368
1324458777001758722
1324466891306553344
1324250647575879680
1324473690575249411
1324397720656904199
1324282986964070403
1324395951226834945
1324389781124632576
1324364586355744768
1324300741926965248
1324368352442257408
1324200544165122048
1324426346957852672
1324400343577464839
1324476941437722625
1324446481458302976
1324245131629940737
1324483707374325760
1324315307532603399
1324394276915216384
1324340887099478016
1324216317755445248
1324318973861765120
1324141733823827972
1324460352097165312
1324437599260450824
1324442125120000000
1324457348602220545
1324365359416303616
1324324511555194880
1324233483577921536
1324411276798418944
1324295114974470149
1324461698422611975
1324499005011828737
1324352840341532676
1324423944326303746
1324446436788969474
1324357853767979008
1324441797096034306
1324474790988681217
1324261355386523648
1324483452201275404
1324461209194737664
1324419248538701824
1324404833156288514
1324289070361645056
1324414241521229828
1324417414629593090
1324386835414528001
1324226222050758657
1324300147887607809
1324346350906056710
1324241407113134081
1324250962819690496
1324391075352580096
1324361325120786432
1324419190443356161
1324320288629268483
1324288906792239104
1324339434549088257
1324374342327767042
1324256306501427202
1324289924586213382
1324263673842597888
1324422845724844032
1324301153362833408
1324175132143878145
1324500039843139584
1324301833142259718
1324436553058390016
1324340808967983105
1324140946515177473
1324434458515222528
1324424860613967872
1324484183511736330
1324421625069117440
1324468900097069057
1324380145243820032
1324423263502667776
1324252073928593408
1324276027670089728
1324225785977278465
1324441875655364614
1324403126477180934
1324325827404845056
1324320630846722048
1324365067123654659
1324460234207825920
1324410054444044293
1324337942341558273
1324275702141718531
1324416567619293190
1324343942951874560
1324414890757554179
1324440191675834369
1324498698387267584
1324296656490270720
1324390198021685250
1324255397105061889
1324283271849611264
1324458082991280131
1324486766817120256
1324438254377144323
1324412408614526977
1324261873274019840
1324382807280525315
1324500289710415874
1324468482596065281
1324301128293601281
1324456772145393665
1324296624311586816
1324418760200126465
1324314376002822145
1324355819752755200
1324467201026371584
1324332818349072385
1324356653542756358
1324291728690630656
1324382799072268289
1324422967422582784
1324401647385280514
1324344435220619264
1324445840916815873
1324446011759202304
1324290875644538880
1324320666984873992
1324281367740534785
1324442174390415361
1324409744010973185
1324320861088788480
1324376492109926403
1324394268740489216
1324418316782477313
1324410020516212737
1324325030944251906
1324420857435987968
1324274892695621632
1324378200428941312
1324310194768224256
1324393353472081920
1324459329970458629
1324426742891687945
1324317692988411904
1324153540961542145
1324353239417004032
1324404637286486017
1324396017966600194
1324383337453158400
1324310623962996737
1324301036031483905
1324299429281779712
1324320051751780352
1324441837415911425
1324362453833187330
1324460910094725125
1324417250942722050
1324309717573865473
1324433509373587458
1324348862715277312
1324476414041722881
1324284494665392128
1324486648151838720
1324320631127769092
1324296417830146048
1324260938015481856
1324403452064256001
1324454022653378560
1324498361496465408
1324234684793053184
1324447721818869760
1324437120719769605
1324293714261528576
1324440418059198466
1324414732560982021
1324470669204226050
1324274518534344704
1324442736150401025
1324325713424633856
1324412014970757123
1324380413821857795
1324244052586471424
1324473752336375808
1324465867854385152
1324218047234740224
1324423314035671041
1324282863416713218
1324276641783336962
1324371730362748930
1324257583352451073
1324225595073568768
1324462607076675584
1324450571009597441
1324389372381286400
1324312545772118017
1324471004840775683
1324207167323463680
1324435315461885960
1324440844422832130
1324337867867508737
1324339857372680193
1324375815228952576
1324395059060637697
1324269695827169280
1324430055976652801
1324460347126878208
1324280552363610112
1324437382603644928
1324487883957391360
1324462952754413570
1324347722888085505
1324473687685423104
1324241190661869569
1324451634181791751
1324422698831892481
1324257805495422977
1324396214159396875
1324349096526782465
1324463601533571072
1324296247822475264
1324481951307304969
1324423249913126912
1324333206754177026
1324196135997755392
1324398962263138307
1324290512799621120
1324303539406053377
1324233126219010049
1324446755937832964
1324372872350044160
1324465286192529414
1324420421370941442
1324145061806985217
1324322391187726338
1324378994859454468
1324465290332221441
1324454389399126021
1324500141106233344
1324291401736179713
1324376018413604866
1324487771319390208
1324387242916388864
1324437469136388096
1324254298847563777
1324202545426788353
1324463517437726722
1324439658986672128
1324370864037646336
1324213621338103809
1324235890269523969
1324281848256745472
1324253687670284288
1324410458619740161
1324289383495852032
1324275145255649280
1324361605665181698
1324201503238873090
1324381375273836546
1324432856962260995
1324390511461998593
1324213606209245184
1324261667765653504
1324371023433732096
1324269216116125696
1324305097225023491
1324476679482462208
1324480651349938177
1324276940740743173
1324318810493640705
1324407899783942146
1324437402086236160
1324379586277314560
1324310551271530496
1324418012447952897
1324292994875490305
1324460139513040898
1324388348765622272
1324282247713902593
1324234932936429568
1324317758407008257
1324225104818163714
1324261458864201729
1324391881288155138
1324477810212261891
1324467848891215875
1324442904513884161
1324256103732006912
1324298414746685440
1324417601917849600
1324330735835099139
1324297815783297027
1324423354540064768
1324271497188356096
1324368135508688899
1324447995212009473
1324350328083460097
1324322396711620608
1324432117397442562
1324310732356390913
1324455715122143232
1324281221946507266
1324445379258163201
1324432518280609795
1324451856442183680
1324246085179723779
1324413660761104385
1324415307931389953
1324298315517829120
1324282976356782081
1324244237865680896
1324159858757849093
1324363588321103873
1324367199310663681
1324310547668619266
1324440962131730438
1324445895509843971
1324458037805985792
1324357564000169984
1324425833918943232
1324387730277748736
1324416443933446144
1324424329149452297
1324472903547736067
1324482085504036869
1324287842672103424
1324331288401268738
1324418421338099715
1324348322262470658
1324398322254229505
1324289148455444482
1324413093452091395
1324325741425774594
1324428297082687488
1324468020266356736
1324327436943806464
1324312854141505537
1324255253160775680
1324451162972692483
1324213638727696387
1324382689789706242
1324272591469744129
1324426998522040320
1324419388708106244
1324266710434779141
1324431680967446529
1324458729622933510
1324437378199683072
1324436203081519104
1324418830492467204
1324299186540597250
1324334273634144260
1324424320437858304
1324417099477983233
1324258295608184833
1324446918550966273
1324429163017703424
1324468727098781698
1324309384609042434
1324484768612974594
1324236733370847233
1324284885989838848
1324390729809121280
1324192226499612672
1324484557463314432
1324450480148385793
1324208374788034560
1324150442587140096
1324282833725214721
1324294400474705920
1324413911551062016
1324402256008151040
1324330842504790016
1324354975615590401
1324240557238030337
1324203227215220736
1324341630598553600
1324247491689254912
1324268290122878976
1324431362443587591
1324480549050867713
1324406476874633219
1324388282327834625
1324264804194881541
1324306533660938242
1324425279553654784
1324293798126649344
1324195882758217728
1324424637485322242
1324355912715423744
1324258702241730560
1324418655199911936
1324267444911984640
1324251595635331073
1324382921952763905
1324442510865895424
1324391971679588352
1324191817957605376
1324382968643788802
1324332428828266496
1324383211892445187
1324415090792288256
1324478205294710784
1324472380413124608
1324383107856871433
1324315897872453632
1324395744934113281
1324393623320961024
1324255897649061888
1324236768833605632
1324284019295617024
1324416164190162944
1324369197732925443
1324446362444980225
1324453336398073857
1324452523726512136
1324328914081271809
1324291565469208576
1324260749276024837
1324298354529083392
1324238700642029571
1324371418939822080
1324297000221855744
1324462944080613379
1324469662256713731
1324404982460915725
1324443750526050305
1324392365486936065
1324442434437287936
1324408418095009794
1324462797850398729
1324431712328290309
1324395613304270848
1324415708407701504
1324374526726197249
1324415748475887616
1324239242906783744
1324309557548617728
1324450633211138051
1324438190426566660
1324269861103640577
1324436214481604613
1324378946213941252
1324384876515262465
1324462347243659266
1324290977759141889
1324296888548495361
1324295169970229248
1324477078893481985
1324401711235125251
1324322966960775168
1324388680476352513
1324295467505766401
1324299688288333827
1324422877710606339
1324227465577963520
1324352571885178883
1324394215527383040
1324453402907189248
1324356147948756995
1324353953597952003
1324201944081141764
1324455825432289283
1324263723222110208
1324250637882826752
1324443865756172289
1324453418644180993
1324383477706444800
1324454535729958914
1324459567355482113
1324282978873286656
1324389489444347909
1324446249509146631
1324491610697142277
1324290009596387328
1324448078234030083
1324318132564099072
1324444125366755328
1324380758316900353
1324476692690251776
1324334095669874690
1324286312535523333
1324377534763585536
1324390709080842240
1324385425155223557
1324445640772980738
1324322407553916931
1324348285306490881
1324446920023093248
1324465445391474691
1324390453916192768
1324298104083042306
1324263988377640960
1324450686197731330
1324484887261417472
1324270300524150785
1324402849778855936
1324253133627920389
1324225216357216261
1324392076734308352
1324425421660790784
1324460170546761729
1324496978785394688
1324236603775176704
1324431140174909443
1324350851687849986
1324291640014606336
1324447230716219395
1324380062855081988
1324404596274536449
1324173287467982854
1324440079239098368
1324343552676081665
1324414553426399233
1324475981571198981
1324386781547122690
1324264725526515712
1324409127855149060
1324396330731581441
1324355703369277440
1324401931977183233
1324287421735936000
1324404294775382017
1324404098381320194
1324374053784793089
1324273389184438275
1324382229473185793
1324418275942584320
1324375137563660289
1324223936574480385
1324406444830138370
1324297313041281024
1324268591689203714
1324263635070390273
1324283981874028544
1324466557771198471
1324424088404844544
1324418368624054272
1324446703806828550
1324394237375483906
1324302750977589249
1324498934841200640
1324435861572853760
1324428793679929344
1324290228870356995
1324294721813073922
1324443562218541056
1324410901085233152
1324201706335444994
1324200850244440064
1324432907189080070
1324472252910477314
1324490707621601281
1324271190349930497
1324275602787106822
1324319136156131328
1324232976046149633
1324470507232759808
1324346498235179008
1324393291450847241
1324442097341136899
1324310892524277760
1324492582106312704
1324432965984833536
1324434043438534656
1324362824420831233
1324371743239266313
1324332090477875201
1324372133234020356
1324465345445449728
1324386973990162432
1324454588787949569
1324464274924838916
1324338868074762241
1324428349855440902
1324334040506421250
1324376818351296518
1324417519021658112
1324462800421507075
1324249852075802625
1324283496085467137
1324438073468461058
1324417577100206081
1324460345591779330
1324315518417907713
1324252262420615169
1324314001099075584
1324435608358526977
1324177132839424001
1324218546386292736
1324327982899580928
1324291789877108738
1324355162069213184
1324414833849180161
1324467244760551424
1324448072055857152
1324470062426824704
1324311443097923585
1324459580726935553
1324324308609601536
1324437028365340674
1324398732071284736
1324484456166629381
1324199112288456706
1324440819789692928
1324333508119113728
1324500972631134211
1324395503476461568
1324272865957580800
1324329641084096512
1324322209180143618
1324278203117166592
1324331355640123392
1324460166281109505
1324332282229018624
1324410068897509377
1324265253853679616
1324330180802994181
1324345409339351044
1324439733443985408
1324410726539239424
1324473971685863429
1324228182933970944
1324324445310324737
1324442997551960064
1324336513837158400
1324485868430729218
1324392625600929792
1324475860523560960
1324245853939343360
1324422506145554432
1324384498478391302
1324303703818592256
1324424296203247617
1324320757690830849
1324442206472732672
1324384941740883968
1324486632087715842
1324264219265695746
1324334109779439616
1324471333892349953
1324462117811048449
1324309925103865857
1324444850100592648
1324310326746243072
1324256715022520320
1324417466366369794
1324230119330844672
1324271249967730688
1324395763640770569
1324238583050416129
1324350164212088833
1324459858565996548
1324438743663738880
1324245061228322816
1324464627292524548
1324264552880578563
1324439961718923265
1324357434815688705
1324325704922730499
1324387277141889025
1324398337823510528
1324356693233381381
1324403280928247809
1324233355194474497
1324143150630375425
1324437503219322880
1324443264834035712
1324458710853394433
1324295921702739969
1324433941005291526
1324258156621500416
1324378820917559299
1324378028043128834
1324226149887725568
1324277522230661120
1324479015739162627
1324313812133203968
1324406494461366272
1324430834921803776
1324351121159266306
1324459920155136000
1324243860562784256
1324437130018459650
1324456480066719746
1324337924763246592
1324308177253486595
1324434928663207936
1324416575345172482
1324495632925663232
1324368880547074048
1324459387596034049
1324225586873683969
1324403775260499970
1324224082578186240
1324309741246578688
1324418626254983168
1324462524180385798
1324393949814050817
1324378186331934722
1324259620702035968
1324389771272200192
1324466540796891136
1324404186927271936
1324444962042351619
1324491799977725959
1324457329417486343
1324243375047036930
1324475530050154498
1324388697236791296
1324487332599369736
1324266735395098626
1324374235037470725
1324440625148841986
1324463074913492993
1324450199419445250
1324469291224305664
1324292938562678784
1324486666539704321
1324487680772710400
1324274523059986432
1324400698101039105
1324311979142557696
1324362504789741569
1324323962428526595
1324329051834732544
1324343787280306179
1324442270083522562
1324419273180258306
1324361250051104769
1324489793494044672
1324239543181213697
1324500221276135424
1324455385953165314
1324267032284700673
1324429513334394882
1324393791172812801
1324283003732983809
1324155642656022529
1324412675179372545
1324292636371415041
1324250045739372544
1324423936587767812
1324457473143701510
1324232976004272129
1324436089034182659
1324415899441483776
1324462878913646594
1324296529058869248
1324486897989787648
1324416695855964160
1324294872258498560
1324289612529938437
1324259871395631105
1324485248374185984
1324149772601753600
1324415992144011264
1324440139716808706
1324424872408342528
1324312738097745922
1324356272620249097
1324280319869149184
1324332387954806789
1324350743910977536
1324471805592166400
1324376525349801985
1324329476352811008
1324316035496005634
1324350378817802241
1324415947260788738
1324430531950481408
1324466643251175425
1324242394108338177
1324425789966815240
1324387043271729152
1324271012574277637
1324255666207363073
1324422764816715777
1324379719278731264
1324426561139998723
1324305548687351808
1324304599772205059
1324308038854074368
1324263439422861312
1324246325303615488
1324454321719836677
1324460849554202634
1324260597555486722
1324473703778967552
1324491480522723328
1324418359195324419
1324455635572920326
1324268677169090561
1324478649513451520
1324487806828318727
1324455775130034176
1324259073827786752
1324298034172362752
1324320408200486912
1324144535501479937
1324312435881320449
1324468497490104320
1324287584617570304
1324304369400107009
1324378304909029377
1324374920982388736
1324395770565562374
1324429354294775808
1324273583363891200
1324466522773966848
1324327451552587777
1324402075510411264
1324309061693775872
1324349849941299202
1324350614139244544
1324417778854645766
1324302821802594304
1324212985754255360
1324305381875687424
1324365984254226436
1324360309448998912
1324298634578591746
1324313479994638336
1324400796499365895
1324353524004737027
1324323526787112960
1324321712901513217
1324406505509163010
1324252085609766912
1324365622017466375
1324270746168864769
1324321233924689920
1324372486583128064
1324271655787601920
1324491498889641987
1324274666375155718
1324406695259496449
1324452647747932163
1324393173683179520
1324258044537167872
1324285732115091457
1324281441275039744
1324428346164432896
1324492869038710785
1324417323667726341
1324447473876828162
1324267060269060096
1324406915405881345
1324485017683283971
1324394284435574785
1324312357108154370
1324343925507821570
1324284515527860225
1324292392359526402
1324208294156750848
1324424808642260993
1324447610573365249
1324341007585021954
1324464287134474245
1324302105558065152
1324474433692729346
1324414682040619009
1324450031638818816
1324354554671046657
1324367127286042624
1324352354871894016
1324299851702697984
1324440672238292992
1324419713749975041
1324310334585397250
1324416714457686018
1324301795112439810
1324400396627038208
1324391206713962499
1324263328877862912
1324321196998037504
1324268877556187136
1324376792736694274
1324414716429697024
1324435066064457731
1324280182899908608
1324388958541926401
1324430809173008384
1324265108420395013
1324264808846397440
1324325456104071170
1324429465208954882
1324290420474630151
1324276342364512257
1324339125680545793
1324379489451888642
1324428224412209153
1324437475176157187
1324451522646888448
1324334682469793792
1324449667128713219
1324407070855208961
1324400480521457671
1324456660065243137
1324402512645017603
1324487412135972867
1324473856061571078
1324474042884231168
1324323488891633664
1324487900860481536
1324339968878280706
1324261080164716544
1324369681243918338
1324423943332237313
1324332329679147009
1324340938420953088
1324375432330944513
1324462845053014019
1324250639917043714
1324378365684535296
1324367627133833224
1324416063661056000
1324434258862157826
1324482951942414337
1324384324460908545
1324166000745598979
1324450919006830592
1324274012906729472
1324415414881890305
1324418947408662528
1324457618547552256
1324375034060787713
1324283839796174848
1324313652049170433
1324413997320441856
1324450757442154498
1324378791184158730
1324228444692058114
1324146071908634625
1324235828399382529
1324269971686543361
1324360656804630530
1324313792122130434
1324469100136026112
1324430355101896707
1324396048060743681
1324391609711079429
1324329821103624194
1324495338833629185
1324275721041227777
1324314899628122112
1324381768561139713
1324408607811751943
1324364145723117571
1324276659646828546
1324392854031114240
1324438114513932288
1324421756275359745
1324409263498924034
1324242640846659585
1324230485174820864
1324293866988646404
1324470402941411334
1324327134207291394
1324382185059684353
1324412882738663428
1324434702229479427
1324476315924312068
1324416966082371584
1324402376078405640
1324295001237540866
1324389512366141445
1324379606581944326
1324413754633760769
1324425531920732161
1324433159778406403
1324413294866739201
1324319798742945792
1324461111043870723
1324374703541231616
1324438744955555841
1324493706150502401
1324403688060952578
1324426090081886208
1324477792982097924
1324360195791867904
1324256096631095306
1324439179636449282
1324473034208665600
1324415242814803968
1324463496164233227
1324379770151460866
1324393161062572033
1324307102945452032
1324437066797715458
1324395951394533379
1324241502328000513
1324495952460369920
1324376811468410880
1324258819682246658
1324467416190062593
1324251335726956545
1324294422738227205
1324400414842884099
1324390747957846022
1324287523535937536
1324418730168823808
1324263626413383685
1324350907111362561
1324361523322605574
1324377639218499590
1324421756690583554
1324498621115621377
1324295127691628544
1324441637519609861
1324222185611972610
1324281627900608512
1324339691181772802
1324292270019981313
1324304645443981312
1324408004540801029
1324281807693615107
1324291153420865536
1324305208034340864
1324376556433756161
1324270039030255616
1324349186343636992
1324343124131532800
1324466951683452929
1324312396677206017
1324254276391260161
1324339080717619206
1324472974985043970
1324446399187030016
1324397295673237504
1324459077150322691
1324364409356038151
1324396590690390016
1324387668965425154
1324450367376134146
1324335165926232065
1324332017220276226
1324291323235545088
1324296622029869057
1324400790136565764
1324443894826885121
1324478007650779136
1324433983468429313
1324356064280780802
1324480553802960902
1324367423168983040
1324449793024888832
1324374098072449032
1324299274566455296
1324399905813811201
1324397636221325319
1324375464404684802
1324408309663879168
1324307396903264257
1324370956043931648
1324380835521433601
1324424068238630915
1324301479302307840
1324415268010053632
1324300834012717056
1324247901955072001
1324471117252304898
1324367938464423942
1324462656196169729
1324250556408516609
1324365130638000128
1324226721709756416
1324224942666297346
1324492299703865347
1324406268266717185
1324431390423896065
1324395748440637441
1324346822584918017
1324427065312137217
1324256361035796480
1324324835036725250
1324442939804798979
1324373094962728960
1324364589409198089
1324500969846169601
1324287381483200520
1324139653377728513
1324410309591838722
1324317214296756227
1324298926867075078
1324371043608395776
1324352457263222786
1324441395910889473
1324290566633541633
1324383676201869312
1324302102189977601
1324458192458391553
1324383634602790912
1324463189350850561
1324408354089934848
1324417282668437507
1324331550402662401
1324428133190217740
1324431756662112259
1324498839856910336
1324417566169796613
1324472920534589440
1324201425790971904
1324268156811157506
1324434224095645697
1324460765684944904
1324376282109517825
1324480300643135490
1324276033164611584
1324318047197372417
1324259804634882048
1324282496155062273
1324269313432473601
1324399428271329280
1324307111443091456
1324332964264742913
1324265686840070144
1324273289955520512
1324465583212138498
1324328370264510465
1324358282698477568
1324455960061091841
1324272668854702080
1324426173250719744
1324293100303486976
1324405356630544389
1324451953980645381
1324460616094904320
1324443686831312903
1324455737171582981
1324435545842503681
1324371881479340039
1324464736281518085
1324304352543211522
1324338837229895681
1324402755637809156
1324295943307595777
1324293605096366080
1324283289948037121
1324362643436687365
1324394986201321472
1324378480235159552
1324479930940461058
1324385317818929153
1324457819962265600
1324437570487525382
1324373061458677761
1324473682694148096
1324282815068909569
1324408377066270720
1324343822625759232
1324441712660484096
1324290764873125888
1324448435202854915
1324438448078508038
1324269570564251648
1324308877932978181
1324443501854162945
1324440873170599937
1324431547605417985
1324450452424036352
1324480700599422976
1324317792837996545
1324354125585403905
1324354301435805697
1324258925747838976
1324447846234497025
1324308478467493893
1324386339287146497
1324292670064349184
1324445462548664322
1324436950347112448
1324383465605836801
1324243470480003072
1324291762416951298
1324500507981959170
1324322046629785602
1324411030483644422
1324380397770313733
1324444816491556865
1324300793185525763
1324267988971868160
1324317568342044672
1324473701149122567
1324302892132634625
1324269935984607233
1324312855655731200
1324363117799854080
1324263409618223107
1324440281941450752
1324365333294161923
1324422996254216199
1324403442362843137
1324419976187514882
1324222145111740417
1324476027297583104
1324283549999157249
1324484196887334912
1324325083888947204
1324261738485788672
1324381900023255041
1324311653127782403
1324427379629056001
1324249695783366658
1324231069865025536
1324474360313352194
1324447131093082115
1324431992369369091
1324333204401229828
1324416289889230848
1324280298264236032
1324353570095943681
1324387491487559688
1324475403478728705
1324498510205591553
1324386647673393165
1324348652538777602
1324231280721088512
1324234469411299329
1324238679133532160
1324341113818370049
1324358999320465409
1324403421219356673
1324391150355161090
1324439909575368705
1324252145185673216
1324472956144242688
1324377587943165952
1324401518901166080
1324304416024023041
1324432447942119428
1324428647579734016
1324275170232643587
1324310191274401792
1324485343941459972
1324287313229324289
1324385961460092929
1324275866487214082
1324342957420498944
1324370720881807362
1324397934528651272
1324386880792809474
1324219571079909377
1324435512455823368
1324459564289413121
1324379596402397188
1324366264840716289
1324388360455159810
1324308731010625536
1324435233853394950
1324435463952867328
1324401564665208832
1324257741494509573
1324363886233972736
1324288088747769858
1324458350466207744
1324272592337936386
1324491204004904961
1324491092755124224
1324243450255101957
1324293664240242688
1324311599528714244
1324272241182412800
1324337324734455810
1324424561551724545
1324422946312589312
1324274822193569793
1324407106313867268
1324289655244611584
1324397300064620545
1324210696108843008
1324359145496236033
1324306759532519424
1324250647215153152
1324455396132741120
1324261306799689729
1324374389417218048
1324379779886313473
1324419880955891713
1324251704615907329
1324248799859060736
1324384502236565504
1324391500680232962
1324417822932566019
1324271723328557056
1324291845460021250
1324474716594327553
1324298476772085760
1324427683535769605
1324335177016004612
1324473702419963908
1324476563685924866
1324430770782507008
1324428621931569152
1324252070426386435
1324479399346003969
1324395481297027074
1324336015226687489
1324263107519225859
1324314352590139393
1324271510438191105
1324404153842573312
1324393136148353027
1324425929117081600
1324461581502156800
1324397362891182080
1324369982709551111
1324256712828792832
1324344996489777152
1324408125164834816
1324419386992697344
1324299857750859777
1324405162857947136
1324426024885587968
1324436058591940609
1324298734277169153
1324476310425657346
1324374125251600391
1324346401376133120
1324323974386536454
1324352985514823686
1324384907171430402
1324368607271374848
1324273974885437440
1324317923989692416
1324476696301572097
1324346648051503104
1324392399641153537
1324424561094496256
1324349821784907776
1324225741425418240
1324233316850143232
1324358445328457732
1324362967895449601
1324473111702577153
1324332416794796033
1324446850255065093
1324285550262702080
1324254389519994881
1324442608496685057
1324399324638466053
1324387048774651911
1324268993188909056
1324144267162460160
1324385874545643520
1324458048312778753
1324246122739703809
1324393931153514497
1324446351648792583
1324498180566908928
1324352130208202752
1324411898385805312
1324406912155308032
1324294878201860096
1324381425282461698
1324384855153692674
1324407075070509059
1324242725324161026
1324353038656614403
1324389248569692165
1324387088331087876
1324425761592430592
1324412697941889024
1324275632981889024
1324408665890238465
1324174483633119234
1324452962228461568
1324208516954030081
1324351702129168385
1324255924987613185
1324350493653684226
1324268921017507840
1324265380769157121
1324330723243950080
1324440595033710594
1324297085915701254
1324461029649272835
1324260701838467072
1324402919861608450
1324311508667428865
1324454910738518026
1324453756017221632
1324397388195418115
1324473692039139328
1324309911380131843
1324393818016436224
1324435298755977217
1324442544214843396
1324358265459908615
1324354674472837121
1324374902938472448
1324458781930147846
1324417934043860992
1324407306579300354
1324275634760241153
1324263801194250241
1324229140229332992
1324405064161763331
1324497415563522050
1324479775226929153
1324309583544885254
1324386310656765959
1324356721272410113
1324443713003802625
1324294497270902786
1324154142294740992
1324281194532491265
1324329685363380226
1324298757400350721
1324499749991452672
1324262219463512064
1324326885757800449
1324409704299319297
1324425499221889025
1324207158494433280
1324437528729051136
1324433330952089604
