1324820341122863107
1324524031580626944
1324616900186431488
1324654730354827264
1324653357722644480
1324636065223843849
1324820627879038976
1324697540047024132
1324646490766299136
1324642065532289024
1324826246061133826
1324753793553211393
1324728326498508800
1324767173122920457
1324666312656904193
1324757945398210561
1324739460974694403
1324612204017188866
1324736628292784128
1324690547399864320
1324835182168494080
1324614770776035329
1324818125381128193
1324705800607158272
1324627025164992512
1324658597524111361
1324632644831879168
1324705575993810946
1324577582050934784
1324683111448412161
1324651993856618497
1324765285233078279
1324737063271489538
1324687773459050496
1324809970068672513
1324774094131335168
1324691724011229184
1324653085424340993
1324656168573276166
1324643514706264064
1324800874603008004
1324778840770682880
1324642281941618689
1324655234157858817
1324762088233934849
1324715985442623489
1324589725202731008
1324793555328684036
1324697860286406656
1324607885763088385
1324824342321078277
1324756225532329985
1324775857735557120
1324697200052609025
1324670217813897220
1324502280087965698
1324640221519089664
1324739877372633088
1324661415387553792
1324684905746440193
1324603343092830208
1324800033271783427
1324604726957252608
1324754774265335810
1324822378342424578
1324749545646051331
1324744918682771456
1324655497623076865
1324781840524300290
1324607452168540161
1324668014810333184
1324688419679834113
1324711422933291015
1324661707713712128
1324704387302936582
1324818730438840324
1324663098175836160
1324669063910608896
1324730807152447488
1324741253096001539
1324812036669362177
1324708246171590660
1324685649564368896
1324654070473392128
1324839992628252672
1324582703010926593
1324674008420392962
1324518454695731200
1324660869310173184
1324656237343113217
1324663138185285633
1324678011061473280
1324633614097797120
1324605939668963329
1324729235693555713
1324511781298032640
1324760690507292674
1324656118757548032
1324824626485231616
1324687849095090176
1324829626548498433
1324601407182352386
1324713962085273602
1324704192712396800
1324746590951776258
1324694328275574784
1324649376866852865
1324669047989035008
1324837207241347072
1324819423828594690
1324784475969101826
1324811134801772545
1324667009314021379
1324621342344421376
1324587914391670784
1324624061658472448
1324659283343138816
1324678619885637632
1324780570971394050
1324686968719085568
1324664740765982720
1324631746286096384
1324633344009789441
1324742029201543170
1324755352676671489
1324769030121598978
1324820941256429572
1324788937945219072
1324831043539607560
1324783779920171010
1324848462052077573
1324826286565609472
1324665779640504322
1324747717445378048
1324775285494001664
1324760858912763908
1324651449104670720
1324640285561884672
1324673531347689474
1324756159895642112
1324621569675677696
1324840557110300676
1324611829054738434
1324847653742616578
1324657178993741824
1324850247533813763
1324639397342547977
1324625413252042757
1324684759579189250
1324687797303812096
1324622223982952448
1324637059835940865
1324751618005471233
1324810732245012482
1324616171824533504
1324692740404318212
1324715099836289024
1324617263010467840
1324733483588198405
1324705427033104384
1324763952778280962
1324749764202811392
1324763271874940929
1324683917174124547
1324703356053585921
1324768191717928960
1324711640928059392
1324805907478437893
1324633675934425090
1324681125332197376
1324787847086415872
1324559963675676674
1324640918381551620
1324654712256344065
1324838012749025280
1324579751730810880
1324697821698760705
1324554286177652738
1324665277288767489
1324592588708552704
1324685229806784516
1324553988784771074
1324749743629750273
1324774702146080772
1324801549655248896
1324712085599735808
1324798297203265539
1324696906631622656
1324516744862535682
1324545281803886594
1324644408894070784
1324769952264527876
1324648764796272640
1324815050352300034
1324781390295146497
1324856281279205377
1324557330105700352
1324689152366006272
1324809121510686722
1324628508929384449
1324752100241408001
1324818838622507008
1324744676725919745
1324581707618668544
1324795772370624517
1324802187554365446
1324629672597086208
1324786154781159425
1324688274049404928
1324842615896985601
1324799009173704704
1324653019636654081
1324724453620723712
1324616360169791489
1324751612787757056
1324694092090118145
1324824617853341696
1324515713382518785
1324716778669416451
1324678502378016770
1324702137134288897
1324627939586117632
1324616092120211456
1324809473089822734
1324603166621655040
1324803302463328256
1324687597805907973
1324764439183265796
1324659748533346304
1324808891742457860
1324670458374008833
1324693736933232640
1324781552283357186
1324852517520420866
1324604388594405378
1324736150276395014
1324827924479049734
1324766020117188608
1324700716322197507
1324554668291330048
1324662348951465990
1324733337257320452
1324656277423853568
1324612436285132801
1324720731805155328
1324635552377954304
1324799171778498566
1324812520159367168
1324631017366429696
1324674563406516227
1324593066683047936
1324628029814038528
1324693113521217536
1324754429665550337
1324638683178373121
1324735561660276738
1324602428529008640
1324701566948036618
1324687043100815361
1324747560595214342
1324632918308904960
1324680705696243713
1324776559694196736
1324760704767959042
1324652959846813702
1324684497527459841
1324779776326963201
1324604884549799937
1324661863368527872
1324819181729173507
1324626900615110660
1324843896686415875
1324621542563762177
1324756778752630786
1324537215645528064
1324621920478892032
1324624991892197376
1324830133937676301
1324656288765222914
1324644091943096320
1324762727211016193
1324682060179611648
1324644788445077505
1324803550875160577
1324743922267131906
1324613469166067717
1324603121583198208
1324772236008562689
1324743745896620032
1324607487857840129
1324788719329677317
1324639817049776130
1324599278183030786
1324689860620419073
1324816748059807750
1324755617542713346
1324626607894659073
1324679923047538688
1324638887831109635
1324666911632859136
1324711250929065986
1324834141813248002
1324654670229446657
1324610266504613889
1324695851499966466
1324845460176195584
1324847368286732289
1324671454802251777
1324614839478747137
1324621188165996544
1324556115645026309
1324698090507558912
1324769284543946754
1324663139678507008
1324779123135434757
1324666837913788416
1324597583122206722
1324592399486767106
1324824642289369088
1324697318831149056
1324827770967465984
1324762295839432704
1324643464282312704
1324651583494238210
1324650051289948161
1324760685633511424
1324747006116585477
1324706929038499840
1324502913872482309
1324750679295090688
1324694088113819648
1324692869609934849
1324504466083774466
1324813521968893953
1324670838143094785
1324511324571881472
1324776378701664263
1324625773660168192
1324775042111123459
1324635624779976704
1324672678230396928
1324662651973259274
1324785640433684482
1324624526546735106
1324658097269460994
1324758633788440578
1324627765971345409
1324706890178318337
1324685691754811393
1324618978044583937
1324623456705675264
1324773821518413825
1324658120107413504
1324663804903497728
1324697710427992065
1324683209976782848
1324621411059716096
1324638740015390720
1324792101373153280
1324854665889173506
1324783671468052481
1324623507997818880
1324766260173950981
1324682918577451010
1324578164866195456
1324723522271383553
1324770557003501569
1324700258094469124
1324810499775696902
1324765358012719104
1324611676717633536
1324704234189787136
1324649858070958080
1324847994483712001
1324845489318174724
1324631185205714947
1324759703738556416
1324689582126936064
1324647002274234370
1324666895308566529
1324610351145648128
1324657317401534465
1324698990936510464
1324735309649743879
1324645254507778048
1324636376931946496
1324742368390762500
1324600370832777216
1324607139403489280
1324623465811529732
1324643755169878017
1324766402725572608
1324802937659576325
1324711694543822856
1324807643274293249
1324615033930788866
1324639534865403904
1324861462519697408
1324658942195236864
1324758468713205762
1324835343691120644
1324858357950394372
1324684167947390976
1324832644446773250
1324684267788607492
1324805269289914371
1324605037579030528
1324602695936782337
1324705091383939074
1324757291070070785
1324591260502556674
1324719477670465538
1324811714572046348
1324746768337293314
1324759816678658049
1324585120918097921
1324846886562484225
1324842717122363392
1324845942768623628
1324616412833456128
1324638738065088513
1324653887299723264
1324660592842518529
1324705437036498944
1324660752746188803
1324515106114408450
1324642815767465985
1324735565892407297
1324748827270782980
1324682364774207489
1324619766800257024
1324610943398064128
1324800182165377037
1324604986626580481
1324761402641403907
1324584979083546625
1324721756284850179
1324711720900792321
1324726717408288768
1324853929700634630
1324809307360317440
1324728398745341956
1324817404262756354
1324626265106767873
1324847421566914566
1324761812114563072
1324784647998443520
1324782618500628486
1324724480019558400
1324766079076487173
1324728773749723137
1324794119730962432
1324752592564531201
1324693075910971394
1324706575441924103
1324850318472040451
1324790438277074944
1324735893907906562
1324826983369498624
1324781688350789632
1324776551322365958
1324727963867320321
1324765339004055552
1324716685505581060
1324848606176780294
1324679242261684224
1324822718164934658
1324715977171488771
1324808806476505088
1324769464454418437
1324689602683281409
1324679417642262528
1324657201940672512
1324659695118880768
1324518710737068039
1324574789504294913
1324662384234037251
1324839255303213057
1324710300197769216
1324597280696111105
1324687225053978624
1324681484385615873
1324808468927258624
1324640769400098820
1324715403478769664
1324718401261101058
1324592523000619010
1324809196743872515
1324612906982526976
1324785343984508928
1324655856705773568
1324639315952050177
1324647006669852672
1324584290257117185
1324804576923557891
1324738734261239817
1324519641662824448
1324638459504590848
1324591000719892481
1324835495445225473
1324737077125197825
1324580818963046401
1324779124326572032
1324798847437152257
1324845428085587970
1324592946298179584
1324829261279207427
1324659324325629953
1324675342632669184
1324579663067389952
1324711054891311104
1324830504076627970
1324862232455426056
1324654525320482816
1324727114910806017
1324824209323778048
1324853707452915714
1324638139986620420
1324758320524283907
1324685290846519301
1324636061495152642
1324633526130626560
1324647527845666816
1324633253660237824
1324769001080262657
1324777611080380417
1324811718623596544
1324670126554230788
1324647715473661954
1324689432960786446
1324678613548093440
1324651014310535168
1324755653043220482
1324828931288125443
1324743063672147970
1324650159964364801
1324689651349807105
1324703993315139585
1324776562282106880
1324622298763198465
1324681974854930432
1324700163726807041
1324760215552692225
1324569174140723203
1324600702681960449
1324656094841622530
1324619865899106304
1324602950531035141
1324705371798360064
1324665250784944128
1324601910230458369
1324619734181183488
1324608340517945344
1324774750648938500
1324720231563100161
1324706924970057729
1324663172448411649
1324766329098932225
1324744567195947016
1324572522856161280
1324734723629920256
1324744031507808260
1324688465259339776
1324819555881988102
1324502502910382086
1324801590352584705
1324736077865852928
1324833009200189455
1324658134397427712
1324733453242257409
1324817122090995714
1324768916535681026
1324643843057344512
1324822652897419265
1324759381834190854
1324839088466333697
1324850321420656642
1324728499433865218
1324608503877652480
1324768597080756224
1324821685418315782
1324756753356148739
1324602517506969600
1324639608307666948
1324837778140680192
1324795720281559040
1324581795451600896
1324579177547337728
1324661615531380739
1324633644376477697
1324674699369086976
1324661816136523777
1324800012669358080
1324655461312962561
1324793586223894533
1324502137607397376
1324754886827921412
1324829877699284992
1324651331387273226
1324707613859340289
1324748276109877248
1324591283764080640
1324744596405002242
1324601857315143681
1324771255967506434
1324784924264701954
1324693051068080129
1324801181470916611
1324682978400866305
1324820374274658304
1324766145593942017
1324611158519808001
1324628889755406336
1324798636555931651
1324686621950791680
1324748538593615873
1324863100236009473
1324728325655433218
1324840972505722880
1324776801403576320
1324603273177899014
1324645885414952961
1324853422869356553
1324640124920045568
1324624198107619331
1324671620829618176
1324686647137570816
1324662609468137472
1324673070070665217
1324525581120274433
1324632306519330816
1324641478799429632
1324622410885275648
1324616261515550721
1324739533360009223
1324653703639535616
1324860606168633345
1324750964298055680
1324761025669980161
1324580419950518272
1324662258866311168
1324694352136937472
1324613527584329728
1324753869512081408
1324635898668109824
1324587001014898693
1324552058209521664
1324828268785209344
1324698039622225921
1324854027138600961
1324780876228677633
1324684280686104576
1324678241018413057
1324633216939118598
1324782497822134272
1324749192594657288
1324675583238950920
1324665200100913153
1324717263036076035
1324817489944104966
1324795580674093058
1324683920353468418
1324619111444480001
1324668499424432129
1324777808460206081
1324814933217939461
1324716448653168642
1324762801148203008
1324613232833765381
1324818782603431936
1324760273820000257
1324800493261099013
1324613965289316353
1324613286155984896
1324681647841828865
1324676500650708993
1324745767911936001
1324653156941373441
1324672859671793690
1324636429759164416
1324684282359590912
1324742497424281602
1324632114340515841
1324636410641461249
1324711375806091264
1324619762589204481
1324650327224758272
1324809659388145664
1324704135816581123
1324586392584884224
1324744716668338179
1324647245145407488
1324517037855657984
1324824753388068865
1324576587346518021
1324602941496561664
1324702407369117696
1324770331127615489
1324702204972978177
1324706873367498755
1324653882740482048
1324655246442979328
1324777962584055809
1324602690400387073
1324734795830697988
1324849941177634816
1324733099406692352
1324615262251995136
1324861506589175809
1324785428566867970
1324644199002738688
1324788225949446145
1324696081993764867
1324636268936966144
1324702633043599360
1324505796915417096
1324821609211899905
1324747556358938626
1324803098674667525
1324617763210579969
1324616863209426952
1324547482345447426
1324617292974592000
1324675634925363200
1324742067772444680
1324621438888873984
1324639569942294531
1324700970153029632
1324723627682598913
1324688205824872448
1324752740623462402
1324656049840889857
1324829631976034308
1324503521807380480
1324611194850861058
1324757115752353793
1324772363104358407
1324629818206507008
1324777788923170816
1324590562889125890
1324693486029971457
1324803418293215236
1324600422665998337
1324791716067631106
1324824622001496065
1324728519587516422
1324672770857443337
1324823731005542400
1324793036484845570
1324640983632457728
1324636482150322176
1324691494784110594
1324791987267141632
1324597137418629125
1324626015684055040
1324631049247330305
1324619593130954753
1324800755015045120
1324828823242899458
1324569761104146434
1324652851944136706
1324780599975022593
1324663270020681728
1324688937282056192
1324721102443204609
1324727951187943425
1324803390824763398
1324754780741423104
1324777245043576833
1324659142108368899
1324650001495195649
1324809136446603275
1324812457471287297
1324610984166723586
1324761095899414531
1324834873882877958
1324657127101792256
1324662751910940673
1324558204920045569
1324622580481986560
1324646282405838848
1324633562235211784
1324743259382554625
1324752354034462721
1324700736844947457
1324643038715617280
1324707780876533761
1324749067679866880
1324629102624735235
1324851514591105030
1324656914622517248
1324838062506070017
1324783814246387712
1324784453437280258
1324790807648493570
1324590963038294017
1324740594414112771
1324757195410579457
1324663612473020416
1324637745940226048
1324711230590910471
1324621706590408704
1324684789849432067
1324848056832065539
1324677703027609602
1324621959418777600
1324659097363501056
1324682787434225670
1324629277552316419
1324685270449639434
1324679547997032449
1324540100416573440
1324637240493068290
1324687564222201857
1324739803661959173
1324708875598204929
1324807167011131392
1324723669709578242
1324683299445506049
1324654886051442688
1324822428732841989
1324799783043817475
1324858909379751936
1324782492801470464
1324630218905145344
1324657115152207874
1324797781005971456
1324753114998755328
1324660173479333890
1324660652825284609
1324545318084440064
1324568964391985153
1324656431396782083
1324823971259441154
1324807001394786305
1324629631337701380
1324837559470612484
1324677143369011201
1324846551873761280
1324617434687545345
1324681929925500936
1324632162923122689
1324691126314553344
1324718942267580423
1324616914509901825
1324789361242705923
1324790770466017283
1324843157155123200
1324569986078224385
1324754998027321351
1324614649510273025
1324862039358050307
1324600602396155904
1324666587417333760
1324779117485694976
1324650678963326976
1324814714866749444
1324608043175333888
1324856499819229184
1324792843370713090
1324635868691369986
1324634027391934464
1324605336007905281
1324786635783999488
1324848901241843714
1324609320206667776
1324817793376800769
1324860850910400523
1324640313479225347
1324670328778403846
1324856533746855940
1324846082208223232
1324704775703793666
1324753108371726343
1324778796176838657
1324803154827948037
1324510044940083201
1324762633938083841
1324755526425759746
1324685717927243777
1324657000693850113
1324509270617063424
1324755887051792384
1324789889465044997
1324744561202180107
1324674022790078464
1324743405298241537
1324687177268318213
1324818060960845831
1324616502964854784
1324672693015318528
1324702737725050885
1324824291372912641
1324823541427175430
1324857036367081473
1324633956176769025
1324655643853279234
1324824082848862218
1324812886317957121
1324717903862763520
1324791782996090886
1324666653360168960
1324681098912292864
1324509056560750593
1324659370681139200
1324639327788421120
1324580686603390976
1324674957176197122
1324794477907759106
1324670885693980674
1324818056128962562
1324677438106963968
1324626392491970560
1324615262302314496
1324812610274004994
1324659035572998145
1324588686521044992
1324681637360259072
1324680405778419713
1324599957551255553
1324655317460918272
1324622272620056576
1324657825952468992
1324632645070970880
1324776858165170176
1324634805624098816
1324682762935218177
1324744301180604416
1324837377706283009
1324603663961214976
1324779554041417730
1324706332545585152
1324717813941108738
1324542088004964352
1324839172314697731
1324669085041512448
1324637011689512961
1324637437365280768
1324519914745507840
1324729341473890304
1324791704101277702
1324699000981889025
1324815658350268417
1324625866639482880
1324802859381215235
1324587638435782656
1324768208134545409
1324598371047395328
1324758543417909248
1324580931143946242
1324862744290598912
1324604647915560961
1324819753513504769
1324779222997630976
1324595614185889797
1324646052444708864
1324713681771483136
1324630178107195395
1324674155418132485
1324679709171634177
1324809067265753088
1324829500815925250
1324660288118001664
1324671804884066305
1324724930320228353
1324600926309679104
1324842982277861379
1324624076070158336
1324642605808967680
1324690413970690048
1324752144050933766
1324668605477376002
1324554487986561024
1324684406867546113
1324738723343454208
1324715272658366464
1324516157391425537
1324650252914298882
1324644326027284483
1324783232672563200
1324831185370075136
1324590760109449218
1324532797105709056
1324836625269039106
1324785750987153410
1324702973444849664
1324617275454984193
1324627795687972864
1324746447150108674
1324619579117707265
1324826409991348230
1324715360596205573
1324817774305226754
1324589580037836800
1324673841675853824
1324597649870381056
1324820598237896708
1324613105364643851
1324723163289276417
1324599959015038977
1324653708605640704
1324676954319212545
1324610077383413760
1324746148964425729
1324830998866104327
1324728262203969539
1324768719667646465
1324740821766361090
1324643448520122369
1324793783519744000
1324660122648514561
1324839984382312449
1324723355862355971
1324674817988169732
1324659926648688640
1324660863601676288
1324684376022671360
1324732037366906880
1324713923979939851
1324809353401192448
1324756876521779200
1324592747521724416
1324640802350551040
1324578408727281665
1324591575779987458
1324578716119425025
1324718659957391363
1324641185940594689
1324681170643288064
1324743435224567809
1324694046892318720
1324740465346990080
1324610794395439107
1324592747727245312
1324786304685613061
1324754411571367937
1324631447303577600
1324509814769229825
1324624663662776320
1324761322689564676
1324716494027137025
1324669107640406017
1324834323397251076
1324696489189351425
1324775704848965633
1324721979467943937
1324649556517265408
1324608650401427456
1324653720068673543
1324768865595908097
1324710291909844992
1324763657977294848
1324737120083300353
1324817003849408515
1324694804148768773
1324857599431528453
1324818491002757120
1324721414147055618
1324605673376722944
1324597338392899585
1324681446464851968
1324604647622008833
1324674887127093248
1324645654778519558
1324615484948578304
1324662494368047104
1324779452145061900
1324850837466828800
1324616993002184704
1324765692374253568
1324659723711483904
1324836459338256384
1324589653316587520
1324692897581682688
1324511068937461765
1324744009085034496
1324630928346546176
1324724861860749312
1324677348537606144
1324661845760901120
1324741551193497601
1324554200370548736
1324740726589214721
1324814679882031105
1324856338636328961
1324659857920794624
1324737106015592449
1324657017181622272
1324749929353531392
1324681089328271361
1324664804968194050
1324824298192838662
1324667838284615682
1324721166779621378
1324691111902928901
1324818208520577040
1324668402007506945
1324671674910998530
1324739854056464387
1324682714302320642
1324845723649744898
1324605940998483968
1324767441575153664
1324684105238388736
1324662005291196416
1324645544812253184
1324793787844091911
1324843835332198403
1324574837306757125
1324521879621820416
1324753255352729601
1324776154088222720
1324706139947339776
1324779891099865088
1324608435216896000
1324751462149271553
1324608465051000832
1324657917576900608
1324673133576597504
1324858583654297600
1324536091215626240
1324763741070725120
1324503059658084352
1324757633895641088
1324763175972184065
1324703891091501057
1324720491366617094
1324639937174667267
1324637555275534341
1324596109885452289
1324698587113152514
1324627684140470274
1324630695633920002
1324626097540108289
1324612844160225283
1324773442575601666
1324742487097905153
1324642070338875394
1324754017143193602
1324711607671377920
1324760158577303552
1324736305142575104
1324642955693576197
1324697267849277449
1324715773709996033
1324765637026209792
1324686957855842305
1324594459082919937
1324714258341519360
1324577476157140992
1324662424780361728
1324684115996741634
1324827512468344832
1324709401572331520
1324631127206907904
1324677470671507456
1324595743634661376
1324782012499169281
1324741658806767617
1324757733158146050
1324592933522333696
1324840455259840514
1324587065716232193
1324632192014815234
1324740318609264643
1324736819129438209
1324638200145580032
1324803082178433024
1324677139355062272
1324790485181992962
1324848831348002816
1324644641254289409
1324680645709320193
1324688017102196742
1324670156107382785
1324843235014025219
1324730846054653952
1324836309928677379
1324786348214157324
1324838997865177088
1324712484251586562
1324813989344399362
1324768337277104129
1324611994822057984
1324735621081026562
1324720208884453382
1324635574536409088
1324770475256487936
1324572687990169600
1324522832748040192
1324727450660671488
1324803122762555392
1324693498914840578
1324504430545457152
1324780218083692546
1324639366237618178
1324607927655768064
1324645617554104321
1324610775332343808
1324671991182462976
1324619881233424385
1324728959280492545
1324611814416666624
1324782876412567554
1324733258429616129
1324513653899624449
1324680636616114177
1324693680922513410
1324726942491381763
1324847067160891392
1324662345365422080
1324689332062609409
1324842262027735042
1324749731877314561
1324641052091944967
1324606396520931328
1324738289916674048
1324605904508116992
1324806690794065933
1324744609407356933
1324750651163774977
1324757311861202946
1324650593097494530
1324631339363086337
1324520156974993415
1324653759906123776
1324581336271736832
1324716794586738688
1324733918063579137
1324753808048664583
1324693194345533442
1324850069431005185
1324632409732747266
1324593865920258053
1324572236385263617
1324623708565233671
1324600643651276800
1324760943314849794
1324681931871670272
1324717723004391427
1324712605785706498
1324730455967604741
1324749944633368579
1324719554573017088
1324673005100949506
1324792255840952321
1324857657681973250
1324627752234999810
1324756993375088641
1324591009238568960
1324648661784186880
1324652230805491712
1324681534809481216
1324610700547862529
1324737819726745600
1324792352905592835
1324685334190432258
1324618914773536768
1324731036463468546
1324790573132353536
1324597458316480514
1324699737333915648
1324669573166149632
1324607882923548673
1324670082430238720
1324619593688715264
1324834934020857856
1324761265407930375
1324665842882256897
1324734712800288768
1324786432603525125
1324758626884554754
1324700551779618816
1324778912107429888
1324654874223693831
1324862349614981120
1324610553361371136
1324781897021620236
1324561769478660098
1324618245790420993
1324780153977884673
1324593191635603457
1324548088346923011
1324641897848147968
1324641676015620096
1324772544398938112
1324757431856017408
1324504328384761857
1324818984286539776
1324654804686249984
1324658559267885056
1324736151392002049
1324751781667213313
1324778809632194562
1324686769292562433
1324615844840808448
1324697820201443329
1324662461103001600
1324605565641887744
1324628726206836736
1324655731036069888
1324759202657640448
1324660971302985730
1324607867748519936
1324762089257390081
1324838220190855170
1324604187573891072
1324600900632150017
1324639643485249536
1324786776951656448
1324633426855677953
1324701091494305793
1324575796875481091
1324791902743515137
1324670083638136837
1324682017875832832
1324792436837801985
1324699985015984129
1324528377341054976
1324737447574478848
1324750400042524679
1324731982971129856
1324619576475291653
1324705482259550209
1324712750124335106
1324596024887967748
1324813548355231745
1324755265959460871
1324728968948363264
1324839311351697410
1324851705578688515
1324792364502863873
1324656703368024064
1324708639408611328
1324628839352487936
1324633492102111233
1324674019312963584
1324777407728046083
1324790307280605187
1324822720018817031
1324819833255591936
1324853264702230528
1324685524758679553
1324766138727866370
1324675821102108673
1324606018500894721
1324505934719258624
1324732420894216198
1324701736758632450
1324844582450978816
1324640024583954439
1324700580422524928
1324704107261796355
1324753822376468484
1324715286734491648
1324687498589687809
1324663556390981632
1324682153398075393
1324838003160862722
1324790797510811650
1324786025680482309
1324683236266659840
1324844080136916994
1324659000277946368
1324754345276170240
1324737909824622594
1324650154385920000
1324692815297871875
1324769199487619074
1324740656326234117
1324671605142921216
1324662575326482433
1324815257945182208
1324600891568259073
1324629979485761536
1324821937923805190
1324726672470515717
1324746300940759040
1324728685493129216
1324831333248544771
1324634509342552065
1324599584698617857
1324568176949153793
1324822714914344961
1324857356598063105
1324611447339556864
1324748204819255297
1324691888549580802
1324831495169736707
1324827687416901633
1324801072246988803
1324683104607330304
1324785782289256448
1324611651644149760
1324653578603167744
1324609537756798976
1324703822485311493
1324689728462032896
1324819496893370368
1324612648789487617
1324782716148211713
1324643141266378753
1324682056249597955
1324854204792479744
1324719906634563584
1324630813401636864
1324607465745489921
1324718039561084929
1324739461981310976
1324687618341277696
1324846711861399557
1324792286182604801
1324672834514362368
1324628580987478017
1324658223622852608
1324823416235528193
1324844441299988481
1324647803700826112
1324788160564498435
1324710671553044480
1324800892323987459
1324793777442164738
1324705837626068992
1324638343141969920
1324620981655187457
1324811826945810439
1324738150460231688
1324825531787972611
1324730896302415873
1324508896204148736
1324621128053231619
1324739156342427650
1324641630280912898
1324748346209280002
1324805253850693633
1324659140552253440
1324821526072512513
1324596854898741249
1324692160004972548
1324761674541355009
1324662974410358785
1324742926350622721
1324642007126626305
1324687562947076098
1324720225196122112
1324681207725105153
1324637663194947585
1324681946140692480
1324678803189198850
1324630035475636224
1324826836862455809
1324681417922646017
1324780380151521283
1324587309262688257
1324686602866708483
1324642303592615936
1324633811704025088
1324618271660875776
1324729874418982915
1324644026952355840
1324661210479022080
1324819095443955713
1324822663651594241
1324633904704311298
1324703035529039874
1324511064067899392
1324547006392664071
1324530812583366656
1324815630374215681
1324729631065387008
1324639491626291204
1324662258400694277
1324660981662994432
1324775322085109761
1324790395847532544
1324616400078622726
1324522413338644486
1324566434014441474
1324789800759689219
1324806229684899841
1324645423026442241
1324759090132865026
1324805966303551496
1324639963774935041
1324640250916982784
1324631084244545538
1324625329298804738
1324695222438318081
1324707772395565057
1324736716637413376
1324632759751614464
1324818758419046400
1324730266850529281
1324685890388697089
1324653747667087360
1324772595426906116
1324607616509763585
1324860532898344960
1324716780854628353
1324863088420642823
1324720888223305732
1324733821363884038
1324800483811303429
1324785818221895680
1324831614610931715
1324787958277431308
1324730017608306688
1324657593617440768
1324854386909171713
1324621601569148928
1324841729321799686
1324847908223651846
1324802728690855941
1324680524447817730
1324738307025215489
1324611958134444032
1324688497303867393
1324734031896940544
1324652135099879425
1324678204934754304
1324617834459222017
1324759202808492033
1324666862249062400
1324722165686673408
1324776457881767940
1324801092899737600
1324754297574359041
1324655971516514305
1324751437432238082
1324616299444580352
1324766140153896963
1324789742861471744
1324591646445547520
1324599159769489408
1324669197629227008
1324603797981798402
1324658948516028417
1324767833864179712
1324684591026888705
1324702476977737729
1324525143113302021
1324693310095695872
1324634464551604224
1324647558401110019
1324768409192697858
1324706115008012288
1324708837862051842
1324598141899984896
1324683329531219969
1324673642316390402
1324625304447582208
1324628518039420928
1324818523420545025
1324789027187339266
1324842645949239301
1324842953425248256
1324617721502466048
1324658378338115584
1324678041247899649
1324631908790247424
1324811302880116736
1324700603524780032
1324725379668578305
1324736115732000768
1324816537203679234
1324702725662265348
1324785601409855489
1324645219493728257
1324564956390580225
1324821952738009091
1324646871227342849
1324673578772647936
1324736138213576704
1324818779575099393
1324703328203378688
1324743844932583431
1324560593425178626
1324803323732594689
1324552972790091778
1324692255383429120
1324713178362712064
1324783748991328257
1324521517338615809
1324824161227866112
1324532837316468742
1324700578908393475
1324758053531623424
1324678686201827331
1324704448338403337
1324778136668614657
1324632539252903936
1324796267898298375
1324735320814981120
1324670592935747584
1324852376381976577
1324736052708388866
1324704822529003521
1324829786582241283
1324758294385299456
1324739612393250821
1324618489571717120
1324599955328245760
1324619288746086402
1324785357888671745
1324812955469389825
1324829216282738689
1324822247761170436
1324743291963846658
1324842682880053249
1324665801941622784
1324641206962454530
1324709591909847042
1324664213260898307
1324640169430077442
1324645794268483585
1324782760976941058
1324639430100090880
1324786829439193098
1324599526569713664
1324805083889061888
1324776307478200320
1324657436821803012
1324829675743563777
1324803848633016321
1324602616073097217
1324793891204272131
1324521293350346754
1324606362106691584
1324735460082667523
1324603493349576704
1324710346863640577
1324820370474545156
1324586436990017538
1324791809407619072
1324677128164675585
1324820595993923588
1324680061702819840
1324624653957111808
1324863821710839810
1324779915468808192
1324726052418129921
1324678492764672000
1324769256819535874
1324704667763433472
1324734603400220672
1324717548416487424
1324607696688058368
1324670116701851652
1324627022560268292
1324817899693969421
1324694353567207424
1324713789728718848
1324707914712535041
1324838327363735555
1324631972946333696
1324714857359429634
1324794999066812420
1324704204162768896
1324627644378435584
1324630674465312768
1324568362299629568
1324695064384339969
1324716103013191680
1324686732034510850
1324804933422620674
1324789585335980033
1324785638068133891
1324786440102969345
1324632412920401926
1324681396686856193
1324840478429319170
1324652409977753603
1324752238993117186
1324844903969468418
1324622906391961600
1324759782000074753
1324699003812982786
1324702681953411072
1324663692085047298
1324780652726755328
1324665204144246791
1324819251371364359
1324748116126539777
1324657123352055808
1324629846857818112
1324615369722601473
1324602549161369600
1324650674790010880
1324786642801070091
1324835395629158404
1324614664785940480
1324816803483258886
1324841715371487243
1324827223254278144
1324650790527619073
1324780509453574146
1324672573788094466
1324647453367406593
1324634626955055110
1324783339962880000
1324735788928651264
1324765189498163203
1324690108499562496
1324687137061638144
1324684698665263105
1324513971769102336
1324689236830859264
1324592970973196289
1324611071123083269
1324733119396806657
1324803531983998979
1324689292879384577
1324614663120838657
1324776533945450496
1324630616877469696
1324768313193467904
1324624456468336641
1324773150614278147
1324843943687819264
1324617800263081986
1324681728678678529
1324819567970078723
1324614604371222529
1324637155285737479
1324683322002460672
1324715391051063296
1324641471362981889
1324604272571523074
1324648450412064768
1324810971873988612
1324691225941868545
1324648721200668672
1324744615472353280
1324720043775741952
1324651959186526209
1324802249537761284
1324637072540532736
1324706321619406850
1324621674394886144
1324651217600057354
1324783383436693509
1324775166568767493
1324627755804315648
1324856460787019776
1324640441422303233
1324754486506803205
1324811848894566402
1324754534317654016
1324804612688400397
1324640843744088065
1324657355599040512
1324809660017319943
1324768482978910211
1324741306908876800
1324638877894758400
1324582459741188098
1324512512113520640
1324612414655074310
1324842251617366016
1324787111065772032
1324791616838795264
1324598507181953025
1324792208281788418
1324618771818979328
1324837360987709443
1324630468977897472
1324660028788383746
1324627262021488640
1324732077863043072
1324662614358691842
1324791988290527235
1324593614614372352
1324694175095365634
1324647008666292224
1324662440789970944
1324783399496785920
1324717665190137858
1324681429830258688
1324690922764963841
1324788086564413440
1324605979724533760
1324619730062376961
1324776523002449920
1324650145737224192
1324705804444905473
1324850648387620864
1324582100469751808
1324806896201728001
1324758788247871488
1324505914465046529
1324680939293888514
1324599206804410368
1324756699790585858
1324760378035916803
1324688992370130944
1324614769488371713
1324607648084406272
1324695499039977477
1324706358067924992
1324833607018491904
1324627188394635264
1324765103976292358
1324828645861576712
1324518774402355200
1324605766364499968
1324665303427670019
1324756412992491520
1324775092291817473
1324829058438438918
1324859907036819458
1324582942740484106
1324627981571162112
1324652511039528961
1324622274151010305
1324649320726044677
1324687181659672576
1324635348543148040
1324804769920274433
1324746743725101058
1324769271243804673
1324631762237009923
1324628871757647872
1324652053373816835
1324667607249752069
1324628165617213453
1324624645165899776
1324635486527303681
1324602753407164416
1324611330259722246
1324684937581285376
1324650647195652096
1324822891477827586
1324603670214909952
1324782068056920066
1324617096144265218
1324852844391006210
1324732655900991490
1324629280605806592
1324779083964784640
1324595542714994689
1324759876137062400
1324825997099880457
1324643706687934465
1324605989895786496
1324660298121437184
1324634965510889474
1324704238304403456
1324663798570143744
1324750253254418432
1324635504290258949
1324666223607582721
1324611761945907200
1324589400374857728
1324690419796611072
1324712805711446016
1324762926578884608
1324790894072135680
1324683349676466176
1324607924971413504
1324627349762093056
1324759928591028227
1324788838779260936
1324772686451642368
1324754581184720901
1324688902490411008
1324697485382717440
1324605747754389504
1324603284833882113
1324839505698893826
1324752210790633473
1324733137004433408
1324789611697184769
1324850013411966987
1324729676011634690
1324720375633190921
1324794354062528512
1324611983707131904
1324680096221974531
1324588153404084224
1324728064866242560
1324824682189697024
1324600328742948864
1324679241884196864
1324756457120768001
1324783415552581642
1324633844163747843
1324556425679507457
1324740209532088322
1324635922571366402
1324817342950445056
1324663855444840449
1324591707921534976
1324603094672547846
1324689808128696321
1324851410496823298
1324812632612839431
1324778820851900416
1324776641969704962
1324514218561966086
1324768196323205120
1324605040267583488
1324767773705252867
1324603925731905537
1324758913036787712
1324671878846390278
1324811370584563714
1324622015467294721
1324672608458203139
1324615836531908608
1324625377025773572
1324781090855419914
1324602218100727808
1324693408259182592
1324858385943162880
1324617981377323009
1324836545304666118
1324709168293531648
1324863423524581377
1324633832050577408
1324729270669815810
1324800050682351617
1324735753927221252
1324621479720476673
1324738741701849089
1324841521666023424
1324681237936656384
1324824170404978693
1324602448632291329
1324607568359075846
1324613842958274560
1324612369637670912
1324755898695376898
1324667271743156225
1324709881362993153
1324673357909053441
1324762613843111937
1324813038269140992
1324615645447753728
1324621077159546882
1324598899890421760
1324707442756911106
1324518046690586624
1324825885330018304
1324812956689932290
1324673336413138945
1324590354549645312
1324669300528107522
1324737929185546242
1324735091889836032
1324728552156221446
1324560052716527619
1324741526577172482
1324781465201217539
1324763476145901571
1324679648811384832
1324783844923449346
1324623050051117058
1324726007400747009
1324797156042092545
1324776365770608641
1324604017260089344
1324786423912910849
1324655629949194240
1324611239419498496
1324724955641114624
1324671899750797313
1324628057714511874
1324725870985203719
1324603541881868289
1324666544115359744
1324640535982854145
1324857111021559818
1324664288183726080
1324760133893869568
1324621622947549184
1324683148089765888
1324763089364017154
1324762531848724480
1324779877497741312
1324662406224711682
1324790030993399809
1324610980274384897
1324652635430002689
1324787879932026882
1324848353235116035
1324658422269181952
1324777306389438464
1324646348029919234
1324630867399090184
1324820521905770498
1324641025231638529
1324541481894531074
1324752710458028033
1324622403285241856
1324632908045393920
1324655037625389056
1324844764206899201
1324645429942882305
1324716279882723336
1324789644672860161
1324735634641166351
1324675547365023745
1324662483500617729
1324634350760136705
1324760046790758400
1324695012534292480
1324569444320907264
1324799968046178312
1324811398547951618
1324800096828051460
1324778527342952448
1324585747253547008
1324780718849957890
1324843036128563202
1324778408220463110
1324681611187757056
1324629715882283009
1324659049867153408
1324797746151411712
1324651586270957570
1324529619266056192
1324764809703886850
1324829217347960832
1324579887852802048
1324732363415474176
1324661772746395649
1324670019033288704
1324759909536247810
1324732815146143744
1324661459113095169
1324684436806508545
1324618118799437824
1324734495476645889
1324731285265403906
1324501780403834881
1324710475628765185
1324753034941997058
1324671157912698882
1324649637303648256
1324727923660771328
1324806683667898371
1324697042548105223
1324621904108507141
1324770826483367937
1324670138642255879
1324719591055106049
1324774547996946434
1324819323559546881
1324687909497262080
1324666953378762757
1324767597729058818
1324633084290105344
1324674903904235522
1324623073182666753
1324825860348825610
1324692957337919488
1324789822221942793
1324777887405322245
1324701831063371781
1324629174242390017
1324706465626660868
1324660170744582146
1324653518226161665
1324673252673884166
1324612193002967040
1324651783327797249
1324690711795716099
1324690111171334144
1324726560671281154
1324608647389990912
1324839704093745152
1324510672567390209
1324580917650870273
1324599100625588225
1324746755443986433
1324775101934555136
1324628823959347200
1324620782044123136
1324651986671861761
1324716082259763207
1324718900068651010
1324756341819379723
1324622132018630656
1324771737964302339
1324606480696434689
1324684528040947712
1324731878537125893
1324649526389559296
1324513556977586177
1324706655410495489
1324644471879929856
1324741376819552256
1324729745578315781
1324661628009385984
1324814756851703811
1324705969381793794
1324683739046227968
1324616072310435846
1324503796232445953
1324770520097820677
1324671487861792769
1324658203125305344
1324721258660012035
1324694995631296512
1324754719567470594
1324616672989319170
1324600892486766593
1324770319400423424
1324686685544865801
1324720127514976256
1324681155778613250
1324612316231618561
1324505471953285121
1324713096481525760
1324603334125359104
1324662174321696769
1324600447227863040
1324556736544579589
1324635880666050561
1324569016078229505
1324639383937568768
1324762925534502914
1324699683508334593
1324516290908794880
1324616574087680000
1324754891164786688
1324660808765313025
1324735970466533377
1324685790010626048
1324615353633300480
1324819743417737217
1324659194025414656
1324605002413973504
1324660815102939136
1324759653474045954
1324690139436769281
1324727377616916480
1324751371036491776
1324636701046820864
1324755772580990977
1324756999310069760
1324621831857491969
1324628234932310016
1324621668862500871
1324696002054496256
1324646848427139073
1324776513082953729
1324773975474524165
1324824560106115074
1324567019333865472
1324747242029416448
1324824503789256710
1324755344501972999
1324633952703991808
1324760204446179328
1324654951096791041
1324674803358408705
1324605992139661312
1324682098758897665
1324673910223343618
1324692789351849984
1324636830004817923
1324847054624116737
1324716420521955328
1324818940745424897
1324661234726293504
1324558187501113345
1324634073885773825
1324808977373421568
1324797624646569986
1324806798432325632
1324604964631678976
1324765062435844101
1324633221611532291
1324614107052605441
1324619414927560704
1324756241051209729
1324672654935269376
1324623497868488704
1324823828854460416
1324602540932157446
1324825035731853312
1324849332835799040
1324819197751402502
1324623584090836993
1324697644145496067
1324681561921458178
1324658033427910658
1324760316119494657
1324681704825638912
1324826089429049349
1324641487964016645
1324627804353384448
1324690920495828993
1324619188342841345
1324625047399616512
1324803810166927360
1324805667287388166
1324704333976477696
1324841005984743424
1324611885292015619
1324586174330130432
1324590859581607938
1324682267994824706
1324834053405790211
1324738069568905219
1324645976896929792
1324669698663960579
1324711533960724480
1324718192040837121
1324641484147204096
1324761876149030920
1324612748739661824
1324536622239698944
1324682759638601733
1324576585744293889
1324783121422819330
1324808181130940417
1324608045553491973
1324748393965625346
1324741475612188673
1324640571336609792
1324679469756567553
1324643701335990274
1324625742546817024
1324769185868713984
1324698718701080576
1324715629191069698
1324600894302900225
1324682165360144384
1324838940600344576
1324658733218209792
1324524489179279362
1324604212781658113
1324791033444577281
1324833640149327873
1324846732631572480
1324741711411765253
1324814353506455553
1324623359481663490
1324784191167410182
1324739014843338753
1324662580011536384
1324775663040122880
1324762817816350720
1324676043530272768
1324761509298348032
1324683336300830727
1324746897815470083
1324790142364753927
1324720516268199937
1324720956384800769
1324628905064620032
1324515050690957312
1324715363167313920
1324619072122851329
1324635817743126528
1324638622394568705
1324625105138393088
1324758639098400768
1324655897495429120
1324776534763327488
1324576720310161409
1324738915509637121
1324823860773064704
1324676159590830081
1324602168557580289
1324590885821206530
1324659510984740865
1324674271952719875
1324736601491124224
1324840418266259463
1324626572272435200
1324599723567816705
1324712607421444096
1324787358001205249
1324599730777792512
1324846104656125954
1324749320667746304
1324772322880925702
1324598850376634368
1324742599249375233
1324854173167427584
1324604858704535553
1324592717117247491
1324725335972323329
1324831672672657413
1324779909500338177
1324674121897267200
1324677560366759936
1324745902620377088
1324618606060146693
1324762903145308162
1324603938943967232
1324834476405510150
1324849460766298114
1324650392056156160
1324619864548478976
1324676769442598912
1324764128985178114
1324650136895655937
1324595260882898944
1324752572817788935
1324630325381763074
1324828340042293249
1324623486854320129
1324783744117559298
1324613118878748672
1324608756399955973
1324780998631002112
1324658037488046080
1324592345048928258
1324589823487844353
1324606968678412288
1324754780632371200
1324730344701153280
1324726950179622912
1324820777355661313
1324697100987387909
1324601178206986240
1324732195819368450
1324831443315556357
1324642667096088579
1324644246981386242
1324689242375802880
1324600893417918465
1324851662280888326
1324694294352039936
1324716793005514760
1324781166516441093
1324687284596318208
1324690734864322562
1324836172728803340
1324801511570984966
1324679005883240449
1324625729519276032
1324648715274100738
1324758295542960131
1324512486918397952
1324634948918235136
1324624959923171330
1324659583147757568
1324743330803179521
1324748501650198528
1324629146161549313
1324640006166765570
1324862973517684737
1324690259003740167
1324688648776884224
1324612041856946176
1324671360392699906
1324696045331324936
1324828806906040320
1324807461170274308
1324658391378255872
1324751573797511168
1324811891793973249
1324811107119161344
1324625460718915585
1324775223493861376
1324668226211643392
1324596280622985217
1324591543366389761
1324622343029870594
1324596082630864898
1324787167529443331
1324788904592056321
1324783703583842306
1324621660771749888
1324818222579879942
1324846087916703747
1324814420548136962
1324515447224573957
1324761869341569024
1324696927280205825
1324822936277159936
1324604799271215105
1324700644494770177
1324850110296170496
1324641218337406977
1324576148949446656
1324644969886470145
1324717700589957121
1324689830102654978
1324665422386499585
1324802082394820616
1324597765364539393
1324624785826074626
1324685936647688193
1324846408961241091
1324711044405747712
1324741544092585984
1324651688146460674
1324680882439991299
1324649679368429568
1324680040379015168
1324766851184971778
1324624773964582912
1324800592456331269
1324726879539048451
1324699632098856960
1324689437347979264
1324770293034921984
1324744129826459650
1324677144413413376
1324611890471964674
1324757412239257600
1324606041825292294
1324671372682010624
1324697243715309568
1324658459187515395
1324840026081996802
1324759354650685440
1324663862185107458
1324848142039326721
1324639844157530114
1324825823195660290
1324632583431430145
1324788555122704389
1324738959998623745
1324773670326292480
1324787090614325251
1324768696892620800
1324649823899975680
1324520269713756161
1324719556309487616
1324686574219649027
1324824951329873920
1324610678909505537
1324801027766407169
1324769191401037825
1324819757556764673
1324712155229360129
1324806740748177410
1324758481832992768
1324597391065010176
1324771849289584641
1324685135682457601
1324622658051444737
1324708797449908225
1324720867386019846
1324792458241282049
1324744232536604672
1324774295541817346
1324703091988537344
1324614926166564864
1324620976320106497
1324783047275929600
1324705714305196032
1324810120287707140
1324628495935377408
1324817778264727553
