1322848771659751424
1322809666276122625
1322985801031057408
1322911778360205312
1323002529907617792
1322833802016808964
1322853185116098560
1322819449855102981
1322842750086225921
1322884292947681280
1322910160885604358
1322805640658591745
1322842983201464321
1322781696891199490
1322853314229424130
1322909084287488000
1322959117422612482
1322990952022188040
1322934854334468096
1323051856705261571
1322947631635718144
1322885388562825218
1322836808145739777
1322886297934061568
1322965844197056515
1323005652973793280
1322945786393579521
1322961616548319233
1322887242021543939
1322805926198390784
1322861600844513285
1322945925497716741
1322847024698580998
1322838824934805504
1322725220726300673
1322957414879166465
1322976775362760704
1322881847064469508
1323009264466755585
1322994205082505216
1322969784405864449
1322947172967632905
1322911057497772034
1322930393163640832
1322849629491388417
1322968869426892801
1322947007921692672
1322848821521600514
1322976434219044864
1322831085370302470
1322971136649551873
1322945924482682881
1322993947006959616
1322738208854204417
1323033176168669184
1322855822871900161
1322813544258293762
1322710555925356545
1322868422716379140
1322890958061654018
1322853888983212036
1322827213763497984
1323017747232624646
1322998971267084289
1323014676389703689
1322968249596825601
1322931752063651840
1322991002307743752
1322932749557243909
1322874613827837953
1322863818595356673
1322861742741950464
1322836478444134405
1322774600678313984
1322944713243136003
1323010640093630469
1322853055600201737
1322855736850993152
1322974247359229952
1322931246608097283
1322819965511258114
1323016624753049600
1323016249027297303
1322861475912962048
1322936352816668673
1322979832628727809
1322839809635876865
1322928546982055936
1322955270562172932
1322906639041765377
1322953489056702464
1322896824001351680
1322976721755426816
1322950219152171008
1322967435998162944
1322801996211097602
1322941833639563265
1322781560811200512
1322813587308584961
1323004974985551874
1322879693725585409
1322979988245827585
1322877672414990336
1322949525846269957
1322991853541691395
1323039163067846658
1322804955665829888
1323010989667852289
1322982912275451904
1322846307363491845
1323025139580215296
1322935706738708485
1322998019755806721
1322975907565441024
1322974837925699584
1322957383895756808
1322935913517928449
1322844288284303361
1322877188631384073
1322901208848281601
1322869226928066561
1322789608661372929
1322876918824374272
1322973879367802888
1322891766589173761
1323027213479018496
1322856331569672192
1322928995567050754
1322994240956321798
1322840414790029314
1322869397892014082
1322885613385908229
1322876148758372352
1322854820496199688
1322871459132354564
1323022151700590598
1322973067270901761
1322694203298795520
1322962269702148097
1322965034880929793
1322836111983521794
1322793522634858496
1322827391966846978
1322742134043250690
1322873880520908801
1322867144296681473
1323004800984928256
1323004799542087682
1322969356230418432
1322906015227064327
1322861412641841153
1322906226469015554
1323008559752323072
1322897808081494019
1322954582851526658
1322825172215304192
1322757496302407680
1322992023884963842
1322932791143731204
1322750299514220544
1322954720466620425
1322861541096566784
1322977599887429632
1322973758781612033
1322907856987951109
1322988052772458496
1322965477644214273
1322995837669167105
1322932377887322114
1322714513947480064
1322947171201753104
1322844470279348225
1322896337927622657
1322819100805156864
1322952011969646594
1322904489339293698
1322993815674855427
1323002722929545216
1323025927455019013
1322977162870272001
1322938190102253568
1323046360539684864
1323001706091843584
1322872797320937472
1322971215531749376
1322966813118992385
1323016778281373696
1322846039175561217
1323002485326389249
1322867123543224321
1322873383219060736
1322942095062163456
1322917829922983936
1322794159409897472
1322874999624126465
1322793967474348032
1322947021133828097
1322871048535244802
1322926303855726592
1322946374732816384
1322949189257596932
1322876572974649344
1322840591215054852
1322817085869858816
1322941341114970122
1322975151567347712
1323041896273448960
1322919202437632000
1322841185405280256
1322985674002358275
1322981324567793665
1322771744520867845
1322901933401821185
1322974583595696128
1322841348433682432
1322923138724843521
1322960685865803777
1323031178329415685
1322842683023544321
1322824063681789954
1322967979932422151
1322970214343053312
1323047440333897729
1322987017622401024
1322953385943928832
1322970009086427136
1322924674221776897
1322956810354122754
1322960463362170883
1322843337540468736
1323009402182524929
1322952934058086400
1322952415839244288
1322807650883670017
1322943075493335042
1322811849910427648
1322852335492780032
1322959939334250497
1322912578016813058
1322868570313920517
1322878187043512320
1322856723565129728
1323031129545465857
1322862724125200384
1323026780106743809
1322992271546089477
1323018054893264902
1322915313982255110
1323019871991595010
1322964747113893889
1323019737031495692
1322860584153554951
1322855909132034048
1322977730187694082
1322949527368802305
1322870807635394561
1322829872188870661
1322970302809255943
1322950663446417409
1322926672375648259
1323017700751409154
1322884022184353793
1322968219368497155
1322858961897459713
1323033420403003398
1322836504121585664
1322867450044665864
1322927469503127552
1322999057896378368
1322992129141035011
1322980077030772736
1322995350140014594
1322994097054011396
1322985581924802569
1322896219077750796
1323043636947394574
1322699585937121280
1322792315103174658
1322938220959748096
1322960113070755842
1322968855786987522
1323009586438328321
1323005682027814918
1323026877473296387
1323021401641680897
1322957586451386369
1322821621304971270
1322980177366945795
1322881254858121216
1322987796534013952
1322946401576341509
1323043308550180864
1322994122727346177
1322929691427295232
1322960356763983872
1322784136751448064
1322881509435559941
1322852543677030401
1323013281943035906
1322895327096168448
1322729784800149504
1322919030127271937
1322778755136425985
1322777462447742976
1322967097891323905
1322914576065810433
1322948989218623501
1322863218117746689
1322968686093836288
1322941136999239680
1322969912730624001
1322951392731013120
1322936946583285761
1323025829719429122
1322906247658700800
1322917897593933824
1323018226247360514
1322942264059039744
1322956179656626176
1322856275177254914
1322868256387092491
1322962994041597954
1322867203008593922
1322837287806390273
1322986639199817728
1323041395838488576
1322710538401554437
1322892853002014725
1322811290381856768
1322799830557773824
1322813056909455361
1322977918906257411
1322966936238641164
1323029089909956609
1322892225639026688
1322920070390161408
1323042308590362625
1322996016778485766
1322895805880111104
1322876042990813185
1323008253408804870
1322914085739048960
1322840094169026560
1322856766376431616
1322924760465055747
1322957956867084293
1322972348719484934
1322893857957253122
1322969872347865099
1322967630039470085
1322985002666205184
1322868618066042881
1322900159525752833
1322961557245071364
1322937831673790466
1322803464880140288
1322910657327542281
1322918012333207558
1322908141114302464
1322961702225399809
1322998177671352322
1323007599005020165
1322975234300006403
1322981090148126721
1322962712431861760
1322760138441281543
1323008290868047873
1322965547231940613
1323038177788088335
1322949476030550018
1322919578675105792
1322948397234573313
1322900416317763586
1322909544981450760
1322816125529399297
1323037157557178384
1323008328298041357
1322921515583766531
1322973922468548608
1322949528610349056
1322970765743017987
1322796237398122496
1322932411160793088
1322935320468480001
1322800444624744448
1322906142704586752
1322869999170736128
1322818567566491648
1322932390268948481
1322781485800280065
1323047818748174337
1322855654739058690
1323004725999116292
1322933040444788736
1323005513798471682
1322954497723895808
1322973991032754177
1322774703820472320
1322827134293991431
1322967915797336065
1322962494818844672
1322845941112647682
1322957473142157329
1322868671937740800
1322923267817115648
1322861481608794113
1322995041091178499
1322816598550392832
1322844347210047488
1322987819468546053
1322786675592957952
1322824727149293569
1322950499746926592
1322878762392891397
1322976081964617728
1322936676935761922
1322865222277804032
1323002617996464137
1322843885308182529
1322945349179367426
1322816506296676352
1322971245370056709
1323011578992742400
1322824850877140997
1322885772345827328
1322909965116411905
1323015542597439489
1322883549402378241
1322983501528883200
1322823353384767494
1322938786200883202
1323037981872132097
1322918465389371395
1323035308787748865
1323044905040683008
1323018438084841472
1322993588364599297
1322817732585336832
1322814901505658880
1323012081319350276
1322802545597812737
1322828881557102597
1323043308889919488
1323016684656099329
1322874413579120642
1322928180274089986
1322993440335007748
1323031981723131904
1322984601544019973
1322971725630459904
1322885725579288577
1322883619275362305
1322962039871066112
1322873536365645826
1322963217426063361
1322993085744357383
1322842002816438293
1322833233231417346
1323021071226966018
1322985002708176909
1322933473292783616
1322818762291249152
1322974680920281088
1323005921749061644
1322988335485329408
1322972862764982272
1322894822278127616
1322883652523536384
1322882931652788227
1322968697926045702
1322843339104944128
1322882127457910786
1322951299298660352
1322869467983060992
1323006596432224257
1322995618000834561
1322977702043914243
1323013399987560452
1322956159029071873
1322846736151433217
1323007632949583873
1322956071523274752
1322863810525437952
1323009957621628929
1322946300481069056
1322916519270035457
1322958507650523136
1322921831620399105
1322861806763855873
1322814781238239232
1322835041697861635
1323039313274277888
1322901293485199360
1322943465370562560
1322695345650937859
1322970927735492610
1323031074868482050
1323005290363670528
1322953544945831944
1323034816732909570
1322756806146490371
1322839655432261632
1322946214409736195
1322840597892386816
1322987769640136704
1322848614427840513
1322831388249346048
1322938436605693953
1322938545468788736
1322802904403791873
1322956573917011970
1322805518398836737
1322950366607118336
1322823932655927296
1322934295799992325
1322903362883473408
1322920832591667201
1322809774300385280
1322961976025358338
1322954950222188545
1322944734072066052
1322833845478170625
1322952156413120518
1322810649790058497
1322851168763170818
1322834306759303169
1322835539343691776
1322705371740459008
1322914588648742913
1322961036710973443
1322894184760643586
1322762022019338240
1322857311434645509
1322835387660836864
1322953944746860546
1322978585955749889
1322798804861652992
1322858002995728384
1322888918602272770
1322997856626769922
1323000419942080519
1322837325764808709
1322954848808112129
1322936080308588544
1323014108728406016
1322803114328662017
1322980817061163008
1322911762467926017
1322857144790769666
1322929007701217281
1322912065560944643
1322973274607738880
1322860320298328070
1322913199923073024
1322997189384155136
1322863804200427520
1322974631511445504
1323013881334272000
1322846511437328385
1322935789077123073
1322787225537568768
1323026478037164032
1322774021818245124
1322914495203844097
1322860810914402306
1322833063597002757
1322799432660930560
1322998995690659840
1322864849441988608
1322729964601528320
1322966419542331407
1322904481361780742
1322865463307702274
1322972398233243649
1322698549528797184
1322935960204619776
1323010781689057281
1322860630261551104
1323015950355079169
1322860252623216640
1322693843142217728
1322834572674011136
1323016694999207949
1322831191003844608
1322971039031349249
1322843551953260546
1323005685391626243
1323006842977607680
1322940127606411271
1322886555074256896
1322803499474845698
1322834353739780096
1322711874488717312
1322829381992140800
1322927947578281984
1322850688297218048
1322868650773225474
1322872027594792961
1322971022946000899
1323014159336902658
1322967464062443528
1322894714354470913
1323015372501602308
1322902255775948801
1322869239284436997
1322886674037280769
1323025279867113473
1322825813058850816
1323048417342443527
1323044192361320449
1323018906148261895
1323032022097551368
1322999858341531648
1322959156438061068
1323013018041671683
1322886117860003840
1322819164537499648
1322996921158537216
1322949154440646659
1322804194798194696
1322911082869084160
1322807054604640257
1322962631150522371
1322845449162760194
1322933121323589632
1322813887796944896
1322819233810681856
1322849220894883841
1323044770919440392
1322694068741296129
1322878436675903488
1322979322253266945
1322846365848793088
1322838759885410305
1322865015800647681
1323015272534544385
1322963134215266304
1322975357121761280
1322869112528392198
1322957788876836865
1322889643046719488
1322968344019042306
1322830887675977733
1322866249794244608
1323010668036038656
1322922497034113024
1322923243414708228
1322984001838211075
1323014403097272321
1323034996844777477
1322986330415079429
1322935821222219777
1323000582211309570
1322825472372281344
1322953899561668609
1322800689853177856
1322845729283579910
1322844409545838592
1322974016458678272
1322905120129077249
1322956708696698881
1322934168918069248
1322917713266823168
1322837545651240962
1322847628669997057
1322694602676146176
1323035625528954880
1323012188949405697
1322798758950744064
1322974547398807552
1322860544777424896
1322854092536979456
1322968918668038145
1323011096043802624
1322833452207640583
1323029876580978688
1322957511125860357
1322837290574581766
1322942995805605889
1322897691601473536
1322797345650724864
1322920094628982785
1322945959215697921
1323016886796300297
1322966193809068041
1322973652594425864
1322964425528299523
1322935077093974021
1322816515385819137
1322979887146246144
1322882704166309891
1323048685836656648
1322914472344850432
1322983448852779008
1322883864046510081
1322990321291190272
1322934727951659009
1323012860516159488
1322829183526064128
1322906233116987395
1323033003736633345
1323010526495023110
1322810564444332033
1322958748537729025
1322934482954014722
1322877878971834369
1322964561985785864
1322800150729863168
1322815268536655877
1322937936573276166
1322850143876599808
1323031041041379329
1322816661041389568
1322952163883130880
1322921384859885579
1322779925330468864
1322890837894799361
1322913019530256384
1322838347354689536
1322827987138629632
1322940922129272832
1322896683743825921
1322906839672066058
1322961865421529088
1323037412356984835
1322945695972732930
1322948775992840192
1322884194612248578
1322881059097378818
1322883612933562374
1322905965403033600
1323010029625217029
1322931382096715776
1322970952544722945
1322985395857117184
1322876936578879488
1322932483277623297
1322865611886764034
1322728382552023041
1322948895194927104
1322922318834839552
1322725498804408320
1322719615965945857
1322923774413557768
1322852618037841920
1322828544930623488
1322817577496776705
1322972107073085440
1322852536173420549
1322898526062452736
1322927043680575490
1322915097690443777
1322971846598369280
1322952649793249280
1322956227123568642
1322927276984590338
1322794015004282881
1322809363648622594
1323005876769296385
1322915703926726659
1322949137076264961
1322934783861788674
1322870577066070016
1322971369160790022
1322949995943858176
1322863769056366593
1323020965882826759
1322831090541907969
1322801198756495360
1322937283880849409
1322826351074807809
1323031376891940867
1322968370204102661
1322970543113601031
1322984694942703618
1322881943315369985
1322988097370427392
1322950020312813568
1322981187527344130
1322795877614891008
1322877747815976962
1322940797671624705
1322850604830646272
1323026759344934912
1322952442380734464
1322901562956677120
1323047964160516097
1322836163590238218
1323043059450454016
1322899359936188416
1323032528127746049
1322897430023708672
1322965624277114885
1322908505410543616
1322966412466552832
1322868686676500480
1322821942169260034
1322893427080650754
1323025788493533184
1323003416172503042
1322845001265676288
1322958775733673986
1323045103829700610
1323016132811509772
1323004299908161540
1323011154252337154
1322843785966006276
1322952670739484674
1323000265625227265
1322854007145140224
1322843606110142464
1322976157936078855
1322998550758858753
1322864038402052096
1322849121636679689
1323022278695768072
1322965784960917505
1323040561192984579
1322993095139536896
1322889609404207105
1323019995522179073
1322922905219538945
1322965793856999425
1322695578569027584
1323033234431758336
1322988482718031873
1322942801336819714
1322955886281764868
1322952197508911106
1322970137406935044
1322988030723055622
1322826215451930624
1322690155912843265
1322992389464666116
1323000826990895104
1322976681162874881
1322958372212215814
1322819737286561792
1323011234141212679
1322860713799462921
1323024119122796545
1322948073899937798
1323049362549805057
1322962398773465091
1322923545152811008
1322814392069689344
1322812472546516992
1322964807193141248
1322861853358366720
1322984773908910081
1322969424006160385
1322970794486616064
1323041282025873409
1322982611510329346
1322980407390937089
1322960533843251200
1322889012324028416
1322904825009491968
1322859943272341510
1323015641528520718
1322923507848798209
1322998416654454785
1322994314981613568
1322952460642754560
1322887546955829248
1322918177270046720
1322864974260244481
1322857076075470849
1322979655364808707
1322858592291213318
1322838135735242752
1322828166742839297
1322906899424174083
1323017025069977601
1322837766393237513
1322707770731384833
1322885221453357058
1322983230895775745
1322923908077703168
1323016785566814210
1322867264878727168
1322846061690576899
1322861419096887297
1322914372637872128
1323021031183945735
1322810062583275525
1322780335340507136
1323034028333764610
1322969604747153409
1322969590373253120
1322703006299648002
1323005908117557255
1323007429521641475
1322855816282689546
1323002988542205953
1322920696960483328
1322963442471440387
1322819134749577218
1322774368699691008
1322967504348696577
1323012706652295168
1322834487730966529
1322948576159371264
1322801987902210050
1323011670785036292
1322904386432049153
1322874521293115392
1322949555902697474
1322929496639578115
1322860527400505348
1322851287533264896
1322925108864917504
1323006465230147584
1322961023477948418
1322827309443932160
1322812899182714880
1322837225982353408
1322885336398241793
1322906391565291520
1322930549535756293
1323005799321554949
1323001455524122625
1322836142417448960
1322915215361691649
1322974226962354176
1322888897102303232
1322938118257954816
1322956309373816832
1322909819188162561
1322896714462908422
1322694250501427204
1322864012984487936
1322978336851873792
1322866711612268544
1322858457456922640
1322815198391095298
1322831363557466113
1322842100447195141
1322912618349211648
1322981345140875270
1322925982127448064
1322950150176841728
1322931804337295368
1322858824747896833
1322887795455758341
1322896828120129536
1322968318484094982
1322965653247217674
1322875130918379520
1322846547965599751
1322895295827554304
1322951798425030658
1322957538518859782
1323025214104604672
1322994409361805312
1322980399023333378
1323004845377376258
1322995472852750337
1322814385006563329
1322858622041362432
1322833616427196417
1322861617353314308
1322981962223620099
1322736009537376258
1322805774016487424
1322804583668867072
1322997497481121798
1323002559603314689
1322939973646036994
1322984519109136387
1322906244349337602
1323007017976582145
1322852578351341571
1322845039790346240
1323010196055216132
1322876695695790080
1322819235303903232
1322944781950033920
1322863059715657729
1323008344009908226
1323043969106907137
1323003849385402370
1322974680609968129
1322974305098080256
1322776379532939265
1323038219462737926
1322911183138115586
1322846904842158080
1322878592154554368
1322913746231136256
1322845899488481285
1322849462071545859
1322689871161511941
1323050823560142848
1322959411434979328
1322934652341002253
1322995195961581569
1323035411493642246
1322895629459329025
1322806574415491072
1323033654973648896
1323017699505688579
1323032216490958849
1322869623151362049
1322949434691489794
1323046364859801601
1323005469582045184
1322826060300509184
1322972823497953283
1322907205612568581
1322868769652461570
1322847463020109825
1322834327709908993
1322864333186097152
1323000834003787783
1322845264416247809
1322818175675805697
1322983844308463621
1322843736393601024
1322811089961320448
1323011866055053315
1323032582980882432
1322891531469148161
1322861035116728326
1322911701235310599
1322858440126013442
1322887549065584648
1322778635225473024
1322819415751172097
1322969286412062720
1323038757403185152
1322829721810411525
1322996572578340864
1322998481284456452
1322937435848847361
1322889453891969024
1323005086902136833
1322944509366382593
1322722212055556097
1322952579735801866
1322960127482277889
1323007169617383425
1322846481972342784
1322798904975466497
1323016430602911744
1322952400244772865
1322889213348556806
1323021804127080449
1322835227769774098
1322891591133077508
1323012548111814660
1322870207627595776
1322969013182517249
1323000487537479681
1322955644480163840
1323016094685286403
1323006519806492677
1322899865270104065
1323011621447471108
1322794815994630144
1322916120857317381
1322816573732720641
1322991386703126528
1322819674690752513
1323023788863377408
1322981584354578432
1323007488510361600
1322838196120670208
1322941818552623115
1322955728458567680
1322842263685341189
1323014719091986434
1322941590743166976
1322935427406483460
1322809294895648768
1323013868319313926
1322811847792304128
1322858961943425027
1322953455858814976
1322927317329580032
1322861064917319680
1322922562947604480
1322842779505086465
1322973265141370883
1322823995520155648
1323042125072707587
1323011175316135950
1322871776263708673
1322909696181882882
1322813794490474497
1322975457332121602
1323031254422425605
1323012611936497667
1322954334020259847
1322903164979478528
1322953151465639937
1322866768092766208
1323015631344705536
1322782651531612160
1322851908042870785
1322825687082913793
1323015189697044481
1323042229175394304
1322770086051090432
1322966031749517312
1322988316917174275
1322906677805518849
1322793526736920577
1322884716782063616
1323021117469138946
1322967250048110595
1323007657767297024
1322981707235155968
1322820577992781824
1322874166622736384
1322950545028558849
1322958003264434176
1322855657033400322
1322995466259357697
1322790484570443776
1322834670334234624
1322877845190959104
1323029102421516289
1322805651186294784
1322943544382935048
1322963692472991747
1322941283338489857
1322937275882311688
1323013486453137409
1322950976035299329
1322927485940629507
1322926871307235329
1322934992893333507
1322970647077785601
1322741522945744901
1322987186418012160
1322769850821988353
1322968261483483136
1322705856811642882
1322862301293219841
1322940130836008960
1322929064525574145
1322862275653472256
1322963608893071363
1322858923087581184
1322839166569369603
1323032366533804032
1322851235398094849
1322999278332162048
1322866280999825419
1322850627819606018
1323015804292575237
1322861488781090829
1322962703477067776
1323001600839979015
1322979010519977989
1322792214657982464
1322705124528132099
1323029583944450050
1323051044381872128
1322999679047606272
1322805025865945090
1322964960671113218
1322858988883640323
1322994908152680449
1322959475913953280
1322853710901465089
1322838567815684096
1322831330170839041
1322829462229180424
1322842820605059072
1323011784882720773
1322974022058082304
1323016629018595328
1323023362789167104
1323011609531502592
1323021143192883200
1322999320338194434
1322848400732311563
1323010668103086085
1322959740222296065
1322856516282712077
1322866837827321856
1322879669910253576
1322817362735845376
1322869893390344192
1322823043543191552
1323027863331852288
1322954222879580168
1322923143808405515
1322774513587789825
1322921490547986433
1322801281400975360
1322918852389408773
1322957527450046464
1323045207450025985
1322932305778954240
1322864664745836544
1322887488877244416
1322854365921742850
1323042714984787970
1322881258523889669
1323021545766375425
1323013628593905664
1323014688616161280
1322829778701983745
1322854082931994630
1323006621627330563
1322891589237284866
1322983569887809537
1322824565186301952
1322809726468501508
1322857338521477121
1323001441984929794
1322834448736505857
1322846542445879306
1322968115085561856
1322778863810846723
1323012670023442448
1322971215682830336
1322963326171811840
1322831473506947074
1323025738363244555
1323011941493805057
1322958301575958531
1322779103423062017
1322777229949128704
1322882655281700865
1323019994024808454
1322863612722032642
1322840886871470081
1322844465736929280
1322975778821255168
1322826000053506048
1322863820075839488
1322960389446029312
1322918066582441984
1322941501580677122
1322845986985824257
1322901624617160707
1323011326172680192
1322932051222429697
1322960614839517185
1322823776850108416
1322718350653489154
1322842246224449541
1322899348351574017
1322959933973975044
1322947230786080768
1322888815623708673
1322805785399799809
1322954051399700480
1322929120905515010
1322983944430735360
1322964334256029696
1323018442350407680
1322917285355491329
1322911709242265600
1322780117886795776
1323015013762813952
1322977048441327622
1322953068158373889
1322854669643927553
1322961723670859777
1322868016988774406
1322900654839443457
1322712698564628481
1322910420873760768
1322867121823637506
1322889396643864587
1322950799945830401
1322959490459803651
1322927531880861696
1322837142876393479
1322894662936518662
1322815950769561600
1323002244636266497
1322955042362740746
1322816360599212035
1322895086510919680
1322814415285198848
1322981939515711488
1322834616420622347
1322940776612069376
1322933298222563328
1322828324939456513
1322812854085537792
1322865460732375041
1322888192350212101
1323014005062094849
1322804031970926592
1322843695297822721
1323004523099676672
1322868051470131200
1322962572006612994
1322738604381212673
1323043882767159308
1322865121895583746
1323011917645008904
1322988881730539533
1322935132672692225
1322967299385679872
1322930866537062401
1322902146732466176
1323003635085824000
1322875724429250560
1322922060956508160
1322928657757884424
1322781653845106688
1322831094148976640
1322989112404680704
1322906756020842496
1322836727443148803
1322820418433093632
1322980903191257094
1322936202874540032
1322961267557097478
1323022390599831552
1322871138167521282
1322855613005811713
1322828172317122562
1322979286471626752
1322842533077131264
1323044805358866433
1323021877523193863
1322948677518938114
1322944398922043392
1322861657928933376
1322917823576973314
1322821801207095298
1322829431199719431
1322949607605886976
1322969491807064068
1322865158507692034
1322893116479803393
1322940353125720068
1322925816146178050
1322818827051245569
1322953272999710728
1322831730051588102
1322980156693250049
1322818287428898818
1322890119112761346
1322974188756455425
1322993521935212557
1322953902577299466
1322860003015987206
1322841902807502849
1322987108714373121
1322918680095842305
1322882940355989506
1323008678140825612
1322957519665483777
1322948845295276038
1322964151740846083
1322868784907100160
1322933974088429568
1322841118950723584
1322946228070526978
1323002721331519492
1323018304856989697
1322822532609810432
1322956098899447809
1323003932252274691
1322978705497534464
1323005227205885955
1322973616967999493
1322904570406862848
1322999106915192833
1322864384050384902
1322891149732990977
1322894943166353409
1322834400002875392
1322799832529076224
1322826934682853379
1322934626483134470
1322964793343512586
1323013047032729600
1323020395088433152
1323008147469066240
1323026423586656258
1322951410003173376
1323007862092763136
1322693075358068738
1323026453651464192
1322917714931961856
1322820616974700544
1322967296583892992
1322861657018798080
1322909029732130820
1322956036412768256
1322853043734487040
1322849228033527808
1323036628500230146
1322971777404948481
1322967737371664387
1322923706214240262
1323013117366984707
1322945429466718210
1322832171653124097
1322996662898491398
1323006275584729088
1322798788667387904
1322900050893283328
1322926652628914176
1322937041550741510
1322951633039482882
1322901324611133445
1322850476099018752
1322937161151369223
1322870451996139520
1322819945156194310
1322744309607780352
1322955120070582274
1322833481702014976
1322862691610955778
1322946549434011648
1322992070882152450
1322897080243884032
1322871755485126662
1322694343556300800
1322953088022568962
1322871807456743425
1322982898291662848
1323009794417020929
1323024414510907392
1322975565171904512
1322856534951497728
1322818663112675329
1322846435147161602
1322911972116103168
1322979728148504576
1322854921885175814
1322932146638651395
1323032111423639554
1323003519478255616
1322702205317767168
1322841060830306306
1322861676740419585
1323008618720100361
1323031018786459648
1322870349910986754
1322880495571603463
1322817931496087552
1322963692074524672
1322813808721731584
1322805829557538817
1322988352291905542
1322969779091759104
1322870109338324992
1322947609842110464
1322915503065747456
1322896357418541056
1322991249138339841
1322812890693423109
1322903551337791489
1323048048205926406
1322906471944855555
1322968884358664193
1322870889034272768
1322782442160300035
1323008754795843586
1322844498624499712
1322818707635273729
1323019418818011136
1322943142962864128
1323012484287156225
1322702626010603522
1322901396237262850
1322955014814502912
1322952237304467456
1322974845727055884
1322811147842736130
1323011555076771840
1323042418590130176
1322858507868213250
1322856638227877889
1322932256709713921
1323014173622718465
1322933397078089729
1322958622410838029
1322795064863674368
1322926638636609536
1322902384251674624
1323023401477431299
1322969223929450496
1323026779855069193
1322857422273347584
1322874482948800519
1322968801395331074
1322975445122457601
1323034914909003776
1322965700097572869
1323009740729913344
1322962294763098117
1322825869543485440
1322803075602620416
1322974866283372545
1322780280139165696
1322916300449001472
1323040049282359299
1322707658596589568
1323009232854278147
1322963440525258752
1322960413596753921
1322971762829701121
1322937830780424201
1322809751835676673
1322903652336631809
1323028329692364801
1322843376933310466
1322927986077827072
1323032002862481410
1322871800137687041
1322946383817674752
1322787817173536769
1322819733008355330
1322738442912985089
1322759920735997954
1322938026474016768
1322966097419796481
1322923876230352896
1322963720876793856
1322841245388079111
1322841191151448064
1322732630983479297
1322948683927822337
1322977964603154435
1322891384794370050
1322979450808606726
1323017869857329153
1323012919576170502
1322972512792334339
1322947420125278208
1322940021377323015
1322960390767185925
1322819827812208641
1323025066762948608
1322939254201307138
1322980405746769920
1322946674097086464
1322954777844719617
1323002072082599936
1322881085353660416
1323006473698484225
1322999879317278720
1322957456721543168
1323012934705041416
1322859628552720384
1322851284286873600
1322970717927936002
1323030475187736576
1322958751721246720
1322907870162280448
1322863823255228418
1322756120130277376
1322912998395138057
1322970930457595905
1322795807033143299
1322935612966604802
1322977133715726337
1322944729571614720
1322921672329039873
1322842882865303553
1322946633554972691
1322988798599462912
1322911036333346818
1322849968684675072
1322934045844606977
1322695664585875457
1322926583665979392
1323004668209975299
1322882843765317635
1322799782994284545
1323012017880518656
1322862042177544192
1322819640695918594
1323005697165058050
1322970733031628800
1322819428799623168
1322978314248663041
1322839619617083393
1323031103683334148
1322806101675515904
1322975654221123584
1322910853084123137
1322869352757137409
1322898507955642369
1322950801690603521
1322953413706076160
1322995870233579521
1322954183432175620
1322963950238052353
1322867925125074944
1322727225456734209
1322950007545356293
1322951743358046218
1323030179338461186
1322982492463353858
1322801913214181376
1322846874223738880
1322816426718146560
1322961396154437632
1323040543312613391
1322819875874721792
1323031135803375622
1323037588995874824
1322917220943646720
1322995768316350464
1322983187996430338
1322800330879475712
1322820367103283200
1322836655217299457
1322951447525416963
1322950807956979712
1322925593776803844
1322881202521575424
1322822570014613504
1322749959305891840
1322824392531939329
1322843568277520384
1322895354958893058
1322819324474761216
1322972029474295809
1322949100124413954
1322916339791646720
1322933569195544576
1322872231815467010
1323009558864953346
1322964289632804871
1322820986857807878
1323029266943135747
1322979598548819968
1322985666754600960
1323010311033626625
1323000128098209793
1322868040434855936
1323008480052158464
1322918901882228736
1322961931624394760
1322989801629458435
1322788131666612224
1323041675418226688
1322844460527616013
1322939585316425728
1322815234420166659
1322952900935634945
1323021066038611969
1322968676312776704
1322978504401686530
1322826658831892482
1322865866099359745
1322931927427534850
1322970748705820674
1323052130203246592
1322995050129838081
1322876558873419776
1322844443934941184
1322991610997706752
1322910058825527298
1322931487294038016
1322804526005575681
1322948806451908609
1322974018509692928
1322959038225723393
1322941952107700226
1322887301400317954
1322820234122768386
1322905009395290114
1322849681949495296
1322842870521483276
1322934960416788495
1322903562716913664
1322926901028130818
1322938415101468695
1322692993325928448
1322696246012895233
1322858420823875586
1322958637116071936
1322965363278098434
1322938294670413824
1322828560562823174
1322808521658912769
1322827651611054080
1322853752341254150
1322801090107265024
1323013919263346689
1322867924743446534
1323025137701134336
1322897469601161216
1322899567533346823
1322966721645453316
1322951032612282368
1322951045123899393
1323013908135858181
1323007311867187205
1322923284439191553
1322831562476572675
1322800898431721472
1323015231589830657
1323050065548763136
1322978373178634252
1322930430195208192
1322880853815578624
1322962006220152833
1322959723558260738
1322799827458162690
1323013442744340480
1323003732548833283
1323012253755547648
1322897475577946113
1322996476205826049
1322901615733518336
1323003174073020417
1322947422193098752
1322946210098012160
1323041921342853121
1323040808128446466
1323005795408121856
1323014369286959114
1322837916951945216
1322974994876538881
1323022889608794114
1322828958350659585
1322935202373619717
1322904592028442626
1322914435623780352
1323030065840574466
1323021111249031185
1322940287312945152
1322971053342265344
1322862371874967552
1322859130206461956
1322846961108717570
1323031394549977089
1323038846540484610
1322871164583268353
1322899507126980610
1322992195587235840
1322996853428920328
1322854918710054912
1322949461962797056
1323007324643053570
1322955557888819201
1322910709517324289
1322814837886509058
1322961096093933569
1322894012156698631
1322835771385171969
1323030168554930176
1322925953371262976
1322933910767046656
1323006222719701004
1322811440907001856
1322941461336334336
1322866293385711616
1322994252662657024
1322871639734947840
1322956545949343744
1323052021096787975
1322881097647226882
1322901942000037888
1323030195960500224
1322867070783098880
1322854619966484480
1322996309826174977
1323011072719261696
1322804496930623490
1322909436705464320
1323037320619171840
1322990697524432902
1323034512465473543
1322749455850942464
1322717588569378816
1322844653310402568
1322978974033727488
1322954324511756296
1322964979050577921
1322852320909139978
1322881489172836353
1322995765434814470
1322906688450666496
1322811875772477440
1322995305621671936
1322949948300763141
1322872515841196032
1322842038753251335
1323008035288158210
1322865353530183680
1323010542370541568
1322820579452284928
1322953083358502918
1322695349711024129
1323052075572486144
1322694165411647489
1323015647916253184
1322899644481966082
1322890318363140096
1322726327284355073
1322809819112361985
1322900228266201092
1322869563390918660
1322842048639209476
1322997322729607168
1322855895894790147
1322964267189047301
1322778741463044096
1322872798725967877
1323032485903638531
1322805073035091969
1322976573574832130
1322983654868615168
1322903269824487424
1322781687651225601
1322956306488152064
1322971564028153862
1323020913693069315
1322912186923102208
1323005118690828289
1322856461672865794
1322917302233452544
1322959932585627648
1322956438256451584
1322961978202198016
1322810702055223296
1322860720703344640
1322936344902017025
1322956524407410688
1322973209084518402
1322849287391367170
1322931549671694339
1322873222858244096
1322965550998441988
1322975349232250882
1322891086394699779
1322966370171191297
1322940993449218049
1322973592502607873
1322848523197517825
1323022979371012098
1323005970524622849
1322866617357946880
1322981368880603137
1322957705494044673
1322856194122330117
1322969953025302533
1322975274686992385
1322893942493487109
1322897266764582913
1322957909802758146
1322951613179404288
1323050553782521858
1322903171451277313
1323029123451756545
1322945619565158401
1323008356408348673
1322917935221002240
1322967077406298113
1322966210930221056
1322874480893579264
1322861336825679874
1322915993434337282
1322941393988423680
1322971504997507072
1322949286036934663
1322969645784158214
1322899843065499652
1322980615566798849
1323002654545616896
1322861238867603456
1323030491990286345
1322935595082108937
1323022846449324032
1322782027691794432
1322893792861687812
1322788388370554881
1322974653833482253
1322893287888474112
1323022487869886592
1323025318572105729
1322981936713838598
1322882963743383552
1323015530031292417
1323006893460250626
1322908375252979713
1323013573757599744
1322998552130453505
1322969834448166915
1322958084097134593
1322942993503002624
1323010912681381890
1322938537646477312
1322937825738788874
1322712048355184642
1323014638854901768
1323026639958265857
1322961404740206597
1322856703092838400
1322865837666115587
1322861562391126018
1322931273749401603
1322967000910581763
1322813228687261699
1322945487259971586
1322921848091381760
1322985089043750914
1322835314382118912
1322865811132993538
1322996879433498624
1322863824903512065
1322948830455865344
1322976713849081870
1322827448942297088
1322888299481096194
1322936911967780871
1322870240783568911
1322922768380383233
1322863274346663936
1322928327989100544
1323031487646781440
1322852423048810507
1322981623965646851
1322839107693850625
1323030055363219457
1322844200367513600
1323013073880436737
1322992207893245952
1322992932413210630
1322780198039859201
1322950891864002567
1323037837101588480
1322970066028269568
1322952652444098560
1322863813797044226
1322877325118197760
1323009381886210048
1322977028782641158
1322970208445882373
1322821467936010240
1322981745151610881
1322795839337697280
1322987214821904386
1323008260379738112
1323024853725753349
1322827232121933825
1322871742809985025
1323036181278412800
1323007373355700234
1322973605748264963
1322935990076526596
1322699816292536321
1322849967090925568
1322808418298712064
1322949949332533248
1322956414260858882
1322939858214682626
1322990368900685827
1323036605838467074
1322969611244130304
1322958108738703360
1323016223483928576
1323035466795462656
1322955553426067466
1322956268009623554
1323033898415280128
1322960462351314946
1322760297640271874
1323005942846423044
1322871540090884097
1322920716086448128
1323009867683160065
1323003586276634624
1322821101056118784
1322968973860872199
1322956462356897792
1323006947986198528
1322943535134445568
1322933784266899457
1322957248117747716
1322845933231591428
1322949065336889348
1323006438395027457
1322958653150892033
1322978950205890561
1322840629777485826
1322992020009459712
1322949457265238019
1322828023289163777
1322879056849838080
1322969285216641026
1322935816302305280
1322897651478781954
1322936249720688653
1322700832773648384
1322953171367505925
1322973482356035586
1322951763008331781
1323032668234285064
1322969553295519745
1322974138739425280
1322989743483899905
1322953209246343170
1322863935587012613
1322900812432052225
1322951606481158151
1322980713419968512
1322821644252028929
1322939815151734784
1322861621086199809
1322918186849914881
1322866585258909704
1323004329314365442
1323046005059760129
1322896465400864768
1322827416935538688
1322844138275065856
1322990740058886148
1322826634781696000
1322851221976342529
1322952898079313922
1322851587774140416
1322883207579262976
1322842589586989063
1322735059649134594
1322799094100885504
1322823857636605954
1322989424003764226
1322975014224842752
1322949989086232576
1323019751308828681
1323010198483722243
1322964531811856396
1323004762376278022
1322935680935317507
1322726644533047296
1322925181178970112
1322699279748763651
1322866682969423872
1322994965828505612
1322970343133294592
1322877405854355456
1322894713427513344
1322900988982890496
1323013073125416962
1322892044776300547
1323023429738536960
1322808087749812224
1322954028972679168
1322824077120282625
1322946226887811074
1323047427872489472
1323039996358643713
1322905631062478849
1322828343851524096
1322882788702490624
1322979480185556993
1323005299788259329
1322839776832212992
1322962102475259904
1322876549360766976
1322942234237509632
1322872490687975427
1322809712530857984
1323030798728073216
1322856652257767425
1322889298291675139
1322817718148620288
1322957415030075393
1322928191338647553
1322966359786115076
1322939390843342849
1322947747666952192
1322998703397965826
1322825952171331584
1322846106074652672
1322863593625395200
1322906377849868288
1322922897174921218
1322948270092623880
1322793345073164293
1322834715573932032
1322933791279751168
1322977051490553856
1322818822534029312
1322967106594496513
1322955241881538560
1322824911396786176
1322955676247871488
1322948873942405129
1322850786901139458
1322887779798441985
1322947204181561344
1322901108491247617
1323000460970725376
1322890004448858113
1322792999940743168
1322857321760989184
1322866247046995969
1322944673305055240
1322975481885560835
1322958626940735488
1322863966218035201
1322860545465352192
1322954535732715529
1322892234795241474
1322999187168989185
1323022624696532992
1322966673872293895
1322870965026652161
1322903166548135936
1322703075652587523
1322916900205113345
1322762399473127424
1322863821602643968
1323020744033554434
1322935294539239426
1322838761533747201
1323028032798494720
1322888669066387456
1322983791175094279
1322948199355686913
1322845828084572161
1322967113645129734
1322891607289507840
1322804328965484544
1323016451247251456
1322856873004027905
1322873352260853761
1322887556988620800
1322800683314302976
1322715689589891073
1322961638031560718
1322965294323847172
1322805684631707649
1322840167368052737
1322838823286562816
1322949945184440326
1322872777460822016
1322933266098360321
1323033846498107402
1323001856281448450
1322805047038742528
1323051355959939073
1322964146586079234
1322791968343265280
1322842080687890433
1322725686012977159
1322863808843550721
1322976161077645324
1322892692955844608
1322939207883673604
1323018560118149120
1323005392050442242
1322959596676390913
1322874171060297731
1323004920908435464
1322956554249949190
1322860888441970688
1322802736103100422
1322807463314366465
1322914007020380160
1322906704493846528
1322905400203759616
1323017277361528833
1322851754426458118
1322938939037069313
1322852020966096899
1322968148128288770
1322904793891962880
1322960328653787140
1322939744293212160
1322879000658780160
1322880649771044864
1322876837089992706
1322958926082658306
1322805330024275969
1322811032264450054
1322906497198804994
1322737941005930497
1322692653746515969
1323028594030006273
1323015082083844098
1323032516840882177
1322933636224720900
1322862307580485633
1322957590792425480
1322974457997217795
1322960385054572545
1322937580267208707
1323004677928210438
1322827490059014144
1322895150486618112
1323001511060869133
1322917823023325190
1322977254461173760
1323045614666600448
1323006105174319106
1322942388977967104
1322974828375298051
1322943679804411904
1322972693755531270
1323014151606849536
1322960766241247242
1322970557126762496
1322953967433908225
1322904538702118912
1322805254317088768
1322998725497835520
1323003875255848960
1322959486634643458
1322922266796167168
1323003048684388355
1323017376431046658
1322808737338449920
1322923198518861827
1323012409402052609
1322881096791564289
1322955018966831105
1323033682001747974
1322772204522819586
1322946625447276544
1323044093761593350
1322846593549303808
1322994084114518020
1322956006209572866
1323001297872834560
1322850038293405699
1322997632411815936
1322955261234057218
1322834355006414848
1322826265154506752
1322901955707084807
1323045689606184961
1322861652467994624
1323029788626472963
1322880054708359172
1322731963330035712
1322937411173797888
1322994213269786630
1322930432447549442
1322869965142302720
1322843730659987456
1322861859263991808
1322831670781845509
1322855351411232768
1322793736489881600
1322831277104529410
1323024994054688768
1322998702324305929
1322912675429601281
1322958429003153408
1322819364488359936
1322920713527975936
1323009927841984526
1322957922033410049
1322935329280634882
1322928305188839425
1323031395904737286
1322876248259964928
1322870055990906882
1322810723840516096
1322872229399568384
1322960348710866945
1322693571619803137
1322874841909940224
1323026634929221635
1322957158644928512
1322907268917153798
1322933660962738176
1322958934425161732
1322986436271001606
1322977640593133569
1322933950566834192
1322940285438087177
1322869043498487808
1322836688641675269
1322964160829935616
1322976943105544194
1322967115238879233
1322956756222443520
1323023552577261569
1322939228381216768
1322887592615026688
1322920942570491905
1323001209230413825
1322986605511118853
1322808420714598400
1322749865462538244
1322730421382221825
1322884749506039811
1322917026013261824
1322832823351447553
1323032342500384771
1322719407467122690
1322935231104622592
1323027942423875584
1322961981083684864
1322894636004843520
1322859939816214529
1322974697642930176
1322858594270957568
1322772185610596352
1322692409407557633
1322900880392359936
1322820295384858626
1322936491786620930
1322990637986271233
1322883138742353922
1322911830596083714
1322886304808521729
1322889433235050496
1322942156009578504
1322822562351583238
1323022861792169985
1322800416673959936
1322810612695662592
1323002895156072448
1323005651900080133
1322874482269310977
1322842676300054528
1322846314380578817
1322823003470745600
1322972054098972675
1322842257716891648
1323003785212579843
1322695036383961089
1322918466542837762
1322950116479819776
1322721499518828546
1322910760989790215
1322839957652840450
1322937459215400960
1323014617870831617
1322943930141429760
1322733408183848960
1322784114995548164
1322943011484012549
1323027886828408835
1322969463289991168
1322837813113618432
1322881936206028800
1322969064361349128
1322700947123015680
1322943786109018113
1322953766618976257
1322784063179116544
1322952644500049922
1322963572385894402
1322844458241740800
1322912872251465728
1322822941231452161
1322908703021010946
1322968184778088448
1322908449487937537
1323008786324443141
1322860539408752649
1322980369042448386
1322967457519329280
1322869005804314624
1322869382465376258
1322693100121268225
1323048026424909825
1322946491321884675
1322797976792797184
1322846612436197376
1322814076465106944
1322953712193671168
1322940574807298048
1323009974122041350
1322907025114685441
1322846701393240065
1322961053723074561
1323041327953645576
1323014594877628421
1322961815840718849
1322974698817363968
1322855162877300736
1322877511475355648
1322846584837648384
1322988436060516352
1322912353038569475
1322776732819226624
1323022570556370945
1322958677981147136
1322932365258358784
1322838365704769536
1322876912352612353
1323023380388421632
1322944697728409602
1322845547275964416
1322855289834688517
1322941901222412289
1323050830170333184
1323018727118557185
1322855351172157440
1322846534854189068
1322876818739892224
1323035734488551424
1322917462409699328
1322937283276951552
1322934253101977601
1322776763253088262
1322947145188691968
1322858436237922304
1322973214138576896
1322997626313285635
1322883782442180612
1322939186060603392
1322877784121888769
1322845990248919040
1322880813281792001
1322889314611712000
1322880548218482688
1322830274590367745
1322952875413295104
1322897197290180613
1322937608385798158
1322777304368619520
1322904435677224962
1322980413241962496
1322962042400186368
1322854047582425090
1323019576662249475
1322819164441116673
1322984079021772801
1322938246901489664
1322923662455017472
1322944663775567875
1322872983057215490
1322997199043776513
1322988578855620609
1322987723238580226
1322825905442639877
1322930819170816001
1322922854946607104
1322861286988853249
1322999762522677255
1322813551891771393
1322919736343232513
1322948701929824266
1323021365008617475
1323022519729836032
1322985870295736320
1322881536509837313
1322938153955692545
1322890949853401090
1322854947499757568
1322822072687538181
1322976658719150083
1323029578764333056
1322950539060150273
1322960043474649093
1323015073120559107
1323012465152708610
1322976879129874441
1322984208248246272
1322953160185520130
1322951886648102913
1322991228066107398
1323044775080218625
1322911028838043648
1322814870975373312
1322875371725926400
1322794453397098499
1323016667383955464
1322836851091214336
1322973128897822723
1323011952323473410
1322785499124277248
1323010561521704961
1323002758115504135
1322866587221807106
1322896061824978944
1322846307095117825
1322695867955056641
1322950566390177794
1322870620355514370
1322874282398175233
1322947481177608194
1322916383907323905
1322957748053643278
1322966951178739715
1322965864539443201
1323048063338975241
1322764079749017600
1322977107195138055
1323005953730584580
1322913496724611072
1322986317068836872
1322963845560832000
1322912345807572992
1322865808020787206
1322953021295394816
1323002724879880192
1322991670426849284
1322917592605073414
1322899461350268928
1322708923049271297
1322827592630702080
1322927681252577287
1323004355033915396
1322954943989428224
1323023188218023938
1322953628408315910
1322859970283642881
1322874112818163712
1322781805745999872
1323017563685740546
1322699788245209090
1322915086772719617
1322950298772668417
1322975023506821120
1322892880931885060
1322960731696992257
1322978235148361729
1322958872257142790
1323010910370365444
1322914592880758786
1322974802483793923
1322959742797516801
1322868193774522369
1322947798011121665
1322994219074703360
1322835049990017030
1322986595348287489
1322946724810338311
1323008471718076416
1322871664217116679
1322896503288008706
1322777410039894017
1322953616454569984
1322859184484999169
1323009059415592962
1322840610999570433
1322993065573961731
1322977499173761035
1322954161093255168
1322816445722611712
1322922714701668352
1322948549026500612
1322894020801138689
1323025491591335941
1322980220241137671
1322814124519235587
1322968603025645569
1322992896098881538
1322962305689227264
1322963689343995908
1322922907572543497
1322765326195544065
1322940293193281542
1322941021722914825
1323033219655225346
1323016866651086855
1322983037781630990
1322984113901621253
1322901050039410689
1322903821048258560
1322838140143493123
1322913353166131204
1322692165072539649
1322902759700635648
1322826286293811200
1323040259618254849
1322969678625624065
1322808385914474496
1322846785677725697
1323010538457235456
1322966482972745728
1322829112906600448
1322712953716695040
1322938900504104960
1323017046830030855
1322953888866177024
1323003703037693952
1322924476003221512
1322857947828047872
1322958175138623491
1322838202512756736
1323022212518055938
1322860721600892931
1322822291810668544
1322950712637165571
1322882524704657416
1322969669515513858
1323009632042889217
1322978200746643458
1322970761410367488
1322806009413488640
1322977688399826945
1322942661137965058
1322906053005217793
1322931402170634243
1322955948684619777
1322795459262484483
1322974685118799876
1322961671623712770
1322889495251984384
1322781745675149314
1322858422950395904
1322965048239755265
1322804262653644801
1322780308417224712
1323008538222960641
1322964182329905152
1322974438061690886
1322869750574231552
1322896564919001089
1323014402396901376
1322998565015298048
1323035207193210883
1322811345776087040
1322926455026757635
1322860884574785536
1323026271136325632
1323025911520911360
1322804230948900864
1322911533232541711
1322888065828982788
1322952611956432899
1322943456638062600
1322937073305833474
1322811631533961217
1322925517947998209
1322960580781682689
1322926671239041024
1322956156084670466
1322845737013698560
1323010125666373633
1322918163235876864
1322980579051216903
1322988759441440770
1322987278910787590
1322951919355236354
1323021707519627266
1322821981281148930
1322870055240146944
1322996519788826624
1322877743474855936
1323004525263966209
1322796696359809026
1322985435329667072
1322886683122159617
1322955081180958721
1322900346008731648
1323040297119551489
1322912213120798722
1322990766642368512
1322984921581969408
1322957873484337159
1322942910195785730
1323008184001376264
1322957805838630915
1322913950195998722
1322989473538428933
1322893105272672261
1323049599792304129
1323008287563022338
1322833136733069312
1322789129126580224
1322911287744016385
1323009007771127808
1322921268455350275
1322974158729469952
1322876681787449345
1322952035096997890
1322835475296591874
1322865421532450816
1323027744687607818
1322944169216741377
1323044640266821632
1322817155549847553
