1324995313061474304
1325019039618527232
1325101752836894720
1325176965905592321
1325040921214382080
1325139471684296704
1325143437843210240
1324938590422491138
1325202399229743104
1325192576698253312
1325105303843713026
1325201164409794561
1324986433363451905
1325069823437643777
1324997713805651968
1325088421438746624
1325033066553872386
1325073978860433408
1325151902254817281
1324989553845948417
1325125228318646274
1325024539865124865
1325154170689777664
1325145108824514562
1325188999850364928
1324871488667791369
1325160401382723585
1325159612287492097
1325189835418701826
1325174823589326852
1325050296742064129
1324872175585726466
1325083661990039559
1325025897146179584
1325011547618484224
1325014964810231809
1325199126728904704
1324865801980170241
1325014911928373249
1325010422924193793
1324956495960797184
1325126625940434944
1325159116310917122
1325153084343951360
1325188799928954880
1325107216408596482
1325158028941819908
1325078762170486784
1325204189174116354
1325026810518786048
1325162470424666114
1325048017217593344
1324989703662268417
1324989468101767168
1325199945947734017
1325101167706300416
1325033208107462656
1325001000097288194
1325029089540009985
1325014076070776835
1325013444760899586
1324961960262328323
1325100780530118659
1325060247954845696
1325198936307507201
1325016319306162176
1325001141172789248
1325077266829889536
1325170090006831105
1324956558455939074
1325135448650342401
1325184147816636416
1324881768038739968
1325046158490804225
1325218866142834689
1325062542482354181
1325050013102256130
1325024855113261056
1324919794651586560
1325074468432191488
1325138517882675205
1325044396115554305
1324967634933338112
1325062397594316801
1325059819229896705
1324989964615081984
1325030192100876288
1325149180860506112
1325062579400667136
1325130589964558338
1325164769440043009
1325120764438319104
1325196267585236993
1325198989176655873
1325103146633486338
1325196517544751104
1325182868071444480
1325096788253093888
1325026618138615810
1324878073280552961
1325143277918593024
1325090079484866561
1325147051634520071
1325093010762293249
1325042202607816705
1325063684683689984
1324949473714384898
1325133682961752065
1325068011095646209
1324995937643716608
1325027732489707521
1325020931585150979
1325059912435687425
1325211986246791169
1325151439384178688
1325193102995320832
1325002980651905024
1325017964421197825
1325015201754869760
1325065422333501441
1324868670716325889
1325027765389721600
1325090103346294786
1325091296680275968
1325101204951756800
1324953273690894337
1325064560865374208
1325175746428628992
1325077027108519937
1325193931382947846
1325059309160583169
1325096160026091523
1325064203833643010
1325026804525117440
1325103216464420864
1324871021321728000
1325157635755307008
1324866676492541955
1325157187333861376
1325211290416017414
1325020348891455488
1325048034661691393
1325032989496053760
1325207327813742599
1325159948188180481
1324950805364019200
1325003488187781120
1325091093269147652
1325167575299289088
1325113644334592001
1325130206517096450
1325127606044299267
1325049447961780227
1325084851238703104
1325068889382920192
1325018336594366464
1325174539232403457
1325117340657340423
1324960774100557824
1325073701679849474
1325083110246125572
1325074945538486272
1325169206678052864
1325149545894830083
1325121941888327680
1325164075844685826
1324948052726210561
1325086578939727873
1325164716558176258
1325125341120094208
1325036296939712512
1325078674371039233
1325041324589010944
1325186904246034432
1325123666930143238
1325190460130820097
1325196749804367873
1325088440698998784
1324967532382588928
1324874023348690947
1325047001654972416
1325023800090632193
1325139211800829957
1325005493954375680
1325196266427408386
1325193173514248192
1325039531486294016
1325201979115712513
1325097072949923843
1325020093252767744
1325077726508802048
1325151066586042373
1325201148215701504
1325141628550582273
1325131362827857920
1325210056091070466
1325053841470070784
1325022099258421250
1325026445421383680
1325153674042044417
1325166128117780480
1325193094388707328
1325170258425077760
1325132068083339270
1325072374941814784
1325102597431234565
1325073324850950144
1325109931624763392
1325127145493049344
1325016606783787009
1325009837063811072
1325179274756698112
1324998549856161792
1324972180430594048
1325064167108251653
1325136070200193025
1325177832851595264
1325151691591675904
1325113848278487043
1325019357299273729
1325155340862681089
1325214157084499969
1325079722250866688
1325067122431717379
1325006226040696832
1325171233365889025
1325070374430793729
1325071518624309254
1325088824037433344
1325147996795805697
1325051786990903297
1325099543290109960
1324940955175280640
1325168737436069888
1325046249314258944
1325168233972985856
1325137777831391232
1325012932665745408
1325108535479447574
1324884572841127936
1325080065265315841
1324976494364549120
1324893153393041410
1325004972279427072
1325161058139435008
1325192848799576064
1325149016074588161
1325161599213178880
1324984620589395968
1324949553863405568
1325032606765813760
1325126077656653825
1325111268932509697
1325118765294645248
1325100135433515009
1325166534445109251
1324968596733370370
1324992000169545731
1324974231013257216
1325145736002957316
1325095920690671618
1325035804016701441
1325201887537328134
1325198063149801476
1325072084645666817
1325035984753397762
1325104153400635393
1325135973802364938
1325137631018151937
1325045127988047872
1325140593186656257
1325002205578006528
1325131247668981763
1325193324970471426
1325160159535112193
1325220891874177025
1324937693265059843
1325082293636042758
1325192666632527872
1325004991715823616
1325153537085628416
1325191934181314560
1325142988528496640
1325028471429623808
1324976386021470208
1325055988832071681
1324968826803527680
1325016341347233792
1325196456161112064
1325143861404950528
1325138924549758976
1325105231244500993
1325072495414833152
1324989221589934080
1324968510825652224
1325156000761073664
1325020684419035136
1324988758559764480
1325198813573902336
1325013904133672962
1324999789302476802
1325052543039365120
1325156459869573122
1325131309346271232
1325088109416116224
1325092394182848512
1324975616525996033
1325163464613048320
1324991906699489280
1325046703628673024
1325010070825037824
1325084729067122688
1325095428220723201
1325138042995179523
1325130260543901697
1325158143530213378
1325195177208713216
1325133390673113088
1325021785247666178
1324883022752133121
1325017624993030146
1324988993449168897
1325089745588936705
1325161166302273537
1325218864016334848
1325016406681939969
1325103492160237574
1325127413861281794
1325174157768761344
1325006448942837762
1325158100580638720
1324958424971550721
1324988847080529922
1325105763874902017
1325005870737055746
1325006918017048576
1325018460439633925
1325013697119596550
1325057146183163904
1325046207752835072
1324964681124089856
1325153948911595529
1324872230682103811
1325163011812847623
1325163547697975296
1325200622543499264
1325151587405336576
1325011376423792641
1325001433746452482
1325007827585429505
1325096773644394498
1325150267059425282
1325047090704232448
1325127319900467202
1325011927144292352
1325204833150791680
1325002319768014852
1325111945297539074
1325131569699303425
1325111879178416130
1324891657192529921
1324998846548758530
1325066246887518209
1324999870281900033
1325053856775024645
1325058961293398016
1325013375114469376
1325206264738033664
1325171284699877382
1325163477837574145
1325219369987739648
1325066131053436931
1324986241486622720
1324932218721099776
1325045750666047488
1325072989453422593
1325199387056812036
1324881867527565313
1325075958626476032
1325056859125014530
1324996307719757825
1325012048300924928
1324964348842958850
1325043231885766657
1325067852395769857
1325075279753187328
1325023835259867137
1325130828062445569
1325158538587598849
1325036996616724481
1325051370555273216
1324990380648042496
1325209421304115201
1325062152273743874
1325122621235716096
1325019451541032960
1325132344508997635
1325012462312284162
1325184586763005952
1324882154556416008
1325200012163289088
1325058859497644032
1325206634684059649
1325177448334503938
1324987936371306497
1325137165060366337
1325028345709539329
1325215832478281728
1324980645601419265
1325040829518532608
1325081922301812736
1325158972341379073
1325102147353137154
1325215543813672961
1325106210798964737
1325226127049302018
1325196077398679552
1325003188743843840
1325061294257483776
1325124268045209606
1325044913105416193
1325192880512626689
1325099075310657536
1325097274461081601
1325082330445344768
1325050802407415810
1325156567214256129
1325131699471048705
1325049786488254464
1325210535986515969
1325030575489605632
1325054125780955136
1325063213508153345
1325157065627725826
1325004378978344960
1325215575715401728
1324993049978691585
1325164901627686918
1325161973949079557
1324977452159004677
1325197906438098951
1325031633033060352
1325051862660296704
1325028940856123392
1325053425810288641
1324886196833701889
1325090757200449537
1325031474010206209
1325138988064190464
1325007804441260038
1325209359844978688
1325194927609794563
1325161554493513733
1325103339172925440
1325021030696562688
1325085623103975424
1325130659296325633
1325037765453475843
1325216742046568451
1325020901381902336
1324971604166774787
1325172488800768000
1324986112151007233
1325015630970560512
1325140008160829440
1325134668509876224
1325219747596734470
1325210676147572738
1325071752830070785
1325133579546841089
1325072407820951558
1325004197276905472
1324864625775665152
1325048737866133505
1325010869416243200
1325156949613187072
1325004627314700288
1325181231118479361
1325034356151300096
1325132794952097792
1325165015410700288
1325056236618993668
1325161849038360578
1325079837158072321
1324987074555092992
1325123383093198852
1325075945477304322
1325167339621507072
1325073085935079425
1325172289038544900
1325051197846396928
1324966884995952640
1325067186143178752
1325075081723342849
1325064309148356608
1324936750435721216
1325102358674739201
1325105529455308805
1325209768986865666
1324909067014447104
1325133362625867777
1325193985934192640
1325023368127639554
1325107504506953731
1325036528762937344
1325121128411533317
1325004089680416769
1325018133309120513
1325103303265579009
1325107500073496578
1325097347433508866
1325034570497073152
1325152310213926912
1325136095063863297
1324998874424107013
1325162401415753728
1325165670296924160
1324971976864174080
1324947475304751106
1325213010030338050
1325038033851326464
1325070220738883585
1325106465942736897
1324980860303659009
1325209096740429826
1325192947944599554
1325169700729466880
1325135811310981120
1324949925277425665
1325123362893385731
1325064071448825856
1325061049444405248
1324864192353071104
1324934092522139653
1325070108268617730
1325107605610655744
1325105060699836417
1325215853969727490
1325158487807160320
1325042249437237248
1325082895208357893
1325079319669075968
1324951377269956609
1324970348371210241
1325031995915821056
1325194775046156288
1325171850276691976
1325194825549967360
1325132077604466688
1325182780628639745
1325081668512833537
1325193410001559553
1325195732761014272
1325064039702163456
1325129189029130242
1325084984659599360
1324977101456478211
1325148108767064065
1325062343533924354
1324889711131947009
1325035603180785664
1325057765908287493
1325067085890932736
1325072042639683585
1325196210026655744
1325038443798401024
1325003508245008386
1324951373381824513
1324892572150534146
1325140356212486146
1325202721511596037
1325108662868832257
1325172465253879808
1325125446611120129
1325178587054567424
1324865347946745856
1325029229596200960
1325087039868571649
1325012771394740224
1325163324670152708
1324970213767589889
1325114514560454657
1325076398730514444
1325158183606898688
1325012448798248960
1325012800922677248
1325136635059707906
1325187696952741888
1325204137860952066
1325098684992925696
1324988187073273856
1324875489174052864
1325051517209108480
1325097221860233217
1325174544970117122
1325045673847369731
1324979686544449536
1325040437191725056
1325188740550193152
1324865980263256068
1325149483580215297
1325094566207365121
1324871449929277441
1325065233312980992
1325201761070673920
1325089126870347776
1325198745093300234
1325008024197603328
1325173033846403073
1325010805499326465
1324966064468480001
1324982846717644801
1324982681654923265
1325114236847140864
1324959737759330305
1325164193280974850
1325021728637153282
1325134752983052290
1325160281509568515
1325159105196122112
1324985373039144961
1325069534483656704
1325148755730030592
1325209027211452416
1325195806584918016
1325022806548025344
1325135757305131009
1325082016455528448
1325063046893592576
1324977284202295296
1325196818041372673
1325110999549173762
1325193284797411328
1324995770605514753
1325091384613867520
1324874011185123333
1324990274255396864
1324889311876182016
1325014987283238912
1325085815429533696
1325108550209859584
1325103562670678016
1325024540108476417
1325202627618025472
1325051771027386374
1325026092084760576
1325086370189234178
1325065231882735617
1325099095464308738
1325179302523056128
1325171937291726848
1325075240939089922
1325156397680484355
1324997984455634944
1325092551490146304
1324932097698459648
1325148526817415169
1325101595072344066
1324903729796165632
1324961985100963840
1325129693582876673
1325010613089792002
1324930417296879617
1325153401110401024
1325073224137379841
1325001299985911811
1325075216293376002
1324996910206377985
1325035623447744514
1325214963657441281
1325148998664118274
1325071873214910471
1325041372332691456
1325022826991136768
1325007814079762432
1324873009698660353
1325000530058485760
1324937231530856448
1325192462655246338
1325134071496781826
1325156242889662467
1325073607530254339
1325088207776722945
1325164023357210628
1325085970409066505
1325146843110649858
1324974771830972418
1325067124029665281
1324988228991148032
1325011113214406657
1325107975854432259
1325145985467600897
1324987458640076801
1325066631706513415
1325019801912287233
1325197896841506822
1325048271463731203
1325156470560854018
1325131104316239872
1325157839543808002
1325162736087658496
1325063770369044481
1325159200964534273
1325202224402739201
1325185806651232257
1324993743783677958
1324967870485426177
1325042374226178050
1324964699860045824
1325164487863795719
1325066939597787136
1325197989455880193
1325090660647579661
1325193505971470336
1325192952520511489
1325023567264833536
1325119083294154752
1324976335421403137
1325097296799920128
1325156668154339333
1325215890170900481
1325210133954244608
1325190122938093568
1325213863655059457
1325131961904541696
1324978554942132225
1325018281871347714
1325101215559127051
1324982890002870272
1324991499575177217
1325030733673619456
1325103781005185024
1325200989884878849
1325026529282322434
1325157268308963329
1325010651136323585
1325033017673478145
1325083376366260224
1325103104044437510
1324997033737007104
1325054568191975424
1324955915175546880
1325044298430156801
1325000682978619393
1325132027809554432
1324986361942859776
1324945520553570305
1324871085028990976
1325124567732510725
1324986917700722688
1325196122499985408
1324985125654958080
1324952614568660992
1325059678515187714
1324973486763364352
1325190776905674752
1325144719698010113
1325035923071963138
1325010273170829312
1325063937008787458
1324995584034545666
1325031257672200192
1325095111777267712
1325064285760974849
1325142273282068481
1325057232254480392
1324969444167315456
1325133346251415552
1325211184287584257
1324935582024425472
1325066579135041540
1325043843285266432
1325192885671657472
1325003640936030210
1325123489020452864
1325087701138366466
1324984328066101248
1325060648158568450
1324965660800266240
1325134530571689991
1324977137804304385
1325062898415263746
1325040412533403648
1325202223186456576
1325201517977088001
1325062406654062592
1325088061722669058
1324988020748062721
1324979864844312576
1325102915091042306
1325058402079412224
1325065531423125508
1325136156900520000
1325200358130462721
1324867668336406528
1325197232778448901
1325076401100386304
1324997472247275523
1325111702581600257
1325199883905626113
1325064186783789058
1325191867928031232
1325201145405509632
1325130228444798985
1325085300180340739
1325013074168995840
1325049467872088067
1325143985547997191
1325068770449219589
1325083574022893568
1325079693041815552
1324968689750462464
1325079091578609664
1325063872835883009
1324875205622304769
1325023602295582720
1325153035295711239
1325162434252967936
1325154749251923968
1325200555745153032
1325062967025688576
1325153853516476417
1325135471098306562
1325069508931973121
1325164585251446784
1325144942797262849
1325150623365537792
1324997980643057665
1324965937792094208
1325066365619867651
1325085953535463426
1324961883925983232
1324968669508743168
1325069017913110530
1325026453088591872
1324982119886696449
1325009459526201345
1325204896426172416
1325197812645191680
1325166810191319041
1325168128179892225
1325157724473192448
1325193762952278017
1324955560396132352
1325174137501978631
1325015381099110401
1325058075041144833
1325220805580558344
1324969309832060929
1325139478525190144
1325063328452980736
1325056549706936321
1324932562289111041
1325200881575456768
1325157504108515328
1325030969510924288
1324984875082985472
1325055765401448451
1325138709142908930
1325205865314463744
1325080207087251457
1325089532237242368
1325019346280845313
1325216907356729344
1325130970782179328
1325175050085920771
1325179031306711042
1325082893622906880
1325051155379081217
1325052517621903366
1324987154292944896
1325068739151339521
1325084649547329536
1324943325829410816
1325220665641881601
1324947024572276736
1324998948159942656
1325032097443172359
1325007776653987845
1325100767271849986
1325016858420973568
1325089894964875267
1324979187342565376
1324986148268216320
1325189749334663174
1325063721836814337
1325000886893096960
1325011640560070666
1325004386800701440
1324954898279108609
1325127384580960256
1325100427231236096
1324872613097840642
1325133313623744512
1324951375403495424
1325157813211951105
1324981287678042112
1325135657807867905
1325217086256390144
1325086104274481152
1325017285963231232
1325046662495162368
1325009403972562944
1325217964010991616
1325130743845154817
1325153101939159044
1325107152768421889
1325035310686875648
1325143485196931073
1325211077865578496
1325025123531894784
1325093777661366272
1324984332965064704
1324977404717182977
1324959348343312385
1325145391688396800
1325119040919056384
1324952727705833472
1325087326419226624
1325104434049937411
1325098455086358531
1324956997301784581
1324999391896285184
1325072354758844417
1325177149087768578
1324977615459979270
1325116575427522567
1325134235901046785
1325204726783336449
1325089111242387456
1324988816852180993
1325104223105769475
1325047547237429248
1324866339585056773
1324985273227337728
1324991868866850817
1324998633113214977
1325038377943638016
1325041422152716290
1325207564120973312
1325116403230371848
1325164205901828096
1325065221241769984
1325095893050253315
1325057259060269056
1325150505224515585
1325148600347877376
1325088432985616384
1325114557333901313
1324989976430391296
1325168748186103808
1324974051710930946
1325078922862747650
1325033880743768066
1324966359055413250
1325086070896275457
1325134214384160769
1324991866157346816
1325056558330503171
1325196037821231104
1325040320946589697
1325204665273741312
1325005573440630784
1324964189916557314
1325023575678488581
1325152042134896641
1325131088935723009
1325047127823749120
1325013159061680128
1324988372172103682
1325070765042114560
1325210407812927488
1325068952184233990
1325018832637976576
1324958929533751303
1325179275113279491
1325135784886763523
1325128234367913985
1325042523530797056
1325149845007466498
1325200625978777600
1325194889672368130
1324938864721604608
1325032535907328001
1325153669814255616
1325005415206313984
1325082737661906944
1324979541425737728
1325164958276063233
1324973883775180801
1324970983439130625
1325174632148709378
1325047368962674688
1324952729417027586
1325199163278045184
1324897669752479744
1325043233165029378
1324970279542657024
1325125281313550337
1325009957549387776
1325155606131576842
1325149155400904705
1325090220249845761
1325143463633985537
1325062141498560512
1325042268215119874
1325200146045390857
1325023932659986434
1325126719536132101
1325001092833406977
1324931530326675456
1324988565789487106
1324973495445544967
1325121339716407296
1325151041311006720
1325223910351245313
1325157631992815616
1324978294719213569
1325200765040799744
1324904686152011782
1325193510828564482
1324979912856358915
1325156618338594820
1325024380964007937
1325094463824400389
1325061531843911682
1325215064169787394
1324946429794787329
1325009346112196609
1325184391664988162
1324927986735476743
1325147585590390784
1325221364639428611
1325060223137173505
1325196689158889472
1324872316879314946
1325147310687457280
1325098353173131265
1325000447007068165
1325193608413147137
1325186649760948224
1325210535462203393
1325052160686632961
1324952043098943490
1325050165787504645
1324987904624644097
1324987323055005696
1325100966421671936
1325069671658360839
1324995728553422848
1324992714044223488
1325194421621583873
1325181225238065152
1325200574493683713
1325023086589177856
1325158258764509184
1325170585207533568
1325010353298792449
1325136140479959040
1325165945485217792
1325079182116786179
1325087439631872001
1325210102362746880
1325093710485446656
1325064181029199872
1325194790166687745
1324999383310594048
1325053382864887808
1325142224888197122
1325220125558120450
1325180006063099904
1324978994563919872
1325021649989677056
1325076700825333761
1325034119630368768
1325196889822654466
1325170553498513408
1325084537022521344
1324945227690467328
1325117688037912577
1325012068693585920
1325067203620843522
1324874885118779392
1325099553197060096
1325100304136867840
1324962466967728128
1324986747231629312
1325020117000986630
1325209663357399040
1325004363455139840
1324953230179233793
1324943820144992258
1325079213322473474
1325060935657074688
1325016179421962240
1325141104413478914
1325020369355485186
1325026464585162752
1325197538455146498
1325102023470161920
1325194527330594819
1325137855308390401
1325205664667492359
1325026437372530689
1325181998479110144
1325141127331110912
1325196205832474625
1325117306901569547
1325135955200634881
1324969531006181376
1324977364414074880
1325222589023854596
1325151011384725505
1325191407678615552
1325195818941509633
1325177811120910338
1325058866275610626
1325076233177141250
1325187329972076544
1324981479177334784
1325089363227717633
1325160060981481476
1325026687520796673
1325028235160281088
1324995236418957312
1325161687150964736
1325140644164104197
1325148167952863233
1325131417018388480
1325159155779428352
1325032068879933441
1325119323984289795
1324969220598353920
1324999984325021697
1325032750429188097
1324981115589963776
1325187232865529856
1325021717887152133
1325145423917494272
1325174307106902021
1325121995948748801
1325222878900580354
1325183876705087494
1325040300205744130
1324998975611678720
1325068737641291778
1325205235392892928
1324946837527257088
1324927597378154496
1325015871287332866
1324886253838462982
1325051952338710528
1325049676110983168
1325162507556696065
1324976347513413632
1325200611030134785
1325040707078385665
1325111871175847937
1325135820857208833
1324996115306078208
1325043853305516032
1325100439218630657
1325096273096093698
1325156824807428098
1325080815915687936
1325004487937953792
1325085711914119169
1325209819750359040
1325090494473527296
1325142684885868556
1325102172258885635
1325082006930268160
1325225377132908544
1325046391895371778
1324997570737938434
1324915714487169024
1325157362714497024
1325191287272828928
1325215545499607040
1325056856176402432
1324893080798048256
1325192439204864000
1324991919005556741
1325048153930870785
1325094483747287041
1325140036237447169
1325100962869096448
1325051144452890625
1324948403399368704
1324935616056987648
1324954980915220480
1325185156156547073
1325157592407007233
1325024073093615617
1325078976017166339
1325028401569206272
1325057037923995648
1325223706327707653
1324955842446290944
1325097688073981954
1325182054602924032
1325072147455365120
1325086246549512193
1325159093816930304
1325205498178596867
1325053061564346370
1325135292806782986
1325013350724603904
1324985878234738688
1325062861102714880
1325080386007932928
1325198440352124929
1324937517859287040
1325117592063909888
1325217955324571649
1324969724338446338
1325109679924649985
1325137204872695809
1325067485461295104
1325016588601466880
1325142722328424448
1325001435852001281
1325038732341358592
1325201030032797696
1325065941449895942
1324977597806153728
1325130122282868736
1325015701686525952
1324874394980790273
1324992582636724224
1325201319699886082
1325019363502559239
1324999339702358016
1324996651455574016
1325137814313463808
1325139651603148800
1325029988178030593
1325028244391948290
1325139369305509889
1325071096622829568
1325096221887881218
1325205921065209856
1325080889873879040
1325213954147147776
1324980617088471040
1325191699203645444
1324947637154537472
1325220880977420289
1325085018755051523
1325200382738407427
1325068575728689152
1325220622943842306
1324975149632921600
1324967742131277824
1325222742216544256
1325226227934769153
1325035014912872448
1325164795771850755
1325163496145788929
1324953203721572357
1325195031381237760
1325018882130792448
1325121401221603334
1325182527397634049
1325193698867511297
1325087615478099970
1325140627525230594
1325001511508865024
1324883845829824513
1325108370672644096
1325118867354636289
1325045527310987266
1324997705270255616
1325039582740705281
1325100654780624896
1325124361536245760
1325158855018471424
1325221020400312323
1324986641602256896
1325165160366043137
1324996191881408512
1325133761323954177
1325150469665255425
1325221618843574281
1325107376505167873
1325008535386804230
1325220568606666752
1325062612074328067
1324959478442319872
1325108190162382849
1325152490124402688
1325014332200120321
1325012831507537920
1325120784860401664
1324991592701325312
1325176113316892678
1325027061908582401
1325194480421490690
1325045512379183108
1325092390177222660
1324984224970104833
1325224842254295041
1325079185694527488
1325136258994110465
1325156695274827776
1325123059695587334
1324952809859653632
1325111073557647365
1325151245963653123
1325197061218824192
1325031199253917699
1325061487388323841
1325077850018471936
1325150656160804865
1324981117028618242
1325066199558975489
1325181804215742467
1325021220333555712
1325029509771513856
1324995864683827200
1325177228028731393
1325031502690836480
1325208099750174720
1324986653329534977
1324871142264483847
1324988097549971456
1325120114933469186
1325162708816318464
1325085184014884865
1325211577444954112
1324901623861305344
1325164672878735362
1325108345607507972
1325172243291398144
1325031011764244483
1325058192888442880
1325106192256032768
1324947315979915264
1325099937135288321
1325030998673928192
1325204879443337218
1324991353110097920
1324989079587594240
1325077012868902914
1325048101472620546
1325099708059148289
1325206911361425408
1325110131156250626
1325091038751584257
1324995625532928001
1325154314000637952
1325103514234875906
1324993849815654405
1325210704073252870
1325031290060623873
1324983014540144640
1325003125854507008
1325114542624534529
1325198577346416640
1325131985694597120
1325100792836141056
1325042052707610625
1324977333120475136
1325015956830248960
1325127826589278208
1324955380737339392
1325214391126487042
1324961278855700480
1325177593679634432
1325162729255165953
1325113886270427137
1325104854658846720
1324991690713821184
1325176816148082690
1324878566019002370
1325045445295546368
1324878052623437824
1325176565173383170
1325170218054770688
1325202184112234498
1325114700015792129
1325142400474312707
1325090130021986304
1324962291180331009
1325215105760571393
1325009419701248000
1325203121363038209
1325195029543989249
1325052108358492166
1325192536214933504
1325012973031727104
1325160516558286849
1325071778952204291
1325200180476403714
1324963897967775746
1325112211036057604
1325206009204322304
1325200138579664900
1325091406201970688
1325012309316603907
1325135842927521799
1325147290076667904
1325224430277169153
1325099271037865984
1325116945922990081
1325036624695144448
1325193997141340167
1325060896717234176
1325011732058791937
1325065246126575617
1325110766148661248
1325197184204111873
1325101387559079937
1325023086438125568
1324938450680897536
1325129557687603201
1324989581981339648
1324963438465064961
1325195350970310656
1324971136615141376
1324981573209485313
1324943001370710016
1325181603883184129
1324935788665114624
1324975691562176512
1325030273080315904
1324978972699074560
1325075854007939072
1325122652483317762
1325101251395203073
1325128298901463041
1325126431559438336
1324999021954527232
1325151081345781760
1325114242954010624
1325082685677645826
1325098576243007489
1325195376194969601
1325038939351244806
1325170548834447360
1325044391090778112
1324935029626122240
1324998072657645568
1325168231162675203
1325009300037758976
1324876396708192260
1324974559649476608
1325091404058648580
1325092615667261440
1325136250861449216
1325006626210918400
1325139273868218369
1325076634869837825
1325053150185869313
1325067307694043144
1325062729288323072
1325047733313531905
1325209326974197760
1325026992178286599
1324995716490670081
1325018109879726082
1325189833367691264
1325072084737925127
1324999529536565250
1324997311659970560
1325164271655936000
1325097106122694658
1325017450086359040
1324993723118325768
1325098509935259648
1325064567009972230
1325121772811808774
1325154167749447680
1325015685337128960
1325203885896560641
1325076834149670920
1325046907647954944
1325194261344657412
1325091352099643394
1325009314004815877
1325080926762774529
1325190353113198593
1325068695169880064
1325135127870103552
1325043626838282240
1325156689897648128
1324964516787089408
1324992944676495360
1325208983993454598
1325107371950170114
1325142048412848130
1325135728767078400
1324974923463319554
1325148621063376898
1325084625232932866
1325031449087651840
1325070621907226624
1325032258449838080
1325156788598140928
1324994217307942913
1325100675953545217
1325032994827067393
1324932247301074944
1325019309450649600
1325197668180750336
1325093388962689025
1325051381049339905
1325051862530347008
1324893769301438465
1325209784673427463
1325016640665346049
1325029063547904000
1325111677201813505
1324992253744517121
1325005015048654848
1325018468505227264
1325136327852007426
1325160984202211331
1324970567544565761
1325135506955513856
1325196447352975361
1325210645516742660
1325124598548008962
1325100589597024258
1325223138767106049
1325096384228364288
1325205939427958784
1325097668889153538
1325178414811275264
1325050008253702144
1325209269445173248
1325028369168289793
1325166406749442054
1325006458992414720
1325045145918640131
1324996562339069952
1325171017388597248
1324993719838404609
1325017637416554498
1325121242198761472
1325015065511284736
1325193326413410305
1325134022784200704
1325000738137923584
1325086253541363716
1325180511132790784
1325013826392223745
1324884442205327360
1325075353832972289
1325049649183535107
1325212314061074433
1325195089791086594
1325015397922377728
1325193569636855809
1325126146397179906
1325160552335765506
1325164823928246274
1324949158898360320
1324991110545076226
1325018389459374080
1325009373287092224
1324952612815429632
1325146395649699840
1325070169408991233
1325213339014852610
1325053044283813889
1325216450152460289
1325172019348959238
1325135543127191560
1325097927635832832
1325060438023757827
1325047966357458945
1325041887728832512
1325027788403912706
1324952087873073152
1324978564140240897
1325205915373596672
1324937336178823168
1325139377559728128
1324910445044625409
1325095516275871744
1325019456234516480
1325087740703240192
1325146564646498304
1325147826930802688
1325036185496989696
1325215580966719490
1325089449278136322
1325024912373899264
1325110124936048643
1325152464191037440
1325116084597514246
1325152298851586050
1324982815583301633
1325172298253443076
1325014376701702144
1325013263130759168
1325223831586410496
1325182319636869122
1325081590398148609
1325017086578528256
1325070231904120834
1325201401564205058
1325047071477469185
1325193583285071872
1325058894067093504
1325053280649682945
1325017998508298240
1325042732709109760
1325001147204165632
1325098670975488001
1324981551910821888
1325020541594587136
1325201911352451077
1325204727043399680
1324928733636136960
1325057633238331392
1325194238636683264
1324955201535684609
1325057593518252033
1325083812615827456
1325174259136671744
1325018381729357825
1325195720622813184
1325053273330520064
1325042092784185345
1325073967938461698
1325047494905122817
1324988704168038400
1325176318917451776
1325077438024593410
1325029755536728065
1324968398074294272
1325109551029510147
1325192849294389251
1325202416028020736
1325087251110498306
1325127398728200193
1325016297105747969
1325201137495015424
1325019507870609408
1324880682707988480
1324996649756864512
1324963218155073537
1325063607923724288
1325131966748844032
1325183503873478656
1325211180227579904
1325124658778173441
1325060047890735105
1324867878076755968
1325114672136204289
1325031142781825024
1325137073737625605
1325112347531292675
1325088089224654848
1324864623728865283
1325196176094752769
1325159030256365569
1325142920983408641
1324882429291671552
1325001926283505669
1325102607262773248
1325023794625474560
1325196594002620416
1325142867304607744
1325075431075311617
1325186032443166722
1325118769119813632
1325077480395386881
1324871438424301573
1325085767572578311
1325058859711475712
1325204222279786497
1325088736753954817
1324995069825441792
1325027303072600064
1325221085831426050
1324865817784279040
1325137896475566081
1325143668110536705
1325080122542723072
1325005137979580416
1325023652052676608
1325213962019942400
1324949496627822593
1325032735589724162
1325067117356605441
1324970194742226944
1325173154067718144
1325157172112715779
1325079585751502849
1325080289543151625
1325010262479544320
1325006190829563904
1325180801038704640
1325041646510219267
1325104185130487808
1325211116771766272
1325045992694145025
1325214802172502016
1325201862820204549
1325054072928530432
1325069688112607232
1325187917216624641
1325192801462542337
1325147999056506889
1324989317660467205
1325031316983787520
1325172401710063617
1325169553978978309
1325110711962505217
1324870426871345161
1325087787952037889
1325052245789077504
1325080731484303360
1325124708958810119
1325159424982360065
1325192656448843777
1325008011056848897
1325218359798063104
1325202669779087363
1324967313729335296
1324998234205466624
1325030737410666496
1325098905911128069
1325037639939076096
1325189788744507393
1325173926746415104
1325004650354012162
1325032819194793984
1325142592162422784
1324868519205494785
1325198406889984000
1325017230376112128
1325155330158891010
1324878074689761281
1325041117570752512
1325014539272933376
1325024572119408641
1324997725570600961
1325082659358433288
1325040471740182528
1325131202299260934
1325152245323722752
1325196622276358146
1325196551652773888
1325139041722003456
1325101189822877697
1325082382144311297
1325223959864991750
1324874462014164992
1325033322637090816
1325055319651868673
1325176705401585665
1325165214405259270
1325050116672204800
1325050224751022080
1325063870080233472
1325213699787780098
1324975372077834240
1325108454835572737
1324867628469510144
1325087125319114752
1324989802878541826
1325025251248513024
1325084228703416320
1325124386584715265
1325045805418491909
1325049452550377472
1325045646894706689
1325004441829912576
1325219843738652674
1325030942398885889
1324960314161508354
1325064871407390725
1325201131312537600
1325193630756298752
1324936624573091841
1324998969257242624
1325076701936840707
1325188777678008320
1325072507947413505
1325156031467577345
1325091021282283520
1324933863185866753
1325011616979537920
1325134580119085056
1325171936582774784
1325150960994320391
1325025251902763013
1325015347645337602
1324868896801828864
1325088506524426240
1325009505642536961
1325055764772368384
1325041622007078913
1325063732666494977
1324984203193294848
1325199934371540999
1325225034722500608
1325007966362275840
1324910895089262592
1325083196351008769
1325175252851195912
1325199613377224711
1325054036463263744
1325131807491289089
1325107320662142976
1325112040290181121
1325014432238465024
1325175600076648450
1325046785228886016
1325160657432551425
1325101807408992256
1325110483448459267
1324965232754782209
1325195588971843584
1324999456903860225
1325123495580192771
1325039367941984256
1325016957746360320
1325030444728004609
1325106342600859649
1324987956944310272
1325020833983631360
1325093335879610368
1325015071139966978
1325220131019005952
1325195783663087622
1325174912034631681
1325109915732553729
1325151079194091521
1324991836277051393
1324971429897658368
1325196799062241280
1325211274574180353
1325140464886927361
1324970177457426433
1325067135496957953
1325001479829286912
1325145256174759939
1325196639238238209
1325223809759268867
1324983170572300288
1325092358543855618
1325162508827545601
1325009530166652929
1325130655676641282
1325171611511762944
1324887872818786305
1324950201325527040
1324865452087119879
1325018481167921153
1325051901713518592
1325096763573891072
1325028308057264129
1325198826475544576
1325184591502614529
1325180535837253632
1325045489075679232
1325032780686913539
1325148120741679104
1325014469047627776
1324970390595235841
1325208439296028672
1325222113637183489
1325005215934844929
1325215205085700096
1325090163630944256
1324990171960516612
1325044293493542912
1325031562476392450
1325119330124697600
1325070579431563265
1325201808885768192
1325032582883516416
1325121842466578441
1324867913183076355
1325032671219769344
1325214833067896833
1325001047119630336
1325067998651150336
1324986975049412609
1325014727186067461
1325032856515698689
1325138835370610693
1325157796854165506
1324965810151034880
1325210126807162880
1325187061071032325
1325152333815189504
1325072887456419840
1325179206070833152
1325151253790273539
1325090850557276161
1324941977641742336
1325158823544324098
1325064929767010305
1325175518044581889
1325015919412846592
1325050374466793474
1325099654837661696
1325194359701196802
1325085027714162689
1325062930828816384
1325123820735385600
1325047352080654338
1325069153464705028
1325202912696557568
1324949894889660416
1325009446628700160
1325200801547972613
1325006376440041473
1325221258481504258
1325134955500904450
1324999457142943744
1324866363245080576
1325015507964227584
1325043561923022849
1325010489999503360
1325080872874283010
1325195451885252609
1324934660808454144
1324991665782870017
1325151987407663104
1325087513137074176
1325050511075237890
1325023076451381248
1324995374214504448
1325029123421573122
1325021463968145408
1324991226693627904
1325094474998046721
1325149295151108102
1324887059602006016
1325065142929940481
1325012858422300672
1325139186416930816
1325133456624455680
1325210956272558080
1325064426467307521
1325008189985857536
1325172916334465024
1324876047263948801
1325093616608555008
1325093611982245888
1325034689204281345
1325120407884750850
1325219235791048711
1325134647227904001
1325025128699351040
1325006280931627013
1325170636667330561
1324973394543190017
1325196417690980352
1325164827900211201
1325049363220008960
1324957503143227394
1325090671632519168
1325219178362654720
1324969593648128003
1325160835732287489
1325001004669136896
1325011573291835392
1325102172040785920
1325000923882647552
1325050413482209285
1324983532519890944
1325133609506906114
1325027481326399488
1325046771089813509
1325216765610061825
1325009395407704065
1325031497028562945
1324948356444065792
1325125081257963520
1325154288763510784
1325096862546792450
1325140273735757828
1324885439623335936
1325118327786758146
1325001994856263681
1324983436801695744
1325011309398814720
1325143652323168259
1325025600617279488
1325219747647131648
1325089204997672962
1325052802264166400
1325126178571685888
1324869429730177024
1325167605330571270
1325109110698876929
1324967443236859904
1324975911326920705
1325128098598293504
1324919731619557377
1325210020204716032
1324864504035938307
1325101977001398272
1325040704243032064
1325109864406855687
1325221111215366144
1324992283561889794
1325002561682870272
1325016138032549888
1325198238958432256
1325092585275322368
1324979089002917888
1325146295208726530
1325006393829634048
1325056820839378944
1325165760285700103
1325150448328830976
1325091550708326401
1325188774243016705
1325155451512754176
1325066973248675840
