1324458945063407619
1324318029992349697
1324266556361187329
1324434451317870592
1324466851485765634
1324330713869672448
1324387864176693249
1324289385806835714
1324384473601945608
1324265052233441280
1324215588965748736
1324465415729356800
1324308866549637120
1324278048833835008
1324387652305641474
1324474656460541953
1324338035442569222
1324403732612788225
1324452395292807173
1324448664648142848
1324412582329987073
1324370416312504325
1324387422474588161
1324345322894708737
1324152602054086656
1324323295408361473
1324445944767778820
1324245099707027459
1324328397229740032
1324306561838292992
1324296640623222786
1324287118508756993
1324285462140342273
1324439977355366402
1324268188603998208
1324466304393322499
1324264735827726336
1324427824191725569
1324347112096747521
1324476299616882689
1324445011069571072
1324258412889333760
1324467728611233794
1324405564202487809
1324350195891609603
1324307019285843968
1324417525539635200
1324268756193988608
1324355027587223552
1324277810681307136
1324291402747027456
1324449020215898112
1324154203112091649
1324348400914124803
1324446764196311043
1324451370041266179
1324432287283449858
1324487415055163393
1324294355675418624
1324251938100256768
1324436717470973957
1324271120086929411
1324458449418264576
1324361600279715843
1324372474096746497
1324462267501522945
1324444520092782593
1324311863023312896
1324286919941984259
1324287650329755648
1324283205319536640
1324276468227166214
1324448936535482370
1324427305477877765
1324299099294834689
1324449602347610112
1324244791715155968
1324288083777507328
1324452152832626689
1324419466898399234
1324443704531275779
1324279513342160897
1324443013939187712
1324264764403601408
1324442678352904192
1324436172941262848
1324312557692342272
1324293338875465730
1324425100263903233
1324263515583094784
1324359843529003009
1324345843131031554
1324261275199770625
1324457004090429446
1324356264395235328
1324232408221294592
1324394535351439361
1324329522804772864
1324319311859732480
1324283679980638210
1324157956930347010
1324413555043696642
1324309691346919426
1324424789814054912
1324334824912494592
1324404309568749568
1324427943548997632
1324394372868263938
1324291362079072256
1324264241768075264
1324183962852466688
1324494176516530177
1324464964980133889
1324472954860806149
1324366361099931653
1324287133843075072
1324439785180717056
1324314981253394435
1324302424987865088
1324295212794077184
1324297995089858560
1324410349127372803
1324239294291206145
1324412277395755008
1324289557467176960
1324356235752333314
1324397073265954816
1324291076522496001
1324168652984377346
1324317299529125888
1324255195551903745
1324375128503996417
1324277878222184448
1324247646043852802
1324431264645058561
1324361990928846855
1324311416816488448
1324420202965147649
1324479942814552065
1324497428234600453
1324261941859307520
1324494173303615494
1324341494904442882
1324296599451934721
1324461307119239180
1324427086736596999
1324402697462829056
1324292032274276353
1324402283925393413
1324425243079987202
1324254106098245633
1324403444187385857
1324488025003479043
1324361411821215744
1324168190927249409
1324282793162059787
1324475579429781505
1324295831898460162
1324312227097251841
1324330807369060352
1324465572416004097
1324442013803204611
1324422685607284738
1324232888339091459
1324483304188452865
1324345397112934400
1324483926363131907
1324484949945257984
1324324943765643266
1324217915051266051
1324492555225042944
1324143488875720705
1324442411557376000
1324490026688925699
1324212914157441026
1324436920596860935
1324335121856679939
1324356847277658112
1324253061238456320
1324310608678977537
1324383581603594242
1324407853621399554
1324286450049912832
1324357394701438977
1324424779663814658
1324330440585564165
1324423336118702081
1324420026988961793
1324401327804420101
1324383802630746112
1324328670182428674
1324367865420591106
1324344958501965826
1324227125226983424
1324412513417596931
1324416968540258304
1324282318371119107
1324473305592668161
1324467777495801858
1324300168703991808
1324312716270538758
1324422092960501760
1324415188901253121
1324252431266578438
1324150679959674880
1324169654009516035
1324358418447163395
1324332190688301058
1324320110522339329
1324482568436285440
1324369135434911747
1324481975412006921
1324427879283855364
1324334683287658496
1324474489795715073
1324285046807764994
1324430306909237249
1324391703424487426
1324376273548943367
1324415472524283904
1324290568151801856
1324412812400222209
1324260938522992640
1324495113528238081
1324474378462048269
1324330576728510464
1324344025357438978
1324233603241414656
1324393029449515008
1324485856078516224
1324443092427149312
1324498119137107970
1324183989217886208
1324348419570343936
1324438989684854788
1324245283493085189
1324372996526583810
1324265589318258688
1324307242246656000
1324386395889303556
1324334165312102401
1324427118604898304
1324474474033459200
1324291290360664064
1324274705034076161
1324248766547922945
1324250596333903872
1324304224847568896
1324379569370091521
1324342673701064705
1324262830271533057
1324410043576553472
1324262724809928712
1324380405592690689
1324416185715302402
1324271458063929345
1324237402265788417
1324448977580920832
1324271924520902657
1324485535994359809
1324323822703661062
1324379664404664321
1324437342246080512
1324276152006070273
1324373644991225857
1324471235246493696
1324450154464817154
1324439811340554240
1324412349642645504
1324370551633301507
1324326447448788992
1324302327151529985
1324239470951059458
1324474174304301056
1324271826227367936
1324454414158045185
1324444580872364033
1324327285957210112
1324305166997356545
1324321203050450945
1324423910725746689
1324386163969449987
1324407092439097350
1324448626207240197
1324444802763628544
1324415597816459265
1324269581494636544
1324333228493340672
1324392955466141696
1324251945599750147
1324292571108171777
1324298204503003136
1324428321300631552
1324444256208101377
1324383135837024256
1324346875999330304
1324203005487493120
1324438931652382720
1324482446457450496
1324498868168544256
1324282925429477377
1324287439133937665
1324351509824479238
1324420511108112387
1324288149607108609
1324348984215953409
1324412293950689280
1324270653302808578
1324471443967586304
1324315067303821312
1324352373259718657
1324299230144565248
1324414922709749763
1324413831532236809
1324298290507243521
1324459419728596996
1324483074424512514
1324366463969484800
1324283170947244032
1324416344155168771
1324406518779944960
1324364445284470784
1324401982778548224
1324338730224787456
1324190036607213569
1324288537357930499
1324224631776124929
1324483772407046144
1324364073639829505
1324262784956276736
1324154930198958080
1324421883366957056
1324456364081586176
1324430166014238723
1324415561225424898
1324333146163286017
1324481276221526018
1324322605684449280
1324499325741916162
1324465377133371392
1324445134084284416
1324457494329122817
1324414306327384066
1324439138498682881
1324404994351783939
1324349124251103232
1324254785739120647
1324247247417167873
1324433826152648705
1324341171167076355
1324302421573672960
1324441940868374528
1324433113179672576
1324263062204010496
1324439198078816256
1324494091133083648
1324492990841278464
1324412478885941251
1324411669683068932
1324343008238718976
1324435940476157952
1324305047291875329
1324426837859205120
1324328312429305858
1324300477237002240
1324483376791912455
1324143783492096002
1324265908035092480
1324387953678917632
1324413874905534466
1324328365873156097
1324309955357396995
1324328109366251520
1324413939753623553
1324342185232392194
1324470454699118599
1324414218754547714
1324413501041975296
1324330574274846721
1324442965595561984
1324469964418490380
1324479006708846592
1324315365267120130
1324469764543127557
1324431825549336576
1324446734873960449
1324269750831165440
1324354261896040450
1324252941025480706
1324426117613236225
1324263289757552641
1324474374238445574
1324301579936301056
1324441476147851265
1324440968746143744
1324450720125509638
1324380200260481025
1324392329260781576
1324480198780329984
1324487377881092098
1324417237676154883
1324359688008437760
1324378090219409410
1324478229114138625
1324428125766373387
1324345225830162433
1324288001946562561
1324254985966788608
1324269903851958273
1324308943036960769
1324329365975506944
1324456390258282496
1324482512714928129
1324465765668499456
1324320798853783552
1324412112916066304
1324399670970470401
1324470771981393922
1324413692063133697
1324321830128279553
1324247170120359936
1324412564365811712
1324455211918888961
1324308114309550081
1324267107484401664
1324475652746215426
1324486147205144576
1324290358340161536
1324292161236463616
1324494261149192193
1324255816808017921
1324418539021807616
1324411751232950281
1324487264869715969
1324356902583754752
1324342399582277633
1324259072049324032
1324497497813884930
1324311190957338624
1324487379755945984
1324485810847129607
1324434630037151745
1324427670264946691
1324413667253932033
1324365902884839424
1324364788986765314
1324343618816147457
1324223792680476673
1324285477927718912
1324381894503522305
1324346844089114624
1324357184587747331
1324272881493311488
1324422421173145604
1324255653859414016
1324475166475325445
1324233467836747778
1324287343331823616
1324377368660725762
1324440331312648194
1324486900602802179
1324497849686646785
1324349760359321602
1324423922163613698
1324413043703488514
1324418899706826753
1324399385388736513
1324412881039929344
1324374615259553794
1324334771389059078
1324483860504158211
1324339537674407937
1324328208242790405
1324291411445952512
1324261592096190464
1324402910558638085
1324432149316096000
1324273046077739013
1324438407565770754
1324478066194862082
1324475162549473294
1324350780460175360
1324275982392504322
1324254837727498241
1324315495923879937
1324387896669966341
1324350649962795010
1324380489923309568
1324240247367077889
1324367288141840384
1324409625265975297
1324251161369759744
1324437148636950529
1324351763693096960
1324336996777676801
1324294397467439105
1324249923232157699
1324288934906679296
1324247454418698240
1324270587204784128
1324328900252585985
1324282961970290688
1324492624275873793
1324297042907308033
1324451398923280384
1324310652802887682
1324281629418938370
1324249414618284032
1324372261432971265
1324470559158210561
1324488458677768194
1324495346525966338
1324446884036038659
1324349455739637761
1324263502647877634
1324262854988566528
1324234074249187328
1324448886350618624
1324347174927376385
1324434419311140871
1324254518599651328
1324285142106603521
1324453351157805056
1324358163991351297
1324300139998097408
1324418806891032576
1324299364660137986
1324464142821085184
1324237164289396736
1324458232644063232
1324428017117122560
1324487621083627526
1324229117655552000
1324268736849813505
1324271889267761153
1324297193298268160
1324420868597043200
1324371733105750016
1324332169939046402
1324386916104577028
1324323788687888384
1324322435009753088
1324290819982065666
1324284162908557312
1324402707889819650
1324252651886907392
1324413544645955586
1324302306884702208
1324266569267032064
1324386472338837504
1324399742374260737
1324462290113015814
1324496517777022976
1324352137325912068
1324282721275969536
1324283511151484928
1324225683716014080
1324416829574578176
1324491478228500487
1324282420338794498
1324409824793317378
1324235526027808769
1324141783970971649
1324323537457467393
1324279502411862016
1324327728670277632
1324267094733737984
1324315744507727873
1324282963165675520
1324347581204496385
1324414836617465862
1324269465618518016
1324296598298525696
1324388105877704706
1324403503389937665
1324462833875230720
1324279601116360705
1324412299449348107
1324430481396555786
1324444860280131589
1324332838183985153
1324277567386492931
1324476625287786503
1324323460169027590
1324422001998680064
1324468236243636224
1324315462621106176
1324155765733629952
1324319421515661312
1324349009671024640
1324384431117914112
1324445341454925825
1324395012843593731
1324364386685775872
1324237362050846725
1324308692574048257
1324347225128972288
1324313098430406658
1324444438303821826
1324433512393486336
1324386022311006214
1324495892540477441
1324256299748630531
1324475735692685313
1324415684336619522
1324408848896139264
1324304320544821248
1324270308472377344
1324277108382851073
1324290802865098753
1324242387481300993
1324455178767114241
1324395341656002571
1324285924298076163
1324288096163319810
1324287635830034434
1324350371649802247
1324426579360043008
1324457475106578435
1324439753996029959
1324318149085401090
1324438841076424708
1324273486550999045
1324399006810836994
1324451640397713409
1324260632166866944
1324345061052657670
1324370699692093440
1324493652400447488
1324348901915299841
1324438893165498368
1324351176486387713
1324414709026738181
1324464528214687744
1324481397537542145
1324398054464770048
1324311668470460418
1324237147856162816
1324296466865790976
1324426125754404867
1324357844410486785
1324480597700579330
1324454209627037698
1324342593195401218
1324256919763210241
1324446927430258690
1324439335631020032
1324287820081602561
1324313135784906753
1324498065387098115
1324422700622925836
1324419748042575873
1324351937614143490
1324378847673044998
1324421947615256577
1324412216322514944
1324362713062133769
1324421232075382785
1324327585824854016
1324324583856607234
1324241961566568449
1324336020423352321
1324400282311233544
1324142593844924425
1324441356421484544
1324420145339633676
1324388702873964545
1324421304813031425
1324409563483983878
1324344127677452288
1324317577074642944
1324244200372785152
1324427020265267201
1324386138954649604
1324244106571354112
1324375925442727938
1324456656835645440
1324274913281265664
1324280637877092352
1324465140885061647
1324306817355317248
1324434461149319169
1324418865770700800
1324452223305371651
1324459452750307330
1324373773282410497
1324432221051199489
1324300394332377088
1324474334451245056
1324410998619594752
1324445524808880129
1324472149415989254
1324427001739026439
1324410236178935808
1324317911050342401
1324298777574940673
1324319229156405249
1324261126088122374
1324323626280230912
1324238292116770816
1324359628621271040
1324432907084115970
1324501529135599616
1324475417730945027
1324490707365748739
1324295688256147458
1324230771289346048
1324427195494866946
1324247156774109184
1324493424624623616
1324476854196150277
1324428030052306946
1324367594246283270
1324344251451351041
1324291125574848513
1324423678134788096
1324338350535356417
1324476180305715201
1324364296701251584
1324498347923746816
1324139599946547201
1324196022856409088
1324292065900023808
1324368886209388545
1324468648275283969
1324377663880990722
1324151756482334726
1324315124124057600
1324465117728284675
1324483624620724224
1324385317940547584
1324446885034209280
1324412411793805313
1324376621688754180
1324299375158398977
1324417115949027328
1324268377368600576
1324426966628470784
1324413091833139201
1324298973407006722
1324246513942437888
1324481709069504512
1324311045817700353
1324347284532973568
1324480362425274368
1324498085821718531
1324298903890628611
1324295990984265729
1324480253381779457
1324415533941403648
1324412943040172032
1324347754999652352
1324340632891101184
1324263658009092096
1324302033588002817
1324249072539152385
1324434265950593027
1324260523681132544
1324425178106003457
1324476657193934848
1324486488961261568
1324311592108961793
1324309943223230464
1324484661591085063
1324415942303121413
1324359080778080256
1324481871191920642
1324426581494898695
1324278514422583297
1324414637203480577
1324289478782001155
1324432850666594306
1324286666882883584
1324267096864362499
1324295785773699076
1324370591193903105
1324319018963132421
1324188509905817603
1324290882435272705
1324339491298025479
1324428118103330817
1324171220984750080
1324488427862151168
1324314530483216384
1324365703957352449
1324271159018426368
1324341976091791366
1324300017973288963
1324344889606316032
1324296907217403904
1324409864743956480
1324439349405097985
1324245130983911424
1324235204786065410
1324397324022501377
1324393559991177218
1324293365521879040
1324327584549773314
1324288277181046785
1324257730572525568
1324434099344412673
1324435492579008518
1324419489090469889
1324476750110334976
1324284181837393920
1324484701214695427
1324412808931454976
1324419301990944769
1324421635114438656
1324246800723750912
1324255403623022593
1324354839984410624
1324283569565507584
1324297462023180288
1324329088908173313
1324370695065866240
1324310884278247425
1324280228831727616
1324252630198222848
1324372963953676290
1324360689243344896
1324333812650823682
1324308156114227204
1324375422256189450
1324204676833792000
1324305624302276608
1324482575709200386
1324457751511183371
1324322816955744257
1324415165476052996
1324331238614798337
1324290200718217216
1324330671213551616
1324399025093701632
1324429527158763520
1324321568546316288
1324277096974307328
1324433989822808066
1324292199840927745
1324414187553103877
1324447031541276674
1324247382247247872
1324284620930719744
1324436108504109061
1324428116777930755
1324258239878516736
1324412776425639938
1324361840491745281
1324302603098984449
1324478764118626305
1324420021007896577
1324413365838557186
1324437067443720192
1324387806295281667
1324495843735576576
1324435473276784644
1324410324511051776
1324394258653188096
1324364124776734721
1324328530080092160
1324467390139215875
1324309592793370624
1324459948311519232
1324424817915891715
1324417416265408523
1324385875896209415
1324358193145958400
1324458074451677189
1324391662118985733
1324472512487587840
1324288199745818624
1324278942921068544
1324296289421565952
1324300927994630144
1324312639594483717
1324383373930958848
1324375175886966786
1324402400426397697
1324416294502965250
1324416583171788800
1324325489461370883
1324443102363426817
1324483181849006080
1324371063019577346
1324334739298394112
1324274879022178306
1324279467276144641
1324252798221979648
1324231088844263425
1324286793760546817
1324277804050141184
1324276414401695744
1324141605838880769
1324360075994161152
1324245120263311360
1324334388356796423
1324312365727449089
1324286855085522944
1324400293610663936
1324441667110395905
1324395403635286023
1324421057353232392
1324418654600126464
1324328760825597952
1324353876074614785
1324346078393716740
1324463232501850114
1324392426728001537
1324279799217561602
1324392877758304256
1324331853726310400
1324250496828428289
1324142179120517120
1324143787325751298
1324275497799475200
1324253056310104065
1324327947055058950
1324263141056909313
1324237755560415232
1324431719223742464
1324416997359312898
1324310972710998016
1324306255477878784
1324462712945102849
1324275882094170114
1324223423602675717
1324444242077454336
1324474318831669248
1324294598445977601
1324326647114420226
1324393365065113600
1324439382967885824
1324313314713894913
1324305734109175809
1324363854059626496
1324288253273526272
1324387544688189441
1324267464197287942
1324260831098478598
1324311470813818880
1324423582127149057
1324248582665494529
1324419177197768705
1324314958109224960
1324370460306477060
1324287041664884736
1324488239470837761
1324428279835746304
1324367129559392258
1324412520879345665
1324392835488108544
1324412571915608065
1324498336460738560
1324263454161707010
1324236344349044738
1324308189677080576
1324371971648430080
1324481863977783299
1324416459523661826
1324413178395168769
1324351995986194432
1324334591340122116
1324393524515713025
1324388070347677697
1324313126553223168
1324319867949010947
1324281090941591552
1324263785461403649
1324321016814907392
1324258269402189827
1324386056255508483
1324349378337755136
1324469240817242112
1324347931433046018
1324437306309300225
1324258355083431936
1324412730627993603
1324486180197552132
1324416133840146432
1324335354892222464
1324475129980719104
1324303077579452418
1324436499312553984
1324257967634612224
1324216154706092032
1324461141918162944
1324347081071431680
1324437346557841410
1324321926525964289
1324437944434917383
1324423851334393856
1324350762340679682
1324413591504801798
1324307185933963265
1324381451228454918
1324486489330323456
1324333165255806976
1324413625692545030
1324378517929447425
1324489271647047682
1324436124283056131
1324233475399000069
1324326822042021895
1324334066527805441
1324481247918329856
1324276146595311621
1324403474264707073
1324488678866145286
1324417221771350018
1324368660799098883
1324255152128335872
1324295263511552001
1324412334656360450
1324449008652328967
1324241127214645249
1324330312793497601
1324421052370505734
1324425585087684608
1324427141694541824
1324442130526445568
1324446373840887810
1324418485338939392
1324340891792871426
1324441510771916801
1324268519731666944
1324372849893756931
1324269267035017217
1324315036521811970
1324252841347706881
1324359579925385218
1324245947937902592
1324244216369844231
1324343625875181569
1324480650984984577
1324434096882356228
1324482342300360707
1324417453389189125
1324396492342308867
1324404578721370113
1324284227500699648
1324394185672241152
1324262483725635585
1324413694730784768
1324419474280370176
1324371503811563520
1324301683166498818
1324303326800945153
1324341119581360129
1324276593712373763
1324164474236997637
1324485816266199041
1324481375857246214
1324437505370923011
1324257836562604032
1324179457255550976
1324224660494557184
1324483609223462913
1324273096082231297
1324251066796515330
1324437302614102019
1324432765249589248
1324415009364058112
1324386609593114625
1324251478542999552
1324256338982113280
1324243118254968832
1324260161117184000
1324440701761998850
1324186206389850112
1324413226457665538
1324331932793135106
1324475743498326018
1324407913377636354
1324237761562480640
1324293392541638656
1324281416520208388
1324334858986991617
1324463753132462083
1324478771848765442
1324416639476129793
1324202264593158145
1324240233907527681
1324417498448625664
1324452507796516866
1324222249583419394
1324398522419023873
1324439251086417920
1324425001353637888
1324383057172979714
1324299837278425088
1324435303050973187
1324461741527441408
1324405149041831939
1324288229596684288
1324291404349296640
1324432318661074944
1324277944773201920
1324371919282589697
1324485743692124160
1324397830858067974
1324373465319772160
1324414724126265346
1324284718565699585
1324439639894216705
1324258319511465984
1324331214015258624
1324392857025814528
1324375984838266881
1324395330620825603
1324317905207644161
1324311470746804226
1324262232239280128
1324306240604983299
1324275380300206081
1324312707189886977
1324291724538224644
1324476902313283586
1324411335958999042
1324158695895433218
1324233812805636096
1324415410830249984
1324261192853037056
1324433945795186688
1324363168970350593
1324496982547771392
1324318622471360515
1324434054964543489
1324197463926972416
1324403386213687296
1324300045886328832
1324415077475373058
1324325087856701440
1324413203808485376
1324413437963866117
1324412700508753926
1324400855202832385
1324363882358575104
1324326103692005377
1324384909063081987
1324493799201144833
1324356057175609344
1324220626551349249
1324442296541130752
1324310116968091649
1324424334727909379
1324435914437906434
1324466571117535233
1324498207217471494
1324476242670870537
1324445290477355008
1324476330453487618
1324318420058386432
1324494337204494337
1324412147397464065
1324411478884143108
1324372630930100224
1324303485639249920
1324348253366849537
1324471835921174530
1324412851344285698
1324263160652668928
1324282169615880192
1324494363557285894
1324243954271924225
1324425905599492098
1324321871073075202
1324463689509019648
1324280678645641216
1324417508095463425
1324442413658755073
1324431560481845254
1324441846567882757
1324461212218892291
1324220444673740803
1324321023018389504
1324364239075643392
1324393005126660096
1324263469512876032
1324438266641350664
1324310108621426689
1324395847279325184
1324396281318543360
1324409869928140804
1324300581389901824
1324489305482547201
1324350640542330880
1324373437272436736
1324315532452106242
1324298732544905216
1324311099026669569
1324276717301760000
1324326269744484353
1324200655951679489
1324420736610684929
1324445920587587585
1324382244350402565
1324318947429285892
1324385187803922437
1324413757766983680
1324292590469079043
1324328326236938243
1324386706037112834
1324252165439954945
1324420361660882953
1324269656509730817
1324476562973011973
1324429526563278848
1324468237455790083
1324278139263004673
1324473052348952576
1324277988121260034
1324434482460590080
1324355432236941312
1324276903390433282
1324275706550013952
1324233997958946816
1324222781098217475
1324262101037256704
1324412276733083656
1324255207946133507
1324488470430208000
1324406254631079941
1324477022710779904
1324367953450749958
1324146080972492807
1324492566369341442
1324482770614296578
1324429112237240321
1324263158572322816
1324362567997902849
1324266630596145154
1324337042051006470
1324461557561131009
1324312842414231552
1324430055154585600
1324332792587669504
1324171465634258945
1324422317041197059
1324390402619772928
1324412375836041216
1324150900101926912
1324290365327769601
1324245156300771328
1324455435915661314
1324451890466299905
1324427587104477184
1324417983679266816
1324480616830803969
1324432731477102594
1324392223992139776
1324457356487544835
1324307642177802240
1324357192200396801
1324247234058330112
1324389035322843138
1324438989902852099
1324428325968875525
1324369650201878529
1324278160482045953
1324242538887323650
1324276485658693632
1324314687987736578
1324282716368625664
1324280105800224768
1324309185002168320
1324254726880432128
1324347781729976321
1324279862517997568
1324275702791835648
1324237864905953280
1324156255703863297
1324469772902387712
1324218435111424005
1324311189086707713
1324398137595879429
1324396266575564800
1324236890573328384
1324463048862695426
1324267416390561792
1324457756800278528
1324465557362614272
1324481625195950082
1324256598320128000
1324416132145651712
1324355005608943616
1324428144653291522
1324224633193799680
1324280353243226112
1324167461508280321
1324280386151743489
1324331544547385344
1324420826708455425
1324193851192520712
1324300358441717761
1324381082893094913
1324371241357234177
1324444159936204800
1324373777107603456
1324321864961937409
1324432808799064068
1324234805404405760
1324416191700623361
1324275264310968320
1324410638186254337
1324422161797386240
1324349506364780544
1324234172106477570
1324332826158837761
1324187667098177536
1324219993169580032
1324396618486108163
1324300845039579138
1324483607063367681
1324439332363653121
1324501274662998017
1324330369454399491
1324448573648523264
1324346188024500224
1324397339289755648
1324351820072947712
1324495798458003456
1324295570178060288
1324369561601429504
1324320969377435649
1324244664170516481
1324490452398166018
1324289166524502016
1324471363868987392
1324388709307998209
1324483453245706247
1324419381707890688
1324425898469314561
1324423309023420417
1324410165475504129
1324323384143077377
1324142314579742730
1324326089372672000
1324248233611243524
1324434129585377285
1324237470301564928
1324445915441221632
1324462000769060864
1324328666323689474
1324371907643396099
1324397205596311555
1324499277201231873
1324451992413097985
1324303598621175808
1324361904765259778
1324310548016758784
1324432875899523073
1324265098614099968
1324495898248957956
1324484334909300737
1324391537782960128
1324416685441490944
1324240041900679169
1324289553818177536
1324317311734599682
1324297468700405761
1324368535234248705
1324495042686451713
1324411629019299840
1324431873909657607
1324283036423327744
1324435702516428802
1324256923986890754
1324478748721381376
1324421966741360640
1324394319881658369
1324421318218043393
1324489998696108032
1324291212086550528
1324369768623853568
1324481627460947969
1324414359385317382
1324316220015939584
1324262411965239296
1324486653755432960
1324311083239247874
1324298547911602177
1324252591652540418
1324488714639331333
1324448302956531714
1324269096473632768
1324316403202228226
1324419011766034433
1324273959534297089
1324455360963497984
1324280858346459136
1324421314954825729
1324413162016460801
1324339963287261186
1324441381037891585
1324307660225785857
1324421936923947013
1324412530115096576
1324306978810830848
1324458930932719616
1324412466655301635
1324380352912216066
1324240116097961984
1324415801215066113
1324331111321882626
1324417643340828677
1324317559685107713
1324314026894045185
1324361864751534083
1324435819113885697
1324224502969081856
1324251128301834240
1324314838869397504
1324421413785247744
1324381300556550145
1324483164836974598
1324331272370442240
1324309562724405248
1324414841432453123
1324310521441603584
1324414784717148165
1324412543776030721
1324286431435591682
1324423584295641088
1324431339957985282
1324400557944164352
1324288090605867009
1324441633807622144
1324370657568825344
1324416538821144578
1324355050215493635
1324384675524214786
1324213101256990725
1324404434294767616
1324289349752684544
1324408977564880898
1324386522150428672
1324283705402232832
1324341049091829761
1324433974178029569
1324149685423058945
1324287989078511616
1324413253368320001
1324435354322161668
1324356928198377472
1324315166717153280
1324341167425728513
1324275506817175552
1324399936327344130
1324416174126411788
1324438869496991745
1324395887456591873
1324239020809986050
1324426584510636032
1324422220979032070
1324361546974318592
1324205568551243776
1324308972552265728
1324265197381521408
1324319409540915200
1324382190726250497
1324417370111254533
1324364535101329410
1324324541582118912
1324268222762373122
1324174799187415040
1324399491785596929
1324446670369837058
1324408193099943936
1324470093833797633
1324492550456152065
1324435680861294596
1324456319370350598
1324391036433649665
1324363427037487105
1324329996471730176
1324464448568987648
1324277366621917184
1324412675879849985
1324468889581985794
1324402641594732546
1324285779804332042
1324283394239340545
1324299566661947393
1324249477625073664
1324376911615827970
1324359550334652419
1324315003139297282
1324283272885579776
1324482738368483331
1324334957796405251
1324416444432584704
1324376282344423425
1324333609424166916
1324442117918330882
1324276207064592384
1324474527322177537
1324378653690572801
1324288410895458304
1324282078440075264
1324173517710131200
1324410789927788546
1324351103337664512
1324295322198298625
1324281983497838592
1324263987551342593
1324270632897515520
1324371025778380802
1324380136632918016
1324495973649911808
1324331563711123458
1324407720028573698
1324440072779911169
1324262536817086464
1324444742768353280
1324410536424034311
1324415113370230784
1324263463754104833
1324273727505420289
1324229197699624960
1324444150964588546
1324412511471472643
1324285429282197506
1324309901557059584
1324418994443571203
1324257595482345473
1324427253732790272
1324248027884883969
1324233168753483777
1324142746404270083
1324297553786097664
1324374921028399106
1324410712710615041
1324413783192817666
1324352749702709248
1324399258242568193
1324331710272708615
1324420784681590788
1324487129859239937
1324276770120617984
1324427169712508928
1324414200937127939
1324495215038586880
1324443674135199749
1324347951624454145
1324373898079686658
1324355864577400833
1324474358308446211
1324382214256295939
1324400131777638404
1324329999923642375
1324355707530104833
1324361714054430725
1324431228582404096
1324283581737406464
1324334515624517633
1324342979037958145
1324394176956555265
1324492564389646338
1324331369565245443
1324285594957172736
1324379146768830466
1324355842490146819
1324345192816824322
1324284581558845440
1324346955389145088
1324342367160311813
1324275667203198979
1324278990060871680
1324234248807714817
1324335113149308928
1324498218592407558
1324273431060295680
1324434869116686336
1324457240733110272
1324464487261523971
1324427467608723463
1324413012858601478
1324442542998474752
1324360948119937024
1324397928480448513
1324469467548667904
1324340607662346243
1324469278167474182
1324426866229452801
1324412954217992197
1324417978264375296
1324317683475750913
1324311704944234497
1324276402519109632
1324236936521883649
1324483091025563648
1324346993720889344
1324401533648310272
1324297658111057920
1324268457840517120
1324496067719766017
1324247001639374848
1324483924744196096
1324481622134181890
1324412336019546119
1324432721876320256
1324401202377986049
1324470306589806592
1324475701177864197
1324251588815396864
1324336666849562625
1324247193159610368
1324483625832820736
1324471689854488579
1324411674372329478
1324305734130192384
1324270111801266177
1324277153719091206
1324322450230910976
1324429434645024768
1324484393185005568
1324270910388477952
1324435050637774849
1324424866150449152
1324276027535839237
1324263898690838529
1324456919537455104
1324439356342439936
1324480551718428672
1324470100108464129
1324494140533592064
1324393391896043522
1324335741003010051
1324282161185361920
1324181903218483200
1324441240033730566
1324290172796784640
1324411156723806210
1324238967164882944
1324480046199918604
1324420010136272897
1324363341842833410
1324340856934060034
1324420890931666944
1324401994820407298
1324280834636079105
1324471430302621696
1324460454723391491
1324389297601085440
1324305375299014656
1324325082110529537
1324377669715349504
1324427119972257793
1324458936070770691
1324298246559277056
1324400964531617792
1324496558654660612
1324401734593249282
1324461109512822784
1324281889000165376
1324311868194906112
1324259848947728384
1324364769197989895
1324433576537038848
1324349121352867841
1324471844498530305
1324242244640120832
1324422245691854849
1324402239197319168
1324269363143286784
1324295171572436993
1324473718798766087
1324408111147503618
1324299018642608135
1324376052442009605
1324288494143967232
1324261934720569345
1324444769108545536
1324483521054969859
1324427738371993600
1324295623886184448
1324466178128023552
1324431239898669058
1324407827511840769
1324325623771398144
1324283020996726785
1324288455279583232
1324412360392646661
1324352102039195648
1324228909311889409
1324314375809912835
1324380108661104640
1324412705831268352
1324365308270968834
1324377910896189443
1324485319329259532
1324280089119465472
1324285078747385856
1324290358352621569
1324426856305725441
1324412395020845058
1324232724375359489
1324230348587233284
1324406163736268804
1324406625688604673
1324492594978631681
1324454255978291203
1324174907387781120
1324236424091238402
1324256316039270400
1324391938800451587
1324222485991170056
1324231648120954880
1324458411371700226
1324270939043991552
1324461795613024259
1324251152934907910
1324488116196040705
1324375561440055298
1324499023290605568
1324438556862042113
1324375061281804290
1324382294170357760
1324401583858225152
1324369618492887046
1324331761824899074
1324325855628304385
1324413958573510656
1324399877644845061
1324262219354382337
1324276993475698692
1324411182996811776
1324347909186461698
1324408829715636226
1324297915997790208
1324441836505759744
1324310808206233602
1324345279902986241
1324478061983731713
1324428419275411463
1324296639134240768
1324353396762136576
1324262361545482240
1324426925251637248
1324263996267106312
1324437531761532929
1324308986422841345
1324226531057496065
1324416684514594818
1324409338052620288
1324469516865327112
1324278082027593728
1324462220370235392
1324363991255273472
1324425725609390084
1324487040176631809
1324421184369364992
1324264584333713413
1324283388027613184
1324249490841362433
1324418594449641474
1324444155234406404
1324298570707730434
1324448361894862853
1324468813144989696
1324485297141329920
1324449654126379009
1324375304387919872
1324284786316292097
1324412624428257284
1324439989837549568
1324231068501893127
1324344604964065281
1324291047283924996
1324351576006381568
1324381981115822080
1324278212814393346
1324242270019850240
1324222664538546176
1324428780237148160
1324412575115812865
1324149583551877127
1324223831716683776
1324323843914215424
1324274616970326016
1324250570547486721
1324251906483589121
1324245311791849473
1324274294348746753
1324256327162540033
1324340789804212224
1324450093769117697
1324347900135010305
1324341486515879943
1324263900385345536
1324453917200142336
1324270919091658755
1324304924201652232
1324415097792593922
1324368282904891394
1324212301751308290
1324374069211394049
1324412678979391493
1324411180966957057
1324462353539305476
1324390699773681668
1324374409902198784
1324460292718415872
1324347107688460288
1324239964146700289
1324400391568658432
1324307253500018688
1324412285272625152
1324281063158484995
1324247194376044545
1324450458019241985
1324240086440026119
1324306680511942657
1324405403904548864
1324269120255381506
1324447940379889671
1324287354706821126
1324456458239574023
1324388427626876933
1324486343699955715
1324233765225484288
1324473205650821121
1324316346956632065
1324385386479706113
1324424710290112514
1324470567869779974
1324402710670696449
1324256329440120833
1324416332868292609
1324260396711202817
1324337828860432384
1324237027936710656
1324479706431950849
1324429783434973184
1324293902652919808
1324413206555729921
1324489481865617415
1324295466905935872
1324303383545761792
1324328487247892480
1324283671159996417
1324341205640060928
1324281181773451265
1324413978768977926
1324393701775413250
1324355207288029184
1324247669188022272
1324227899361296385
1324278057302151174
1324277649955557378
1324454304888094720
1324448526395445248
1324426523101769729
1324409645088329730
1324489671209111552
1324421801406058496
1324182876435394560
1324489123932110848
1324327573489405954
1324385868128411650
1324296702682161153
1324376850932649986
1324432997014212614
1324149457097732100
1324414063783354370
1324397551060242432
1324425063106568192
1324258568976146437
1324416230774722566
1324286502461984773
1324419166078717952
1324458141476671488
1324298644393234432
1324489532536987651
1324297880249765889
1324441412440625153
1324435874722029569
1324392117200891907
1324258298468605952
1324490136143450112
1324298654589587460
1324451416178642945
1324476403505647616
1324385733189226505
1324444301338791937
1324389266965843973
1324432757020348417
1324291570414292992
1324414178564755462
1324231071265968128
1324396362763538437
1324385021977894912
1324442073303519239
1324305314661978113
1324289088409751552
1324434977258426371
1324355079042965504
1324299946741407749
1324410251387523076
1324430523519934466
1324234668330389505
1324337620541968384
1324341578903728136
1324376481028595712
1324388559265140737
1324411608974635016
1324337109285613569
1324387612581191681
1324352010544701441
1324275380325388288
1324282287836549120
1324168735322710017
1324267366939873280
1324261042625589250
1324256491478650880
1324440992444043267
1324371567434997760
1324467434351374338
1324411618479005698
1324478628013477889
1324352037945966592
1324223979276652546
1324461607120998401
1324392056819732482
1324260901399179264
1324319506194440193
1324399528838123520
1324446406355070976
1324234991702781958
1324412681839935490
1324360669567868930
1324258201022377991
1324488184256958469
1324460738505822209
1324302201758638080
1324272067139817474
1324407555578363907
1324350930377203713
1324470581417418752
1324322439950721026
1324468672098951173
1324469291098480640
1324279103311253504
1324495690031136769
1324487826495410177
1324264283404865536
1324202123454763008
1324336507075874817
1324442343529959427
1324403482187698177
1324291324544274435
1324383833756700676
1324459062671585281
1324427382300827648
1324426321582268417
1324411592453349380
1324305664177524737
1324293901998530560
1324489475901296643
1324320793313058816
1324246883410317313
1324420707594473475
1324345865423802374
1324325500689522690
1324321050914598915
1324388917181927425
1324411551361675266
1324295890199347210
1324332230232182786
1324486155618975749
1324416065372332032
1324319686197202944
1324452219832438786
1324312317392244736
1324301997621813248
1324298409034027008
1324286488629125120
1324472740800307201
1324303055903461376
1324495343883530240
1324468709130489856
1324477778830516224
1324327964931166208
1324241520489365507
1324339656343904257
1324497557544931329
1324336270844268547
1324334285822828545
1324286289865297920
1324267698549936135
1324362798189740032
1324470610513317889
1324407798931820546
1324375219771944961
1324475094513733632
1324425811252908040
1324403853287186435
1324422795208642560
1324324461429035011
1324291413526413314
1324453416828063747
1324414805239803906
1324253470153736193
1324331317539078148
1324429775763574785
1324413203191922690
1324477777387655185
1324236186181918720
1324316052168286209
1324459181273976833
1324443332882370560
1324476995376451585
1324148107630792705
1324301127123349504
1324287429986164739
1324457934022205441
1324280863757160448
1324371309430800385
1324314010204938240
1324242702746214400
1324416970205417472
1324263272284147714
1324307357640392704
1324483031374200832
1324476566324318219
1324419364783853568
1324324860395479043
1324342124930846722
1324353956202631169
1324412411403710466
1324428190190895104
1324252453492170752
1324441766788030465
1324491424012869632
1324421070397546498
1324212577883377665
1324322520556777478
1324280125270167554
1324459986102136832
1324329628396359680
1324446373715021825
1324328026100895744
1324424182516621312
1324296193468473344
1324412943694516224
1324276806699130880
1324264349901402113
1324309382293790720
1324400054279569408
1324359259950325760
1324303652539039744
1324234603121565696
1324400399349067781
1324317817320198145
1324413784925130755
1324484404799000577
1324358206790008837
1324333601668870146
1324329725343522818
1324395949909790720
1324378554939904003
1324272356412542976
1324284307645620224
1324271578121752579
1324287385358786560
1324419926078140418
1324456029371904001
1324423126474608640
1324445532287307776
1324418810791776258
1324413344539938823
1324473534941454342
1324410167136583680
1324403561703313412
1324339515092328448
1324302375499321344
1324259347917119489
1324304311086686211
1324325818433196033
1324290172347965441
1324302170456547335
1324306633753792513
1324231249276395523
1324435978426163202
1324442604512202752
1324493221091835906
1324264082644545538
1324420817191665671
1324422964180406278
1324412543042019331
1324415606184181760
1324487131818037250
1324326124915220480
1324486876514967552
1324355232348995584
1324349980807757824
1324409691175354374
1324407976011116546
1324241283007893504
1324434148883341313
1324408431843905537
1324293405350993924
1324368000951177219
1324306889652477954
1324284903710695427
1324388288141156354
1324413237979455494
1324412818939125760
1324370767929348096
1324292257810436096
1324435169118457864
1324413071918616577
1324283624657686528
1324372252142587907
1324287449196072960
1324269042128084993
1324253271322755072
1324148780267163650
1324344921696985090
1324479910174404609
1324431582380331009
1324274691809464320
1324463031032664071
1324405434040672256
1324242803912810497
1324477170484449286
1324430247891247104
1324348061368332288
1324269921874956294
1324349230820040717
1324260411257032704
1324470958346936321
1324425772342353922
1324332879808180224
1324345802786066434
1324318645720391680
1324293738970161152
1324477416492978182
1324417285751246851
1324440123497467907
1324386155857612809
1324435460295450627
1324402066203254784
1324430188424417281
1324256203279577088
1324493241023139840
1324416372986753028
1324355069177962497
1324396828591357955
1324383469171036160
1324245870699827205
1324450304293801985
1324477253854572546
1324230164486737921
1324267635555618817
1324331882805305345
1324294287983579136
1324391786920448001
1324301098270818306
1324474064099024897
1324496840071458817
1324421030132285441
1324437332024578059
1324446279922012160
1324409609269006339
1324422566379950081
1324488370840604678
1324315931686916096
1324360476462112771
1324413547984683008
1324476412124946432
1324348537803603968
1324412985805254663
1324377119321972738
1324480460983029765
1324291088216182784
1324433750386708480
1324293533512142848
1324496026988912644
1324446380610490368
1324309888735027201
1324361740122030082
1324432985014370306
1324458280060637185
1324285992333987841
1324378751656955906
1324212534866567168
1324462513858220032
1324200952954585091
1324269824407687168
1324483807005810688
1324446275182493697
1324252478796451840
1324497884184743937
1324422943053619200
1324470866663669761
1324220224070164480
1324414494269968385
1324287982497636353
1324325490484776963
1324334449375342592
1324320705421418496
1324246325584678914
1324405476101099521
1324270615738634240
1324236167450152960
1324346902243086337
1324411279814131718
1324381869660643328
1324445346899120128
1324272487966920705
1324143924131340289
1324357305811509249
1324230827950120960
1324411265087922176
1324334398674784262
1324444040012713986
1324233197241147393
1324433073602240514
1324283680332926976
1324246833699409920
1324412712013697030
1324475351028871169
1324268651428663297
1324282620008636416
1324389106567307264
1324332918941110272
1324264337050161153
1324414166053126145
1324147458071502848
1324353690216599557
1324499163053252609
1324315961248415744
1324285654965112832
1324310537656782848
1324258320199405570
1324415987568021505
1324460305443901440
1324418058417483777
1324388790337753088
1324276479929262081
1324445894004146178
1324228188864761856
1324252053183598595
1324262370064162821
1324260185909710848
1324406392132980737
1324275306056896514
1324488433591586826
1324250304490147841
1324344354471817216
1324237511372230658
1324479829396377603
1324393794125635586
1324419298048303106
1324486133640810496
1324441934455255043
1324394906597629953
1324230444435558401
1324267676441739266
1324337509673873409
1324212128027463680
1324195759269515269
1324355880486391810
1324373767083171840
1324329175164047361
1324182715399372800
1324340606924132359
1324491476617863169
1324495186035118081
1324316634710974464
1324453149185314817
1324306024107548672
1324272615691792384
1324400705835323392
1324345831001120768
1324234640996081665
1324367948673359874
1324269756359331842
1324397367362228225
1324365537506402304
1324325849789800448
1324335594336641025
1324248426591248384
1324332840234999811
1324391946383695872
1324313519785992192
1324363375543988224
1324368850700406792
1324437833424265218
1324459069881667585
1324413389804896265
1324266542767419392
1324433179055448066
1324421397662339074
1324337558432743425
1324351531077013505
1324458243402420239
1324404084674355203
1324386787016482816
1324309244645117960
1324420729979441155
1324265852896792577
1324408200549072896
1324450808952479751
1324304912453349378
1324425935039455236
1324345633235492865
1324293036017389568
1324432294732615680
1324487184423014400
1324263461203955712
1324447965738655745
1324258676484591622
1324465586995421185
1324410590492844032
1324374688588550144
1324419111179399168
1324417996706689024
1324375424231710726
1324338314028212224
1324468190198595586
1324354215712641024
1324429446770774023
1324486781983707138
1324363849391312898
1324414199108423682
1324309610266828802
1324332307461885952
1324326414666113029
1324424156667150336
1324298513648418817
1324408496381722629
1324313125525639169
1324332869184086017
1324296827374604288
1324261403096657920
1324275151823904768
1324230161412313091
1324438784881135618
1324413081624129538
1324439661905907713
1324323179658153989
1324446418111733762
1324300440016723973
1324340171870011392
1324434755685912577
1324308625129656320
1324469253890859010
1324278498375204864
1324419093102026756
1324415593886470148
1324499855906115586
1324283251284971520
1324415255749996544
1324451159961120768
1324290490091622401
1324436685636182016
1324273837593296896
1324418999556472834
1324416608043966465
1324231262517735424
1324476338670084096
1324353121888423937
1324462708457132034
1324471683101696000
1324224406034538496
1324459171035684865
1324340225053724675
1324432358519508992
1324414478663012353
1324463838985621508
1324408936016023552
1324264111304265728
1324481873343598595
1324406118421090304
1324409250110709762
1324217367942017024
1324244655702200321
1324397291160150023
1324443720033345536
1324437215414542338
1324419155752296455
1324335809558970371
1324486535027314689
1324474849675325447
1324429405448527874
1324268872736845824
1324486471257116673
1324262510090997760
1324417317187555328
1324388140988117003
1324423934830383105
1324397123664781312
1324464452486520832
1324351984217055234
1324413160447791106
1324320054838702080
1324453789978546177
1324280397556047872
1324475193012690944
1324423220771119109
1324250623030841345
1324421562389434368
1324433385180352513
1324437482562326531
1324331828589830148
1324304137002115073
1324401095729418241
1324474145229447172
1324197724636459008
1324300528118091777
1324413083419398146
1324283587953414144
1324327344660750336
1324238394558451712
1324151820936163329
1324473958138261504
1324382505017946124
1324483280658440192
1324426585626320897
1324439580809043969
1324490101464903680
1324399124272287749
1324465323123331078
1324308874460057601
1324293295263068165
1324401195474132994
1324330417512763392
1324412977597108227
1324269873715941376
1324363028918394883
1324312787246587905
1324292690838773760
1324268140017160192
1324325236951703552
1324261837626576896
1324305991656185858
1324410532317876224
1324394853288038402
1324345779788664833
1324431312774680576
1324161075391156224
1324498159444381705
1324297612929994752
1324489243159334914
1324380516800434178
1324293950312767489
1324361635734130688
1324430049509101568
1324490813250756608
1324435662947438595
1324368393198309376
1324269535860580352
1324475500165812224
1324415083469021185
1324321082782994440
1324259720845209600
1324262090811596802
1324417291547795456
1324410644137955330
1324391120315494402
1324248007458643969
1324433198525407232
1324146084684484609
1324357386526773249
1324390845848702977
1324300904363970561
1324427792923168769
1324432834791198720
1324485120007540738
1324426982222974976
1324469148831916036
1324299194652385281
1324283677036187651
1324249060031762433
1324389782890360837
1324270335475224580
1324300856183934976
1324423112214138882
1324252783856525313
1324435430478139396
1324284678967336960
1324286657705746433
1324298364196917248
1324480497892888579
1324402429258047489
1324257700134506496
1324346159826161672
1324465677042884608
1324264456130613248
1324496579768758273
1324308756826644482
1324490740865601543
1324467476768395268
1324454382402965504
1324294553197838337
1324261787324325891
1324430259903672322
1324377156030550016
1324309908976734215
1324255147963392000
1324372835473772547
1324495415765618689
1324366639769522176
1324333036876533760
1324296061373042688
1324337644948475906
1324463820190949386
1324290359254396928
1324236368520880129
1324338207857823746
1324234638173392909
1324294278848368640
1324461143222587399
1324475197026684932
1324421889100578817
1324475093540573208
1324398290889252866
1324407520153243652
1324376203906744324
1324344370250817537
1324320721607294977
1324484782043111424
1324349634697940992
1324348550151634945
1324215620888649730
1324446873063727105
1324428339625558018
1324413659024674818
1324402697668349954
1324238745747496960
1324422732084293637
1324309247761534977
1324462845631864833
1324302455774076929
1324257547063316481
1324467751461814273
1324438206486556672
1324412902820950019
1324287109839097856
1324459770309447681
1324457284806782977
1324483309108428802
1324403118566723585
1324409563043549191
1324274073455779840
1324425967570440193
1324235034954518530
1324230375342776320
1324454812319207424
1324442316845780992
1324263580439662593
1324306337648574465
1324234068406448128
1324277501019959296
1324423493493149696
1324308807351238657
1324448659438739458
1324478772008132614
1324414116048625664
1324420502497222656
1324482450442063872
1324340055155068928
1324151353116102659
1324419475362467842
1324281611580510215
1324485738872868864
1324475797323849730
1324333930946899968
1324404643351334912
1324423893902385155
1324390424493105154
1324418181679751168
1324408280119205889
1324174984277876736
1324159664712540160
1324350062730842114
1324303845086945280
1324299804642607104
1324398571437891587
1324384760035266563
1324300981119684609
1324285178630623233
1324422341254881282
1324294675663147010
1324281830221189120
1324399870753603585
1324292224394342402
1324474117911924738
1324486917849755653
1324229890380566528
1324286932441042944
1324416241877078016
1324455047506395139
1324494736124715015
1324293057236344832
1324428707973484545
1324475280069660672
1324220521916080129
1324359922147086336
1324261912188735489
1324319050575564800
1324316610933497862
1324249997395853312
1324383344772218880
1324271716382740481
1324412817362030595
1324496735868248065
1324403596134436865
1324233238844420099
1324230093905027078
1324452853130371072
1324267670544519169
1324318574807310342
1324257861397057536
1324269932591386624
1324262721748144128
1324350293543428098
1324322934454947840
1324324737493983237
1324328484014010370
1324285403554287617
1324242164134694912
1324397656265891841
1324398131837022208
1324465287454990336
1324276057214722049
1324290624753979392
1324399480163209217
1324412766569041920
1324478184801374209
1324280840432635906
1324464480651251724
1324370270589693952
1324478484106850304
1324412463601881088
1324294846165770241
1324171176726454272
1324356178214793224
1324360087633350657
1324391778028584966
1324321442960445440
1324172482698452994
1324323565492150274
1324426466826821632
1324489330866458624
1324455985512153088
1324494000401850368
1324363725546074112
1324331371645538306
1324501605530685440
1324351268349976576
1324418595426893825
1324421935346946048
1324455237214740487
1324494822212816897
1324215405364367361
1324367711019978759
1324342956833280000
1324232296673779712
1324267551807971328
1324321464888287232
1324372162057293828
1324154040863907840
1324231613463646210
1324418180874461189
1324277371512434688
1324244466228695041
1324322818658619392
1324331689586413568
1324388407985004545
1324455324846346242
1324287609259069443
1324440788068085760
1324357894784036865
1324449203721015298
1324392528376930305
1324335778797858820
1324348611711426562
1324432508872699912
1324474197708595200
1324331637837090816
1324335656974258178
1324236674793091073
1324449467085557762
1324423114399322112
1324293111242235916
1324376557159391232
1324315048198758401
1324329531335974912
1324312081726922754
1324464461172924418
1324360779622211585
1324364954888265731
1324438686231126016
1324329935201312768
1324486361286647809
1324332509694406656
1324417519646552067
1324487418721042434
1324425091439120384
1324415339963256832
1324238009861099521
1324431206843371521
1324283131298566144
1324411261661126656
1324238206397784067
1324408947529404417
1324414635450257408
1324332705136476161
1324270126078701569
1324420310632976384
1324422583022981121
1324320740469071873
1324473391009746947
1324287559862800387
1324376834105057280
1324467780620615682
1324453076820963328
1324485863674400769
1324296291116081152
1324420436076232710
1324267695836176384
1324376744493723650
1324418603349921792
1324310199872663552
1324280851962757121
1324441359349108736
1324407175557558273
1324448024681205768
1324482894300065792
1324346926205120513
1324332915564621831
1324206402290724864
1324490141407260675
1324471628827381762
1324471531758641153
1324436747690921985
1324151764950593537
1324407392667316225
1324406418930282501
1324338900463210499
1324275546675621888
1324403119674007552
1324292797722222593
1324426712768196609
1324457822663434241
1324433814442156032
1324167890757734408
1324270773767462917
1324271617426554880
1324466943320096768
1324412851180740608
1324451078121902080
1324354347703144457
1324386999411843074
1324329808680099844
1324299300520820744
1324456873882505219
1324289360972390400
1324234534460731393
1324313562442010626
1324360579495219202
1324329260102897665
1324500475933270017
1324420238444793861
1324363301367795712
1324455585564250112
1324484750795591681
1324341577687404546
1324462922446348288
1324492185530736641
1324376586079084545
1324291012425097217
1324474434913243146
1324334160916434944
1324475028805701635
1324435951851102209
1324343162463289344
1324335462237020163
1324394747797098499
1324266295215489024
1324251145192308736
1324180686396416004
1324442494361391107
1324144239882735616
1324496155930185728
1324434557073006596
1324501288655163394
1324416718773637121
1324366379072528384
1324290358352601093
1324415035536478212
1324442735059869699
1324417250993016832
1324384792918528002
1324330314831929346
1324330623876521984
1324244809431703555
1324441999450247168
1324366053326073856
1324397062247632900
1324236518911811584
1324394030566957063
1324464863888986113
1324290062788550658
1324389845469450241
1324306522751553536
1324143866384101385
1324402891768123395
1324296085880344576
1324397985166405635
1324265430626803713
1324276794137157632
1324270542145392640
1324339612307853313
1324416299234217984
1324154368967483394
1324448022445608961
1324347318074748934
1324414808947646464
1324277828272168960
1324384939266039808
1324296652337876992
1324159721323061251
1324408035545128960
1324353464995106819
1324407295657299970
1324443875952525315
1324364353005588480
1324414859564486658
1324310058918944768
1324340824121909248
1324427070085234689
1324413152973520898
1324461911266775041
1324262807202942977
1324231958306717696
1324331223968305158
1324474907951042560
1324413524395909122
1324364279777210371
1324470719099686913
1324442343127265283
1324332755078025219
1324381364783820803
1324420246241947656
1324414250866135040
1324271832413933568
1324335853427138561
1324330788050096129
1324420091715506177
1324473888458289152
1324235834686644224
1324398090686779398
1324358189194903554
1324388920600256517
1324478929957212161
1324423362567917569
1324446696865234945
1324416571679350785
1324299714368516096
1324313367436210176
1324469740102930441
1324476192695738368
1324474868033822726
1324257354012123136
1324273197190127617
1324385828152479750
1324422050753191936
1324399540083003392
1324466206515122182
1324362382966247424
1324352279789637633
1324290859899256833
1324474270785916930
1324473628537298946
1324468856925130755
1324348964024582147
1324369902686375937
1324312029189079042
1324269958566715392
1324261420347871232
1324141441522769920
1324358966902726659
1324307287280930817
1324310269221285889
1324261048539598848
1324432962004406275
1324455835431555073
1324364787237703680
1324353250162843648
1324297587982303232
1324428754584817664
1324258358648590337
1324422687532437504
1324435280955351040
1324436548469825544
1324468056719003648
1324288590600351744
1324469293963218945
1324495900216090624
1324393633169235970
1324421555707891713
1324400912618659840
1324276721785384961
1324440980519555073
1324452942943051776
1324318143326703622
1324159293663399937
1324313761147199488
1324287505701756928
1324302958574665729
1324487766953046018
1324380273363062785
1324430314442207235
1324288426787614721
1324470216055730177
1324491685905211393
1324490319333855232
1324368641492717571
1324414095009976320
1324339094466580483
1324425804789522433
1324412681751826432
1324296615579033602
1324412688567513088
1324434205128957954
1324165324934176769
1324479947898036226
1324393602609545221
1324418534433280003
1324266857948471296
1324412810156269568
1324433206540701698
1324464391430000640
1324483025577693190
1324337183403200518
1324383905995202562
1324154519903735808
1324318652427108354
1324357916636446721
1324414841789075457
1324361231977861120
1324417532657311744
1324234952330907648
1324486623065755648
1324331540822806528
1324267173406253057
1324230232820404226
1324480171798351873
1324358695728414720
1324437882636034049
1324349805376790535
1324458946485248000
1324403782285987840
1324321586388885504
1324231699300048898
1324366124847452166
1324243216091254784
1324477299740336128
1324392608660103169
1324242750334734336
1324404410626330624
1324264515215806464
1324487231856402432
1324464149875884033
1324445781697376257
1324415402135425024
1324411021545639939
1324288811078164480
1324353678862680064
1324245530965323777
1324244630754512897
1324299598635159553
1324498236070072332
1324384679869534210
1324256237698109441
1324303479062564864
1324482810166607872
1324432012120363010
1324418546982658048
1324323368565354497
1324385925586132992
1324272935054565376
1324439167150022656
1324341637204553729
1324473199799767040
1324486141609992193
1324414805080444929
1324449876382490626
1324249108106956800
1324405762186219525
1324413258732838912
1324456820971360263
1324479879207899141
1324390811618988033
1324324629914120194
1324308119585988608
1324264004743798784
1324288594660499456
1324419985452785665
1324322844751396864
1324249452001943555
1324473586694971392
1324263050753564672
1324449177649238016
1324433242980798465
1324279525879009280
1324406920753614848
1324283681645694976
1324393532560461830
1324479807422451715
1324416309132775425
1324414662214123523
1324240370092355590
1324412340327075840
1324214296809738241
1324393866993274881
1324389569769492480
1324347939796508673
1324412987856297984
1324439501700272128
1324317764199292929
1324341376155328514
1324476675212673034
1324425284549038085
1324461365466189826
1324252544068063232
1324417218554302467
1324364926308241422
1324450612457754624
1324423592533282822
1324411446080475137
1324398372367847426
1324293739666378752
1324288461147430917
1324273345433686016
1324400079189561344
1324413605429784576
1324276563777626112
1324304235417247744
1324439062330155011
1324422185247772673
1324347891440324608
1324167310882578435
1324261135974096896
1324430551902834688
1324410712018558976
1324423273199841282
1324404006224121863
1324208409911189504
1324311874800898049
1324268866407682049
1324321018031333376
1324422518137118722
1324316536019030016
1324422242672037888
1324366859873996801
1324324246491930626
1324462913130778626
1324213224015888384
1324476729805672448
1324292935958016000
1324430696497270785
1324492413184913408
1324410534721212418
1324495178531508224
1324355089151250432
1324459732271271936
1324455647572828161
1324284520514945024
1324423350886768641
1324486935369392133
1324347993470963714
1324424259045916674
1324488258672349189
1324487596068773888
1324483526767616001
1324476636545359872
1324310384321437698
1324414135510147072
1324401297756442625
1324238730211766273
1324302960697004032
1324432964151816192
1324232093426221058
1324477267490340864
1324333220566020102
1324312373793050624
1324228963938541568
1324292789761429505
1324482734924902400
1324272191077339136
1324429581596635148
1324397651316609184
1324351929334509569
1324261358972465153
1324184932235808770
1324320172509925376
1324474485496569856
1324326991621926912
1324232202490621953
1324479569915793410
1324353382056939522
1324458942500659200
1324489945222942720
1324479701826654209
1324275721439772672
1324269908587352080
1324421138102079493
1324247336676151297
1324283036570132481
1324291728757661697
1324415224783478787
1324392032975073280
1324262318130241536
1324153161536409601
1324229313626054656
1324358782743465984
1324490040785936384
1324228624338345985
1324309018387558400
1324244069921554432
1324290452657496065
1324477509346447365
1324416245110886406
1324282217661665281
1324280493098020866
1324239643559239683
1324259784623796224
1324395084415225856
1324330247211438081
1324273122464485376
1324412495478595586
1324368954840801282
1324479769354928134
1324399784350912513
1324378713308409863
1324408099738918912
1324283829532712961
1324464344118235138
1324457467603013633
1324475045394190341
1324479740451917825
1324399121206226944
1324357141088608256
1324406107046060043
1324363031317499905
1324424939307520000
1324420898288553985
1324498900535943174
1324414322148257793
1324327319528448000
1324445355539369990
1324218377863340032
1324266676020563968
1324481686134992896
1324324343569154048
1324432961580814344
1324383372882464774
1324400806527946753
1324325207566356482
1324265836509614082
1324424573023064064
1324348463849623552
1324320286007795712
1324252734858711041
1324257585957142528
1324384333591924738
1324434675230789635
1324355919711526912
1324235348185124866
1324229775360143361
1324459634397220864
1324289818508070913
1324264998135279616
1324258282299641856
1324415130717794306
1324252378774806529
1324292758362869761
1324282293175914496
1324440332210216963
1324321405358481409
1324304953784078336
1324400658745798658
1324323077539483649
1324414804644319235
1324314602579087360
1324266984498991110
1324439648362360832
1324401086879485954
1324400413509115904
1324416628818350080
1324357666219741195
1324494231986122752
1324462677406736385
1324295917189632001
1324476808503414784
1324355203425046528
1324335554864046081
1324378118463934464
1324281044825243648
1324270233067159553
1324230578464419841
1324460808865304578
1324348090506203138
1324275193385287681
1324475383648034818
1324471759555465218
1324437327922561025
1324289939920572416
1324260283473371136
1324370362742771717
1324324920059400193
1324210247427346432
1324140949962895366
1324494251158360065
1324323770513920000
1324257185564663808
1324472331692027906
1324329605323436032
1324346175714111489
1324243283565039616
1324413918752739328
1324219658245971969
1324235515579813888
1324353208169496576
1324407379811774466
1324359785316196353
1324219122243248128
1324303523539013638
1324463267700477952
1324283144934170624
1324253358518161409
1324343971670347778
1324442657540759552
1324413613847752704
1324282251341930500
1324274130045251585
1324415295491112966
1324436649124790272
1324389992173576192
1324294280433852417
1324403976868155397
1324261760736571392
1324269977000660992
1324183784145735681
1324325210854666241
1324466157068443648
1324403050937749509
1324379996740292610
1324316703426285568
1324349744135786496
1324413975287762946
1324281803440640006
1324315193086775296
1324427099919167489
1324294936901128197
1324323528460697600
1324281539476205569
1324276388191457280
1324420690255241217
1324441409932414976
1324419574889140232
1324384625360281601
1324268522030194689
1324419546074222592
1324358604036583425
1324314160973438984
1324415493772632065
1324416768081862662
1324472442673369088
1324238463881928704
1324471798080151552
1324260905069219841
1324259064772206592
1324455689796886535
1324322094352617473
1324285087018553344
1324427698945613824
1324480119591849991
1324416451382566916
1324298750437822465
1324260191836213249
1324485616181125132
1324446148204048384
1324412357335023616
1324293357783470085
1324319562637201410
1324426811229556740
1324362331346948097
1324406011646586880
1324388570417762304
1324348020373266433
1324482155783856130
1324372218416107521
1324266979360968705
1324271314241245184
1324345998064451587
1324388892133498880
1324254645590646785
1324464229248831493
1324445553191768064
1324494819016716290
1324298963420385282
1324280612497313792
1324405235239079937
1324430001962438656
1324420598576107523
1324437923983429634
1324489810669674496
1324423567098994689
1324447631834316800
1324360823121346560
1324438030795612160
1324335316854099970
1324493342420467718
1324458928680411138
1324295104765505537
1324419508463902720
1324495201721876481
1324269178367430657
1324312537912037376
1324432604385415169
1324363534982144001
1324273306946732032
1324464726613569536
1324292399003324416
1324305256679952385
1324248114115579904
1324408467919114241
1324493175105458179
1324454075996475393
1324379721824718848
1324148973922328576
1324268786501955586
1324307725187239936
1324295522879000576
1324290998143492096
1324287390173876227
1324419395557462016
1324297018873909248
1324319990980448256
1324478913947512832
1324253257120796672
1324468876051128320
1324324287138930689
1324391051893899264
1324270727751716864
1324234857510305792
1324264299049766912
1324379577586749441
1324484510419963906
1324418047877275649
1324396809234620416
1324308430660751360
1324288634296635397
1324276986332782598
1324457390016761856
1324369944927182848
1324420156202909698
1324414329622614018
1324347412094353410
1324172222366470145
1324420072488710144
1324399987992776710
1324416152341225472
1324244481584103426
1324367567608229889
1324491228545732608
1324335662951063552
1324285069780017152
1324284427820781568
1324268101173710849
1324283674158899200
1324412198987378690
1324422499912896514
1324450159326072836
1324415010479706125
1324404099840987136
1324172002442268672
1324468967768031234
1324449258158891014
1324202869604626432
1324368280698703875
1324386688542625801
1324486555701022720
1324441787742801928
1324341396216729601
1324285362529837056
1324260198035443712
1324251647376318464
1324420763462545409
1324149577432375297
1324308575028715521
1324450720192569344
1324427286041559041
1324411419937411076
1324417959050285057
1324334126523125761
1324413854319845377
1324383334236127238
1324370671183548416
1324309075098742784
1324390054580703232
1324258234128060416
1324231371477438464
1324413706726461441
1324471613274861568
1324233864986927104
1324429475103281154
1324466802466893825
1324305610272395264
1324414711111258113
1324454831952711681
1324430989737795585
1324429849105190916
1324426470559723522
1324442236159954944
1324294730839134213
1324472461782622208
1324341552773275651
1324308031530803200
1324438789356429313
1324255136357765121
1324488315333214212
1324393620087209986
1324252609641734149
1324337356984459264
1324236357796012032
1324304626561306626
1324283095961477121
1324407715540668418
1324317575803789312
1324448088329756673
1324251221780275201
1324327069510180864
1324232952033792000
1324198503233380352
1324441363530788865
1324471482597154816
1324486104301637644
1324443744171626497
1324355580459388928
1324434340860829697
1324291128628301824
1324423300869693440
1324416324727177218
1324202585415405569
1324181407426584582
1324428469888000000
1324281743545901056
1324444943117619200
1324141146474504192
1324462888216678408
1324228957068288000
1324391088082296837
1324405483243999236
1324425592192847872
1324381062521364481
1324457837867732992
1324441806738755586
1324334409827438599
1324159010220789760
1324294676715896833
1324453533110964228
1324489293541351426
1324282654330621953
1324412702526214150
1324415958056919042
1324433944272687109
1324422473006354438
1324375031028289539
1324314714478960641
1324231472472039427
1324476588411490310
1324495919241433090
1324383817612877825
1324420796467548160
1324309933374976001
1324280703731798017
1324476168783933444
1324337496105324545
1324253995691577344
1324287687453483009
1324318478287966208
1324357744678285312
1324286250963083265
1324337633548554242
1324420778880847874
1324320030331408384
1324325324084121601
1324442660891959298
1324413112645275648
1324232499590025216
1324176384093245442
1324426389282574342
1324290101330018310
1324474370425847816
1324324544027467778
1324357885615394817
1324328031868080129
1324380301708070916
1324489683221565440
1324433971254624256
1324483444211146752
1324390192573276161
1324257049123950599
1324319509759561728
1324480245513084929
1324256634017845250
1324265478685118465
1324344028457029634
1324403823474057217
1324240324785508353
1324420878059343875
1324478781160071169
1324339081871085570
1324416454175981570
1324270235130626048
1324263872631656450
1324290915431829506
1324401955855360010
1324388030090760193
1324413592276508674
1324336490407731200
1324448265606234115
1324423692525490177
1324276200731217921
1324297472617943046
1324341491762896908
1324163391225810946
1324394105808523264
1324481277702115338
1324469370685476865
1324428844045127680
1324416226291056640
1324413883344429060
1324295107894530048
1324284387270266880
1324253715293970433
1324269131408068610
1324288479111643138
1324350063301349384
1324281421071032320
1324289568628183041
1324349408868257799
1324392674087084034
1324306719770611714
1324344164310519811
1324326296948793345
1324152360789286913
1324140011651014657
1324359441471426561
1324324726232285185
1324249044030545920
1324465200968466433
1324354152734969856
1324454633532698624
1324298249361117184
1324288766744399872
1324479935784853506
1324289439955329026
1324473348676636673
1324463559326212097
1324413373300264965
1324268145541029889
1324464067025735681
1324379670213742592
1324325468766638084
1324359413524824067
1324368330753495042
1324418465990586368
1324195773274349569
1324265611757846528
1324475120572837889
1324314815955947521
1324303538734964738
1324375530771304449
1324434264226557952
1324412092011741184
1324231703334998018
1324356043267317760
1324368697407000576
1324284741542203393
1324290635176828932
1324243738756030464
1324491171566149633
1324294399560425473
1324294081044979714
1324147082253488130
1324455257418719243
1324496298750447619
1324305813087887361
1324414002672402434
1324498997298581504
1324340879222558720
1324304555564277760
1324235177292451840
1324354552775217152
1324341760756240384
1324144464768704513
1324415172270841863
1324312466726260736
1324369452281012226
1324278520273686528
1324210412372504576
1324431739201163266
1324478835346341889
1324265810790154241
1324480021935869960
1324412633261420546
1324407464272474112
1324315484427309057
1324272986141134857
1324383098902073344
1324298005676261378
1324467477959626752
1324357905051754496
1324227478366375938
1324316328359059457
1324152624980074499
1324346939459198977
1324282564388016128
1324424674315567104
1324303680636624896
1324434639218421761
1324465299110940672
1324336143115182081
1324317509475094528
1324424154779684868
1324470311019040769
1324298119346008065
1324191063075180550
1324273511511281669
1324377088632246275
1324485621436633089
1324432564644384769
1324335549700804608
1324264918875545600
1324248057442160640
1324378803074932738
1324157560685998082
1324329896701759488
1324294644679790593
1324455244038885376
1324363593962369030
1324460244983029761
1324402478968963078
1324473121697574914
1324416319056449538
1324413974515994626
1324323979117518848
1324425657976238080
1324303035900829696
1324291398997286914
1324392313699840000
1324240097882087431
1324448343767031808
1324280602984632320
1324468561885188097
1324333140303925251
1324247164902608896
1324317385755709440
1324315034428780546
1324457958592360448
1324300567821361152
1324312374711562240
1324403355238748161
1324260686566928386
1324275356828897281
1324387281390563328
1324468831570591744
1324428472283025408
1324384809758691329
1324301204424413185
1324245893185417216
1324418492372819968
1324407296911355904
1324259733340102657
1324237573452140549
1324452170884894727
1324265714677633026
1324373341684310016
1324424955287797760
1324375820207558658
1324361223081742336
1324500042850443264
1324293843420909569
1324415363250008064
1324479944437747715
1324273579421274112
1324251049667006466
1324380517710598144
1324492120351248384
1324306472839372801
1324388347779911681
1324313994333749253
1324287639491616770
1324228126507937792
1324468483233644544
1324399813757227010
1324282573862825984
1324150381769875456
1324400634058231809
1324411771013210112
1324266608538300416
1324263168416337920
1324392627664572419
1324290223371702277
1324373705212964864
1324476868469272576
1324288474820857862
1324421283984101376
1324358271566753794
1324262966309588992
1324261643103227904
1324329901143609345
1324264190652096517
1324388944461598721
1324333691108282368
1324325905804775426
1324416154983636992
1324281785614782464
1324480278593703938
1324385262902890498
1324395418730569734
1324400496464089093
1324285711042990081
1324339364386820098
1324382192559153152
1324164606424735744
1324374635144794113
1324433118359658497
1324406598119366656
1324375170740531201
1324413312466112515
1324268434998337536
1324314776613330947
1324455652123619332
1324390620320964608
1324418945269616640
1324283795781132288
1324266908259094528
1324414685081407488
1324395463420895232
1324300465115402240
1324393029655035907
1324243640982654978
1324421202392326152
1324263838460555265
1324293163465515010
1324256079866462211
1324318737797914625
1324331269963030528
1324329483864866816
1324282045657419776
1324422845099876354
1324420639416033286
1324408140687921155
1324471309741543425
1324169891151228929
1324493555369496578
1324432271894552579
1324403686492307456
1324456037584379909
1324473351868469248
1324354025387630593
1324418685726052352
1324454350949961728
1324340330146222082
1324385371581517825
1324422098526314497
1324260491032776704
1324286979635322881
1324441451271434242
1324427138087424000
1324275960150138882
1324422641583824896
1324418894266880001
1324290021675905024
1324393278805020672
1324470068898574336
1324316459657547777
1324325647460769793
1324414160357236738
1324370597959340034
1324232673452265473
1324428022620037121
1324203410481160193
1324268730554212352
1324302532869525504
1324412959548911616
1324351981566234624
1324500636096958465
1324418813308375040
1324455443926798338
1324386747975946241
1324355353274966016
1324436371965202433
1324269500871692290
1324247483388694528
1324445553531432963
1324261348667174912
1324354283245084674
1324302440599064576
1324259060531687426
1324407396601630722
1324420491726245890
1324344593803083777
1324341626672680960
1324292236197199872
1324422131795546113
1324422352524972032
1324313515675496449
1324429806004555776
1324499131767902216
1324413475368640518
1324493486201163779
1324398250133278720
1324238874164514817
1324201708826886144
1324425971035000832
1324297236633784321
1324423752994750469
1324283655590539266
1324240845814534144
1324394962339958784
1324334614375182336
1324390459389652995
1324348317254459393
1324302754072956928
1324475250080296960
1324332401422721024
1324410255535689729
1324273172489920512
1324248889915023360
1324329552202637312
1324446028653801475
1324413662338158592
1324382415750635521
1324276604286210048
1324236196235665409
1324310491108274178
1324265707501137920
1324391082201853952
1324345729700270084
1324345844611637248
1324416528444497922
1324448913194143746
1324232718381699072
1324367357347856387
1324381593276944388
1324429833724694533
1324438678035378183
1324335274416111616
1324309622489055232
1324246741663817728
1324281950790668288
1324422191233064971
1324217132922658817
1324266960536961024
1324151780008202242
1324403610571087874
1324261812888653825
1324453995855970304
1324347221647609857
1324305755827277826
1324301475863035904
1324420979800637441
1324476697983537152
1324287193913925633
1324183108762128387
1324392534047678464
1324448105819983873
1324241330713878529
1324331248576323590
1324267980658778113
1324399598555799552
1324261553219227653
1324412617671270400
1324322835926495238
1324458519656079367
1324391156625608704
1324444429453840384
1324352573541916682
1324422948384575488
1324364981756973058
1324394977259069441
1324326455346647041
1324361534764732418
1324416822242906112
1324453189941383170
1324313130026098690
1324372663108800513
1324405945770876928
1324341349152337920
1324482742197866499
1324244607945875456
1324357409805115393
1324443098508906498
1324183013199106048
1324493478043226112
1324412053990375424
1324277079018512389
1324385438942044161
1324269440742133761
1324413160330321922
1324314970117574658
1324455008142790658
1324351490987884546
1324450234336948231
1324438372924989441
1324432030466248710
1324474191031291905
1324413378631245824
1324336976519188480
1324261355361361920
1324292231436640256
1324233992346820608
1324336936216121344
1324232088149725189
1324387616159076357
1324445800869646336
1324465299555602432
1324331102895509504
1324406243608453122
1324324709694119936
1324415554246135810
1324407587098513410
1324287983441334272
1324345904606945281
1324397751589810177
1324285700540387328
1324286719286542336
1324272079731085313
1324255002332901382
1324336438389989378
1324363081141682177
1324318131897176064
1324474034541744133
1324471066811633664
1324445054023487495
1324443107665072130
1324240972369350658
1324479724886859778
1324488619848048641
1324436573954416642
1324202561210077184
1324413098342666242
1324297655799980033
1324249139308351488
1324434754243121153
1324279991245426689
1324413912901627905
1324337323568496641
1324367315077574657
1324320801127092224
1324422096425025537
1324300374442913792
1324296904583323649
1324283268611641344
1324438293031825410
1324397975318253568
1324495261801029632
1324160967698046976
1324414484782469123
1324421747366629376
1324483092501958657
1324474287307317250
1324422951358398465
1324153457356537863
1324291282873831425
1324331312279412740
1324476189868756994
1324297420109393920
1324419725817008131
1324424878301286401
1324192971638607872
1324308936728727552
1324346747041230848
1324396415590813696
1324238279324045312
1324473794212302850
1324385717833945090
1324412490835513347
1324412246685061120
1324287813127409665
1324273062657884160
1324269369925476352
1324308005639376897
1324423459431239680
1324420027127386113
1324413124846460929
1324243019353198592
1324424568845512704
1324268018638213120
1324413412621897731
1324280601189502976
1324219356054757378
1324327941367627778
1324312537576415232
1324384486063280133
1324316267369635842
1324441276322881536
1324417980080574466
1324456455064477696
1324412227206733824
1324336960131969025
1324292550514085889
1324338374078009344
1324343599006420992
1324431732943237126
1324412250673872896
1324320365481517056
1324432737378443264
1324285062209249280
1324314347850457088
1324293837267808258
1324405097519001605
1324259503324434434
1324303352222650368
1324428040957472768
1324475702067011584
1324451349979897857
1324414913771638785
1324408353926324232
1324408427100123142
1324403507508772869
1324313556511297536
1324345842401185792
1324456450681425933
1324148164245495808
1324384682528657409
1324372163072315392
1324298765143052288
1324434875378749444
1324427849663729664
1324407845593452548
1324334307201196035
1324457210747985923
1324430649193910273
1324413008857206784
1324409266074275841
1324246919426805760
1324212281467641861
1324300579623952384
1324155122260332545
1324322467708608512
1324157773798608896
1324425482067202053
1324160976342667272
1324353871536443393
1324342993206345728
1324286003956371456
1324339772823928832
1324445514671247361
1324475880983375872
1324301898502078464
1324442875443249160
1324476395624476674
1324350573605507072
1324415925446189062
1324446837181501446
1324483495473852417
1324410466840518663
1324267484501999617
1324474102283948032
1324273656378380288
1324332126477651969
1324355978847047680
1324367990746468352
1324441661439660034
1324302506005024768
1324229208353263616
1324280877346623488
1324440487311384577
1324416029049511936
1324148284995309569
1324435239616290816
1324322321176416259
1324413529848483841
1324348185796661249
1324402756128591874
1324421769768374274
1324286602416398337
1324443318764347394
1324486005504856066
1324377167917129728
1324457491409866752
1324185425943109632
1324494122133180417
1324300396823793664
1324444401595273219
1324479756910448655
1324146834898624514
1324415183490568197
1324413216903057408
1324395601933553667
1324429900531585024
1324405728032018432
1324294882161295360
1324458474084904960
1324431757849075712
1324482962721775616
1324281947380736000
1324358423929098244
1324232814708039681
1324450101432094723
1324301729224183808
1324278894107807744
1324312000978022400
1324262255140184065
1324424559756533769
1324363477570494464
1324326315768664065
1324283902937206784
1324410417922400256
1324476245359415297
1324425056970297347
1324459195979210760
1324292340383686656
1324496365741871104
1324223217091911686
1324291762043691009
1324430033235173378
1324332705400737793
1324361490745466880
1324380756630818817
1324476202502017027
1324412925075951617
1324490992477679617
1324421439768973315
1324288411574960134
1324431381242544129
1324486694796726279
1324472092868431879
1324463440874950657
1324420028402421762
1324401637792899072
1324267514231201793
1324412790677901312
1324415610416148488
1324489255876513792
1324280312755589120
1324448544254840832
1324254004206063616
1324448342194163713
1324330654130200576
1324307401147850753
1324441045132824576
1324334880851898368
1324317391715733509
1324228088889225216
1324335658194800640
1324443565741756416
1324427344694681600
1324392703711477761
1324268913820078081
1324166293851877381
1324245625014308864
1324282517533446144
1324451549129678848
1324312389215543296
1324412288166748167
1324215504563769345
1324280490216595462
1324141175939497992
1324437910314192898
1324387333907632131
1324301348624617472
1324290379387228161
1324260401421393920
1324253251517206528
1324329902968066049
1324400541892517888
1324412940456439810
1324261885156405248
1324317101457375235
1324471702873612289
1324349382465118213
1324418193637736449
1324359879235174400
1324458943788232709
1324187032055414785
1324456297987792897
1324317147233996800
1324423971266244611
1324421083756482564
1324296316567064577
1324314075401244672
1324320336750485505
1324307271665487872
1324460720885518336
1324323653173997570
1324253375400206337
1324286383285035009
1324286957426454528
1324359979751657473
1324279491145977856
1324496578934198280
1324499118656544769
1324289630280318976
1324498693412790272
1324320793225027585
1324289267233968128
1324411145365704706
1324290761786052609
1324420026217177092
1324257958843326464
1324224461843927041
1324493155958464512
1324278152630308865
1324414421549109249
1324275649331212289
1324435107139276800
1324474966105096194
1324286839235043328
1324383025984135168
1324479309281714177
1324376323201130496
1324469292792979461
1324486523153244160
1324261634249052160
1324320369004695552
1324285937933844482
1324391202439991297
1324444447074099202
1324351414571814913
1324434104973217792
1324414252271230976
1324442961740992513
1324274508740644864
1324151802833625089
1324360981313654784
1324273154014011392
1324281625061064706
1324296324574027777
1324255734259961858
1324254051723288577
1324265481101037568
1324482915363901441
1324330750813085696
1324322225466576896
1324284601594949632
1324443909716692992
1324397221245235212
1324283380779896832
1324269376091181058
1324455257938812929
1324272188984352768
1324427879623598081
1324412773565140992
1324400826748674049
1324249905112748033
1324252850571063298
1324287635448356868
1324311964609355776
1324489331864731650
1324152528196509696
1324421622275649539
1324412976208687105
1324395131328438272
1324352532492263424
1324354354170777602
1324310752409300993
1324445801532264452
1324257301222641664
1324362175432052737
1324442228778061825
1324417864036720642
1324332206723158016
1324300708322201606
1324485194297057280
1324275567655604224
1324346859729637378
1324301411925053440
1324322250078773248
1324327206429069315
1324494666100887552
1324331381539950592
1324263048639631362
1324364855021834242
1324375531563950085
1324379860941393921
1324474460326502404
1324295832825417728
1324372006884835329
1324362932638146563
1324389151341502470
1324479881116372992
1324249012434853888
1324240590301777922
1324498752502190080
1324398361563332609
1324267290628706304
1324297418335277056
1324413075202727937
1324298623241302016
1324414473046773760
1324279378856058880
1324497793826783232
1324253363979096064
1324412670607503361
1324278930136850432
1324378708644384770
1324430857390727169
1324297556906676224
1324417632888524800
1324395081458196483
1324272030460616704
1324456600971710465
1324231734817415171
1324478087212507136
1324408845372956672
1324364389722562560
1324344979326607360
1324390787388497921
1324343018103721984
1324370230018191363
1324363434742394881
1324395887259508740
1324420357621796866
1324323652129665024
1324466893076549634
1324340421124886528
1324249349161930752
1324345998525767681
1324298034671439873
1324428608564244481
1324396697057984512
1324362123435266048
1324317869518262275
1324472300129976324
1324276791041761281
1324399607489638400
1324301219578392576
1324242165824999425
1324321421418500096
1324468395555913729
1324356060573016065
1324429345579028483
1324425008261795840
1324411238504452096
1324484795506794498
1324377770831609859
1324404598342377473
1324262852954214401
1324423056941555712
1324415415544651776
1324342826440757248
1324331323889242112
1324375705816338438
1324383454713335809
1324491365762408450
1324394572311650307
1324499480369127427
1324460093312741379
1324432244627378178
1324413927346917384
1324436911734358024
1324459178354769920
1324273690444484608
1324330496801714179
1324310208496238593
1324309617573351426
1324269855349084162
1324425276793753600
1324262072792875009
1324258746470670337
1324275925664616448
1324337630251724800
1324237710341668864
1324454170221490176
1324277821951324160
1324467510004097026
1324434943502594052
1324289311831953410
1324287349430300678
1324290070355070976
1324480180375703556
1324382954869706752
1324265698638635008
1324473990027554817
1324326565409378309
1324224943207440384
1324348760470728707
1324332189740314626
1324168964063272969
1324166165145571328
1324361644399624193
1324473967017603072
1324450650290331648
1324264864660004867
1324433582094471177
1324283874952826881
1324456223786323971
1324413278735523840
1324249360113168384
1324386821405593602
1324389594293538816
1324447164383301641
1324315395835179011
1324284748508860417
1324488567247220737
1324419512016527361
1324419577057595393
1324317530056478720
1324427475116503042
1324330963367845888
1324240684384178183
1324369063628447749
1324462345712766979
1324430996549283846
1324318598815469568
1324386833799778304
1324428150068158467
1324301242743558145
1324302233807323137
1324158309109166082
1324314086306361344
1324453936913391617
1324366595611918337
1324275074204139522
1324163780796944384
1324206435576778753
1324239797385334784
1324443285755224064
1324473743230586884
1324339009464733702
1324404662322319360
1324402417014898688
1324347127619899394
1324266826537312256
1324326266946920448
1324475324738998272
1324274254251261953
1324451410025566211
1324314333908787200
1324194588165328897
1324351044311240706
1324409023052001280
1324313040821669888
1324499752730431494
1324450222848774145
1324151813231333376
1324396825315561475
1324388191756058628
1324355124584656903
1324492138588110848
1324242039110799361
1324423937510572038
1324350479904681985
1324293580777803776
1324362215022055424
1324420407605235717
1324369037380517889
1324410715877396480
1324417511933300737
1324290939108659201
1324339548009177088
1324424817030868994
1324414531163070464
