1325396020830887936
1325541768012685313
1325571783722995717
1325464087933964289
1325482215057158145
1325503388352647168
1325560618938757120
1325383314555990016
1325442166588665856
1325431491602640896
1325350550414782464
1325574971901534209
1325349410381893632
1325505313747963905
1325516734451904513
1325563637180850178
1325494506192560129
1325390090768683009
1325425294837157888
1325464727737290752
1325525399707725826
1325299323941367813
1325492483074232320
1325415546150674432
1325353414495186945
1325312695055372289
1325345951058419712
1325521799258451968
1325487956266717185
1325565762833182727
1325485218896162816
1325306329456668673
1325558950062944260
1325508623242571776
1325354787915915264
1325238234725703680
1325410799884644354
1325581809997017097
1325440594563489792
1325402764416004096
1325364674964156417
1325296360887873536
1325435921295138816
1325564956469829633
1325313784337080326
1325239654073978880
1325559027133198336
1325535194200281091
1325449509199994881
1325260416843444224
1325567037851250694
1325414858343460864
1325363124485173248
1325503295176183809
1325431319225126916
1325358530552061954
1325497923103301636
1325368398411423744
1325581705466540032
1325380005157875712
1325554092807233538
1325462986975309825
1325351122824015879
1325326376778543104
1325407079058862080
1325515914964557827
1325456383303700482
1325507411562668034
1325434861520293888
1325429528215379968
1325398702228467712
1325414506751807488
1325395088327970818
1325435036821319686
1325353599199686656
1325242703135854598
1325522840221782017
1325353690430136320
1325492069754920962
1325435630793314307
1325405399382519808
1325510867018977283
1325416470910742528
1325557930964496387
1325512977555001347
1325440349557420032
1325335237107265536
1325397484827500545
1325395144422600706
1325238740550209537
1325359178987212801
1325373754407604224
1325429323550089217
1325572209218375681
1325466782912700418
1325365073733410816
1325528382776422402
1325585122557648899
1325509761735995392
1325434103328632832
1325516262777221128
1325384319221833728
1325335808375664645
1325538093202632704
1325494822904401925
1325385797357465600
1325559469091278850
1325350052496363522
1325504276655992832
1325491538445656064
1325468089572528130
1325425679958233089
1325571907714953219
1325404689974910982
1325498050333315079
1325496404249350144
1325432444565250048
1325429933460615168
1325328799001612288
1325416968472702979
1325569081504886784
1325366636954742784
1325351881087066113
1325515348725157888
1325414021688930309
1325412600566456320
1325408689839353858
1325418093615648768
1325373860481556480
1325339758126649344
1325503605110153222
1325461817141977089
1325537223052201984
1325405016849592326
1325524301676744706
1325419904862916609
1325435103649075200
1325482796589178885
1325533794590449664
1325443168314286080
1325541944769077254
1325335342094946305
1325510128712503297
1325237613830221824
1325485779938910210
1325342370901200896
1325586604036141056
1325415618636558337
1325386698122031104
1325231738642173953
1325421615400841216
1325434257238585346
1325441774563823616
1325526385008529408
1325388581096071168
1325488326430912512
1325530709184946179
1325558477461348353
1325429886597599233
1325427448649932801
1325406855817031680
1325367609269874688
1325520944220266497
1325398352800870400
1325306406371782657
1325404968610885633
1325455398388834304
1325320390311370752
1325573225426939904
1325552037363376128
1325369335402082305
1325567473287122947
1325282145565368320
1325307873451237376
1325429483738984448
1325500903680577536
1325526185732943874
1325370900204630017
1325477428773449730
1325231605800194049
1325381716064817153
1325505560930889730
1325483558522277889
1325553095347154944
1325518140168658944
1325554330368421889
1325399773021659136
1325464005989830665
1325311959017816064
1325341894444986368
1325367467833774080
1325443485839855619
1325252055846547458
1325505714211655687
1325534280328605700
1325377524776439808
1325434498742427649
1325325665210601472
1325464832469045249
1325395983719682050
1325481114253791235
1325542781624999940
1325367231879008256
1325357223707619330
1325522550823260162
1325464551589093376
1325490264690057216
1325518100364742656
1325433027451887616
1325398084923387904
1325275742003994624
1325512190129008644
1325302584077377536
1325363522562371585
1325495608711450624
1325407111476629514
1325421728340860928
1325565326466150400
1325329952741404673
1325451622940553216
1325334806788501504
1325348161523765248
1325244880130543618
1325421696166342657
1325486931082424321
1325571787745353728
1325435711747710976
1325566819315425282
1325418053442678787
1325398642900037637
1325351576752558083
1325422819057029120
1325505543453241345
1325257886394699776
1325389256446144514
1325325200804732928
1325400881995583488
1325353665922740226
1325483270973304832
1325426270629486598
1325372341275283456
1325525599688011776
1325568296507371529
1325390938462703620
1325490978262818821
1325488223313932288
1325417362531692545
1325381959284105216
1325564165000400896
1325284219405406208
1325556233605181440
1325464429123788801
1325484858299256832
1325338032363474944
1325439231519551495
1325554418562060294
1325232368156889089
1325572133230174208
1325509540180353029
1325506262558191617
1325402755981250560
1325539890960982025
1325421512078336000
1325319567393087488
1325473379231653891
1325494521136898051
1325367351009796097
1325474913961058304
1325335759864401921
1325403387098243072
1325419795030937601
1325492546815086595
1325233406779723776
1325504514032627713
1325344664518537216
1325405301953212420
1325486939777208322
1325456670953250818
1325471360823463941
1325228113727512577
1325497290732277762
1325413517453910016
1325494477323169803
1325511661889986560
1325507512775356416
1325551177564647426
1325547776076378112
1325430783906107393
1325314861883076608
1325539791031701506
1325244885860020225
1325251134559236097
1325517235343986688
1325348689783775232
1325426007566901249
1325484992571518982
1325456410570862592
1325493484523020289
1325404233970094086
1325409559901593601
1325515430673473536
1325407017524203521
1325573215641620482
1325379592220237825
1325258929853652994
1325464185090797568
1325405317342048256
1325262919328784384
1325438463609626625
1325242597410037760
1325369478268522496
1325467845774495745
1325581146701377541
1325480390413463552
1325332723981033473
1325528008753618949
1325367397029728256
1325483045957283841
1325422649623924736
1325385563298541569
1325327308895490049
1325523842496950273
1325419884273160194
1325408172648095744
1325426328288497667
1325458845611794433
1325425821453066242
1325558716297596932
1325378178823675904
1325556720823721984
1325363603537600512
1325574338079297536
1325459395652816897
1325505243552034821
1325430746224451587
1325355405598404608
1325413751156256769
1325335604368969731
1325437926398898182
1325422588559044610
1325498446581731329
1325354864990425088
1325469136596725761
1325386844826185728
1325325035226148864
1325415103790002176
1325457436958973952
1325321258750316545
1325547329550684160
1325358912326004741
1325540969027080192
1325437658844246016
1325502340431032335
1325234369976553473
1325397441206738944
1325470849391091718
1325432231578521600
1325566954594332678
1325509179386236930
1325503803538411532
1325398609370755072
1325476532199026690
1325389611548372992
1325458212661899269
1325391636088631296
1325413704737955847
1325363876452585472
1325384268617560069
1325322005705613313
1325412502671339520
1325332288121540613
1325393210554933249
1325475863022989313
1325343078299934721
1325235641345564674
1325341354612944896
1325357831797821440
1325341314960023553
1325419833526194177
1325354037169025025
1325305464180137984
1325396164120879104
1325490046099726340
1325363781904576512
1325511493945880576
1325453600152309760
1325477781086625793
1325532485577535493
1325331139905642498
1325449059897929729
1325321880207757317
1325295315260420096
1325362832041455616
1325238722904924161
1325565055983898624
1325368739752194050
1325499609838477313
1325450653330780160
1325345777166802944
1325378532424474624
1325433676361064449
1325420548873056256
1325483915977629696
1325339154348126208
1325388651505840133
1325534558134079493
1325494026485837825
1325483643331104768
1325550222869753867
1325588315102453760
1325513780739137541
1325525075089629186
1325541628254310408
1325322762500575232
1325520001747603456
1325454699856863238
1325356563742269440
1325532407097937921
1325505895782969344
1325470559094927361
1325442282099761152
1325306571182772224
1325505352507547648
1325402637395775495
1325526615078694913
1325462676772884483
1325396054771183616
1325558394019868677
1325482962553622528
1325411075798523904
1325453948380131331
1325415827982708736
1325430035717742592
1325388418176651270
1325552135283613696
1325565196971159563
1325569685568581632
1325507172973899778
1325457743369670658
1325398227131183104
1325503586890092544
1325234975092973568
1325353452847902720
1325459294649786368
1325555327836819456
1325477778179887106
1325513912326959108
1325419745655578624
1325548799494909955
1325393229366366208
1325425334829899776
1325465578660917248
1325585735706140673
1325503964230639617
1325360559383080960
1325418218534694913
1325456331634069505
1325573214886633483
1325491988691611649
1325549847592771589
1325471365890191360
1325475671989235713
1325415535232815105
1325280878814257153
1325514697152585728
1325544993323356160
1325499857671483393
1325372472523362304
1325355799821029381
1325354874373070848
1325467139247992832
1325347209660002304
1325514708275826688
1325370339220746240
1325573289868201985
1325448115709747200
1325407007982182400
1325375797742489600
1325358375895519233
1325556064482430977
1325395523168251904
1325514517598580737
1325353056012283904
1325338973506592770
1325476367425794055
1325390956531752961
1325238157848289285
1325247999241572352
1325583820721168385
1325527029429784576
1325368610961952768
1325514163666489344
1325465470506577922
1325423318909005824
1325559831541895168
1325526369019813889
1325410244533645314
1325524239416483841
1325497118891659265
1325501019330142210
1325354976223301632
1325414429886967808
1325573092635238400
1325402328309096448
1325511873287122944
1325523453567492096
1325466053934247936
1325431773094928389
1325556111320215552
1325474085359513605
1325517370459361284
1325448509550702603
1325412934881861632
1325354195717918720
1325411699076296704
1325355175230443525
1325345690751561728
1325460701415153665
1325399797247987712
1325433949179482113
1325429679340269570
1325574712127336451
1325404865967878144
1325423855549165568
1325558055153651712
1325507931446652930
1325539040326774788
1325464181559226368
1325532760912617472
1325588151587450881
1325524788308217856
1325429356672536578
1325380126926835712
1325396958018736130
1325481545277313028
1325455999839449088
1325462046020956161
1325531482312634371
1325400126328872962
1325405234487844864
1325400493993189376
1325509618311852032
1325472030746152960
1325346929883172869
1325448724840058883
1325254005774114816
1325253684846977025
1325425569769660417
1325413317003849728
1325573931533815813
1325565602111639555
1325465036257714176
1325418055246155776
1325557766925262852
1325458760748441604
1325576096931262465
1325461054235750400
1325448824630865921
1325534502471471107
1325342549159141377
1325532257407393795
1325416221852971009
1325424951021678592
1325289968407891968
1325425235332567047
1325494153959059457
1325404770656530432
1325387996561100800
1325581360208207873
1325352386995556354
1325486925789208577
1325505871594614789
1325563529387266048
1325471672900743169
1325475495195119617
1325400369502019586
1325358950846525442
1325412297783832576
1325404062439903232
1325366748313477120
1325407600746389504
1325573868820500482
1325491048605474817
1325516952270475264
1325518676930383872
1325398392424501249
1325574539359760391
1325416309912383489
1325307103192420354
1325438097706930179
1325382855841681408
1325400114609991681
1325431324249911297
1325417770591408128
1325568422051188743
1325252028151590912
1325414034699640832
1325349483941650433
1325516331370868741
1325392981134864384
1325354284943335425
1325410241392111616
1325430493152735233
1325231869852573705
1325370521601576960
1325490797865660418
1325534085746487298
1325423473070665731
1325506022681833472
1325396172484304896
1325402253210083328
1325494465520414723
1325492000867700740
1325479162631622658
1325379499408715776
1325481913767825408
1325378272134393856
1325520450814943235
1325545497747197952
1325580064570953731
1325569129668087808
1325254971634425857
1325284735493402628
1325354324789178369
1325549658081521665
1325494203133157382
1325517018750210050
1325395941709520897
1325398188543668224
1325359436228153344
1325393950300139521
1325360838715338752
1325426011350179842
1325530928077266945
1325525890848219142
1325368651231485954
1325529374452568066
1325424584800301056
1325427678908977152
1325363411211984896
1325230038598430720
1325396501347102720
1325419692530544641
1325582801190662145
1325496906013962245
1325451399677816832
1325348648369217536
1325502513915830273
1325547066974744576
1325426391911981057
1325261128864206849
1325379017336381440
1325233565907505152
1325527189824167941
1325477419600515072
1325415876594634754
1325560893753745409
1325493365799063552
1325525082203156481
1325519560511004673
1325503813499949058
1325306489007960064
1325445071295180801
1325555265945657344
1325515512080715777
1325503346753626115
1325390798909820928
1325440222436462592
1325520144152600582
1325554587206619136
1325408979841921034
1325545974425595908
1325493682741497856
1325504233005838336
1325545283099488256
1325441475262500864
1325377429062475776
1325428366216933376
1325468932514467840
1325507313323696129
1325427770684534784
1325261079681896449
1325424169950064641
1325475827975417856
1325403296220188672
1325455608959655936
1325386796813971456
1325565629726908418
1325442756551053312
1325373955398627328
1325462791130583040
1325425866688638981
1325554178433970176
1325379310706962433
1325531104623865858
1325582418707931138
1325417941391831043
1325501331361161217
1325477465943314432
1325524865764519936
1325494922103967744
1325307393455087618
1325477467541426176
1325473395639791616
1325404436878004224
1325431372396310530
1325546559027687425
1325350119965941760
1325516774738190338
1325428397636464640
1325388589899898880
1325357682719592449
1325387646332510215
1325421785995763724
1325412515908562950
1325503659753476096
1325353373596610561
1325501662690160640
1325571988581212160
1325474692371607554
1325527957272662026
1325474201961181186
1325543413303947271
1325421932376940544
1325356340882051072
1325384671488831489
1325448268927688705
1325445322944950273
1325525739807137795
1325356723377475585
1325577322112671744
1325365317430890500
1325490191889539074
1325399907461701632
1325465624596897793
1325434295557742595
1325503739323674626
1325449826981597186
1325368467000877056
1325352298143485952
1325528475969728512
1325442542939365377
1325410333637419008
1325284175109218304
1325378831994204160
1325440215197093888
1325401473086320641
1325424430198173706
1325513772455301122
1325504654403399681
1325421559427833856
1325377527511044100
1325540025375858688
1325378683608162312
1325355094653722626
1325487779002937344
1325356196929400833
1325327415401394177
1325526611094081537
1325343076718702593
1325310683018366977
1325515004137926656
1325555878150500354
1325461594982273024
1325549257915588609
1325350854896070656
1325470577377890304
1325487536760905734
1325541445227454465
1325242209726296066
1325454629212196865
1325521724943847426
1325471873484939264
1325468519425855488
1325428237590175744
1325422225965592576
1325478377503985664
1325397813652557824
1325390104618217473
1325493363861282820
1325467760126734336
1325534429096325123
1325500438708428800
1325422167895445511
1325415607295209474
1325490053070643201
1325532787085111300
1325537767884005377
1325371240467615744
1325509647223169029
1325524795212095493
1325390042945228800
1325557621458427904
1325558011436392456
1325361766256275457
1325367157300060160
1325515360162996226
1325505270336851968
1325406165157732353
1325476776085217280
1325400594711007237
1325567163973955586
1325341014773682177
1325417388465131522
1325551469718872066
1325399017795293185
1325420842218627072
1325324645810262016
1325560108479340544
1325523409619529735
1325555957213122562
1325382856185622529
1325520799802003458
1325579952755003396
1325447752126488579
1325366896988975106
1325554291445260288
1325494828117929985
1325486130092011526
1325441136639479808
1325312120792080384
1325512831006085122
1325481742275383297
1325536807832915970
1325524866641108993
1325550392730595329
1325510255846023168
1325422881698963459
1325541039319490566
1325462398996713473
1325549048011649024
1325429030850584577
1325587947568193537
1325464670392692742
1325413667811241984
1325548972639916033
1325555687225700353
1325555682029015041
1325392624086257664
1325361307672059904
1325566571679539200
1325521813733044229
1325418071629107200
1325535324060196865
1325468465365389314
1325523002491084803
1325568801971331072
1325507236282724352
1325371532672196608
1325407290611146752
1325384276934881280
1325478206082838529
1325519849020293120
1325404972314451969
1325393524909625344
1325504463566757889
1325437030126522370
1325419924219523073
1325398390730076160
1325556701249101824
1325344187928219653
1325413241149935619
1325506502573105155
1325533416826286084
1325527878637936641
1325412591246733313
1325309547955826688
1325509716290756618
1325452345497497608
1325534488361902080
1325419236827795457
1325397577223823362
1325385080244744194
1325359294078984192
1325546465788354562
1325474978784026624
1325426139377098752
1325541889521618944
1325586547345944578
1325556395790520322
1325537509401620480
1325531411235942400
1325516707818065920
1325323728360792066
1325516200655396865
1325510726178451467
1325415005047631873
1325433012071313409
1325564796255821838
1325249102750343168
1325562861360467968
1325510171267837956
1325465465750245377
1325495092220731392
1325342173164875776
1325422529452929024
1325505320874106880
1325287798732058625
1325466409732894724
1325560894512828416
1325264948138749953
1325396260686340103
1325451851786031104
1325476013489360896
1325431340012072961
1325480252982894597
1325446295121764353
1325484955061936129
1325324642828083200
1325499140390969351
1325331227545657345
1325515241950744577
1325563955041931265
1325493198723174404
1325493064551510016
1325523627765272576
1325427915857616899
1325455821254365185
1325516200881778688
1325486000332746752
1325535203759099913
1325407441635381250
1325351476282220545
1325443901893844992
1325295988588900352
1325430865699213312
1325308672705261574
1325507264866902016
1325324873577730055
1325455624029818882
1325395180783095809
1325506724808232960
1325470420556984320
1325443993661009921
1325282525720285184
1325357382889840641
1325401537397600256
1325535619846705158
1325398503082889216
1325369787707498497
1325558162188021773
1325521875653554177
1325449683687383041
1325345992070328320
1325333096116461569
1325354549696221184
1325564967723085833
1325351328231649281
1325414416033193985
1325366773621919744
1325545352976592901
1325474152275456004
1325434476298645504
1325500462422962183
1325487516963770375
1325530423963906048
1325521710481887232
1325462641058394113
1325328847533969408
1325323845365063686
1325397476082388993
1325488192875868165
1325458515142598657
1325578917625946115
1325398565053730816
1325463560487624704
1325511240085549057
1325487370649686017
1325355895904231425
1325319435868057601
1325576486703812609
1325485411355947008
1325305754149154816
1325312419904827392
1325332318211411968
1325438037355094016
1325379840850219010
1325478305148047365
1325568275800055816
1325445786184921091
1325456716318859271
1325524592136433670
1325314853456793600
1325502286236430336
1325434870135468032
1325527686358462472
1325566084762710017
1325393780053258241
1325461387032715264
1325384744222208004
1325362616781430784
1325447570701881344
1325307730127708161
1325319134872219648
1325554594034888704
1325393454998884352
1325494785793257472
1325264369131925504
1325322140720254981
1325422239479685120
1325487616507129856
1325317367371608064
1325472144009158658
1325502097555677186
1325371379907244033
1325432868273852417
1325492998818422785
1325454249707319296
1325346064019427330
1325395381245665280
1325481528596508672
1325479788849532928
1325415419105202177
1325380110619353090
1325577655819919361
1325465562638594055
1325550396434239490
1325408308530995200
1325315682242859008
1325490353345077248
1325536977312247812
1325357705456984064
1325499478518980609
1325521950760988687
1325364580529426435
1325389441062625280
1325434693794328579
1325400506513154054
1325418585452392449
1325427777437360128
1325457282633699329
1325455864254369799
1325401166759546887
1325558344304779268
1325398230734151680
1325456230089961473
1325565216164352002
1325493420429860866
1325507412103749634
1325388115163426816
1325517603750748163
1325472735741546496
1325500315446218752
1325510696336023553
1325549929377517568
1325457291999633408
1325423737034911745
1325534706885070848
1325344283138912261
1325411963288084480
1325441557915299840
1325562612067733506
1325363525175431168
1325399856014356480
1325391476948410369
1325573075237277697
1325493299873017857
1325426601534910464
1325325623426953216
1325335399137484805
1325428773030940674
1325551106760511491
1325563955293646849
1325580866807074819
1325485624082767874
1325566691330428928
1325476940707475456
1325384687209115649
1325438528646492163
1325456222426984450
1325525096203776000
1325424997758857221
1325408124438769669
1325487918484492288
1325338793466073088
1325500364267941893
1325505766871216129
1325412568513581058
1325537991322984457
1325470158366924804
1325248415383523328
1325579750295920640
1325527383978414085
1325432605085474816
1325336712931729408
1325369198785204224
1325471116882796550
1325518877695094786
1325433576435888128
1325544897928175617
1325454995697889280
1325399207499460608
1325228264844091397
1325432853283344384
1325426853834874880
1325405756565368832
1325256515301863432
1325547208196960256
1325450835204206593
1325567185964691456
1325426130350825472
1325420807640797185
1325460221117030407
1325376127234355201
1325233669477425163
1325557343929692160
1325442474739904512
1325573174541561856
1325518173018451969
1325395786688049154
1325285096161759233
1325404789891534851
1325230654863396867
1325546840587177985
1325534198908772354
1325425706763948039
1325508635733188609
1325406464794615808
1325421569808736257
1325528280150183939
1325518532675837963
1325489233159737346
1325534971621236743
1325528371242151936
1325449826717274112
1325503775952531458
1325354388630724609
1325505385072037889
1325390597310517249
1325443951202086914
1325540116413222912
1325583216644919296
1325409684149428226
1325507139943739392
1325499675898765319
1325545258436993024
1325446695480647681
1325357242854633472
1325508426668105728
1325505327937298435
1325277753571225601
1325393147782963200
1325405671572037633
1325401004293156869
1325561988928430085
1325423115095175168
1325530439130492928
1325353106964705280
1325499860548804608
1325489547380187137
1325413949773406210
1325344444003061760
1325416413620817920
1325421750952333312
1325471562292719616
1325330238851723266
1325442217230692358
1325550868654153730
1325361768374349825
1325504864722542594
1325455594606747653
1325234030531518468
1325564708938768386
1325420682017181696
1325401707782795264
1325364526997532673
1325358245905620992
1325435040432582657
1325396279384485891
1325417317346533377
1325356533945954304
1325424531272511491
1325437057284575239
1325573716340781063
1325522272292012032
1325562670439952388
1325515577285357568
1325419644300242945
1325510538462441477
1325393474682724354
1325382872354725891
1325364860134285315
1325400167772807168
1325586341523038217
1325435576078774272
1325377720973398016
1325358783485386754
1325313608859996161
1325409620668665856
1325473980095098881
1325512972899381253
1325502893101879297
1325581855693926401
1325458778536472579
1325511279734366210
1325551854965698561
1325561959559933962
1325369897124323328
1325379725301338113
1325307501206794240
1325238835295424512
1325251382262329344
1325504966325309441
1325535162822758401
1325238355559395329
1325552160336207872
1325353560515747840
1325524930499407878
1325292027286872064
1325555539292647424
1325395687652122624
1325377399555563520
1325311349023518725
1325527475846344707
1325508956014440448
1325436723367645184
1325499578351759361
1325339640178614272
1325530804252979202
1325505838199566336
1325373269814505473
1325432808945414144
1325237961827479552
1325451093355229187
1325496455898001410
1325527252256350213
1325470357118181376
1325394846551597063
1325425624840892416
1325386802816020486
1325402020258451456
1325490765166940161
1325441208924168193
1325484852297216001
1325476799640428545
1325393195837091842
1325334256466399232
1325521272319709185
1325339050769870848
1325408591403229184
1325387998234599424
1325318463028666368
1325491701809618945
1325490036779970561
1325514057147961349
1325400237075259392
1325508532335218693
1325303105743941633
1325525994095120397
1325515679919960068
1325505549920858112
1325382457902968832
1325418627290591233
1325369670623432704
1325388655222026241
1325481449856917504
1325522415028330497
1325473851799695361
1325439232572317697
1325284231321321472
1325261219532562434
1325448559261609984
1325382985970016256
1325441958752514049
1325556010736553988
1325537174507429889
1325380003958296576
1325474721916444675
1325500613711552514
1325441077688590336
1325372356265652230
1325450066769965056
1325373077170122752
1325517418215714816
1325442252005658624
1325406513805090816
1325471924919693312
1325479395490979844
1325514786466115584
1325521843504246789
1325354688649306112
1325400315517136896
1325366069184372739
1325544188847460352
1325439211865042944
1325342319223201793
1325466155163807745
1325391046096941057
1325363905644941313
1325367561098235904
1325511519241707522
1325454608697843714
1325508100330299400
1325402530344546304
1325345997921415168
1325344161705422848
1325571504302673924
1325552522271059968
1325484886522785792
1325526932600057856
1325420129438605314
1325581244348948482
1325236461118099456
1325374146432397312
1325549220561121288
1325350621894078464
1325525421870505991
1325562549262233601
1325502682736582659
1325497931437322249
1325407909837148160
1325511507124363272
1325497859966382082
1325416782883065856
1325413023788523520
1325515441998073861
1325389431428231168
1325560178570391556
1325387608248233985
1325552036704907264
1325426109131927552
1325428976601477120
1325464543397556224
1325586173369217025
1325568402942013440
1325364302631538688
1325490124562558982
1325484269888823296
1325446816570232832
1325518635675357189
1325516604730470404
1325268615231381504
1325350436874964992
1325509032971538433
1325396719765516289
1325429647987929088
1325387010106908672
1325521068086398980
1325433480185073669
1325583248030912514
1325355159745159168
1325517736496205824
1325546113349382150
1325387722761101313
1325539049436827649
1325456160078651393
1325421112294072323
1325342740427776000
1325456088146337792
1325436749577940992
1325532450064375809
1325393971804299264
1325308528714715137
1325320545882181632
1325513095238782979
1325481988963373056
1325478510140542976
1325583324908310529
1325302016445308929
1325473190240546819
1325423081972752384
1325523069373460481
1325419621105758208
1325396596729798656
1325376343421411334
1325565520515633154
1325373795021053952
1325243670333956096
1325435106165657602
1325366703547699200
1325574390453587970
1325518353058947075
1325359623398887424
1325576007756247041
1325431634880049153
1325528267810627584
1325341270546505728
1325507950153256965
1325363755321004043
1325316369542508544
1325382136271134720
1325367808960720896
1325419840434282497
1325502183752806406
1325345296579170304
1325529075730014209
1325483067482451973
1325358194525396998
1325363178793029634
1325531348795318278
1325537770459328515
1325402290237427716
1325420040980754433
1325585731402817543
1325473907126784003
1325461012661891072
1325487738846650368
1325488892750000136
1325555158516977664
1325484010928279552
1325558127186554893
1325473362383163394
1325400383070621696
1325447918074126336
1325334169023614976
1325266487561629697
1325430902063837187
1325426805176741889
1325320835910033408
1325390538246397953
1325397846141579265
1325520112938528769
1325475933722013696
1325443698050686976
1325414923808223232
1325507887683211267
1325545949817688064
1325396903169843200
1325562272161402885
1325547598548262913
1325418596735053830
1325522972535365633
1325351740078690304
1325401894244806656
1325544000451907584
1325581507201789956
1325520695888130050
1325518656059609090
1325392127073906693
1325479451308789760
1325406115467829250
1325324599593197574
1325529389187084295
1325410042980536320
1325345564372955137
1325516993626247172
1325379512897560577
1325517370295717888
1325451406048944134
1325428387515682818
1325508765139955713
1325401423874551808
1325473248902057985
1325385443660222465
1325394904005144576
1325570033167249408
1325547902823854080
1325446866721509376
1325395540285280258
1325303835187941377
1325417798949101568
1325485728218943488
1325560758025990144
1325280424856334337
1325438207622860800
1325586568485154817
1325527368136470528
1325571134344097793
1325361412433207301
1325382561120448513
1325492846133207042
1325376354079137792
1325462643247886336
1325399135030276103
1325371007549534208
1325534839131529218
1325458268668514307
1325353593180983296
1325396385399775233
1325334874849505280
1325332213911711744
1325461752188973057
1325585106162102273
1325501064087482370
1325312560598458368
1325402553186709505
1325528977667203074
1325433918095560705
1325444608285925378
1325376499449548800
1325543068301451264
1325558221206130690
1325335877820821504
1325527013470466050
1325479191115083777
1325371456839151617
1325248874357911554
1325530440090972160
1325564400116396038
1325525187748651008
1325423585012363266
1325418922611503104
1325400348681506816
1325337926583128064
1325572108815110144
1325436525874728961
1325551854093209601
1325520600811638784
1325497547331428353
1325560256852865024
1325426625534627840
1325564388854665217
1325543167475724288
1325497303160020993
1325532041551769605
1325417432685666305
1325503016951312388
1325403166196817922
1325390101665312770
1325518982779179008
1325420766834405378
1325432802700038145
1325511634803109889
1325451471408799744
1325336753172062208
1325366121827069952
1325538697991888897
1325542814747414533
1325233594869157888
1325527969914302465
1325464631884865537
1325467351794462720
1325503672386785281
1325506608160530433
1325430794123415558
1325541322539880448
1325306408468967424
1325501672156766213
1325427808013840384
1325571175909617664
1325475672840679425
1325505947868024834
1325374075116597249
1325400672200744960
1325362082104143877
1325396933020708864
1325407631654215680
1325508012786802690
1325578294906015744
1325364740697300992
1325422746545893381
1325249523862663168
1325403591482494977
1325415123570331650
1325534328361725955
1325512755114364928
1325509586523205640
1325464910831169537
1325489595723755534
1325420353624150019
1325569952007540736
1325424253282508801
1325306058785624065
1325272869006417920
1325437159197859841
1325363148874985472
1325488545818177536
1325402636322041856
1325494584194064385
1325343686499192832
1325411018927988736
1325472075566473227
1325455151658885125
1325465480568721413
1325414816115281920
1325465530422206464
1325333766966009856
1325412931463491586
1325328667719979008
1325487183210442755
1325511732085846017
1325521726374080512
1325325957004201986
1325229974375297032
1325483288375554052
1325484625653854210
1325404172301307904
1325471915117604865
1325444230643376128
1325353379397316609
1325544743217016833
1325449873794232321
1325262093881389063
1325478024683401217
1325364463537680384
1325574542710992899
1325372437555458048
1325241699698929665
1325503695631638529
1325501038544162839
1325359911245647874
1325523954031857671
1325420576362651648
1325419774361423880
1325358550730858496
1325523194850238470
1325556889590128640
1325407489052057602
1325485294485987328
1325261856492183552
1325368159013105664
1325359153158762496
1325419373285216256
1325552531376926720
1325478157743484928
1325443782406524928
1325397095478669315
1325420741123321862
1325573567048802305
1325393660196892674
1325392528829505536
1325461201078411267
1325503985533546496
1325342801811431424
1325335778453544965
1325448629050601473
1325567391565291520
1325438556114980865
1325509062692319232
1325504996713107456
1325400049237549056
1325401000405032969
1325400963943985153
1325570536576077826
1325400377001463808
1325560058328064000
1325487756752121857
1325454252161044481
1325576107027009538
1325378546513170432
1325575385208254465
1325436790128472064
1325560945758900224
1325402118958747650
1325370628442972160
1325465395847958531
1325439428362375170
1325344150191923203
1325571912962105346
1325568618281787394
1325563125903585280
1325514825024335873
1325248580676882434
1325286991974572034
1325563974956572673
1325454637999198208
1325323095670972417
1325492384076099584
1325386447294263296
1325534163819180032
1325486849381502977
1325330743082561537
1325262535541616640
1325433474661163013
1325421505472294913
1325580502603067392
1325419463643193344
1325387705572880385
1325558303200595969
1325492394108874759
1325450127461462018
1325484406434304006
1325418927984418817
1325326844195987462
1325396616375889920
1325484781157687298
1325383129599782912
1325438448099078154
1325475342384058370
1325416387540639744
1325338077846511616
1325307910671519744
1325502434572111872
1325480717774708739
1325243533025021954
1325559162558947329
1325547175137447937
1325513200708837376
1325406957671428096
1325417346232619008
1325452279105916930
1325374068347052032
1325408596910338049
1325506122376208390
1325418297232412674
1325545703360389120
1325412755101376512
1325492133277691905
1325556363716661250
1325249000648355844
1325428963120967681
1325471057986400257
1325301170534031360
1325346287408074752
1325454326345699330
1325521157827780608
1325464624880300034
1325456848133255168
1325519349499781121
1325502611009789952
1325348880976928769
1325459985606832128
1325292649876746241
1325546674006188035
1325545456328445955
1325368166407675905
1325421471804559360
1325411779539775488
1325375591894441990
1325515812736626688
1325414678898544640
1325391651607617538
1325463095452573698
1325422336766599168
1325443497160269824
1325416311724396545
1325393582942003205
1325561817725276161
1325572370816495617
1325504210352435201
1325436282533720064
1325344766058487809
1325411121990422534
1325369544177819648
1325525542704205826
1325447769562165248
1325568271433789441
1325511075400441867
1325444661876559873
1325539322137899008
1325396707195179009
1325476248836067328
1325390581330300929
1325488107169456129
1325563183336202240
1325511651605491713
1325448063880736775
1325523482071982080
1325452662809255937
1325248137041154048
1325412637417594880
1325530231319506945
1325563287182905346
1325532388324151296
1325418339183828994
1325347469727817728
1325384661078511616
1325378699827482628
1325353426037911552
1325266891867267072
1325449410134863872
1325469923804663809
1325402032266678272
1325519843622260737
1325429464512212994
1325532046618488832
1325373946066251776
1325491071649017859
1325417625577525249
1325556180710797312
1325481540869115906
1325428606294773760
1325548960333918209
1325370978885640193
1325539652120555520
1325485999770791937
1325329768015945729
1325445128438358016
1325395997581783041
1325338210369728512
1325473904383586304
1325450105412063232
1325430577064013824
1325441148186456064
1325334191370801152
1325347960012599296
1325563616867790849
1325411902139338755
1325422202162917376
1325524216851140608
1325502193718480897
1325400765737947137
1325342207772127233
1325511996020830208
1325548115034845184
1325466908506910720
1325467638626197511
1325317239470481408
1325487671578415105
1325374131064479744
1325531992751042568
1325340730022387712
1325429830767218690
1325576252481220613
1325476777335148547
1325328649927712768
1325487067405586433
1325410977140051968
1325522190457065472
1325236525353799680
1325329168192720896
1325398353119768577
1325535702646448128
1325510623694819335
1325579005404327936
1325418971617751041
1325400481766772737
1325463025541853185
1325558461745258496
1325566330058240001
1325412813041528834
1325313192944406530
1325502899829551107
1325367169127952385
1325486768607682562
1325454132812144640
1325402388497305608
1325468509950894081
1325480414526443525
1325554838189576193
1325292121927151618
1325305910965776385
1325562668141449216
1325423568126152704
1325332290734592005
1325338090609795072
1325385766944591872
1325367691549569024
1325512266033324033
1325347695352033280
1325430882413502464
1325382822211837952
1325368640171077634
1325235675755638784
1325556380577751046
1325377974728847360
1325336498376503298
1325297673105235968
1325359796179116039
1325547297799892993
1325493553330577408
1325565652304801794
1325510738056794113
1325358292206563329
1325399292333318144
1325250845500465152
1325466640490881026
1325434531307020288
1325537331789656066
1325492285354729472
1325453032327421953
1325397741749538819
1325441720830599168
1325403489229484032
1325523187082342402
1325413553793359872
1325527019933798412
1325464818812395520
1325565458918092802
1325323416027750400
1325248983439007745
1325429123418886144
1325330722748502018
1325510705404145668
1325391865609412610
1325325496238936064
1325446639801282560
1325389649855000576
1325372811326656512
1325483084813373440
1325526241252941825
1325441533391351808
1325401041240813568
1325518375037112321
1325420034697678850
1325403129022734336
1325369965046849536
1325351431965208576
1325402357514055681
1325588853336514561
1325581878787772416
1325445182628782080
1325431769961730058
1325481807169679360
1325462655012904967
1325526219161546752
1325413028574195712
1325513438047719425
1325510051855994881
1325372414486863873
1325426409326710786
1325317388523495425
1325365006725238784
1325583856335024129
1325424339899068416
1325286602374000641
1325535714105298946
1325384951638990848
1325433174076379143
1325365975592603649
1325351459635023872
1325375617735553025
1325484285567053824
1325474698969362438
1325559308512342016
1325341863306518528
1325419282981851138
1325563407488192512
1325353508518957056
1325474893295652870
1325366444377452544
1325445971397005313
1325396840708255745
1325348328259907590
1325389031379759104
1325380560936726528
1325464444827283457
1325414089913495552
1325378481220427777
1325442742659538951
1325549429840089091
1325230392245428225
1325527817153634304
1325566309355188224
1325544055229517825
1325325199567429632
1325538556782276609
1325504185186578432
1325509301507649538
1325405782960181248
1325508819275960321
1325412119861456897
1325466262193967104
1325418019380744192
1325494728247414786
1325453153383362562
1325414615602376704
1325258590664450055
1325310086550581249
1325347197660114944
1325534975370940439
1325424811129135106
1325505926472867845
1325242144676749312
1325449806626516994
1325354944027910144
1325515334078623745
1325349377825714176
1325410676836360192
1325416084204351490
1325495085803433986
1325522747632590848
1325334598289682432
1325576610792284161
1325506325065977857
1325466768878481412
1325359035458215936
1325291637619249153
1325499886666715138
1325574781568245767
1325496165593460737
1325342727131820032
1325414245668941825
1325415469109698561
1325397252903460866
1325338176957845505
1325519450544738304
1325520915011149824
1325545875796615168
1325515228566740993
1325468392350998528
1325444933965189120
1325477403666378756
1325493140367822849
1325434045984104448
1325452909694291973
1325272746415316993
1325582977099771905
1325244107770515457
1325360154922127361
1325578755327320064
1325520665466822656
1325431097711353856
1325486774911725569
1325340956103733248
1325257447238488064
1325370220417064960
1325364197136486401
1325556423670059010
1325490188903215107
1325337339888087040
1325513332674146308
1325463041237020673
1325482419055697921
1325401333638320128
1325368294812028928
1325424352280653824
1325549877019992064
1325480402736340995
1325519629121425414
1325363459492556801
1325588233221107714
1325428721067679744
1325404979495133188
1325534754985406464
1325445405954469889
1325316654704758784
1325552864211689472
1325421658811805698
1325271249497583616
1325398027377537025
1325545608850108417
1325341729277546496
1325446963828023311
1325380280975233024
1325411370330972162
1325458350503583744
1325401676111618050
1325468492569726976
1325510655890370560
1325501655287263233
1325479499996213248
1325477354228080642
1325427891757314048
1325426670073942018
1325483939004370944
1325482783280656386
1325338267835895808
1325496807519100928
1325471537038839808
1325395077011746817
1325336959905132545
1325501215120166913
1325432844928360448
1325450799623888899
1325530582563119104
1325447161195225088
1325405130678808579
1325366144824381440
1325370992978518016
1325510569621925890
1325235861001269248
1325455599090462721
1325253247167291397
1325326843407425537
1325491942084513792
1325452624791998465
1325368179300896768
1325492429177425938
1325531602332553216
1325516190865903617
1325494925010624518
1325510314939592711
1325415206001012736
1325431275298156546
1325395161568960512
1325337828323102720
1325408253048655873
1325572373576372225
1325523820304867328
1325430879548805120
1325354053958684674
1325537765589737480
1325403068792524801
1325356137735139329
1325369543632564224
1325369497985966080
1325421943739330564
1325476366033227777
1325511391399305238
1325550839990202368
1325351641420337152
1325438508744515586
1325358428659847168
1325418117183528960
1325408482179346432
1325561109949059073
1325308789550182401
1325437266815234048
1325398966557667329
1325562427405111296
1325576795656249344
1325402278434648064
1325312807391301633
1325397392225689604
1325367120230813696
1325408407009030144
1325479543327567873
1325458208052436992
1325406998507163649
1325499217834610688
1325242281360756738
1325508869708255235
1325497446420656138
1325516344675213317
1325502991412105216
1325492660723998721
1325431880804601856
1325386129386958848
1325241349180977161
1325391626181746688
1325530740197629955
1325462783165689856
1325458280165072896
1325355812357890049
1325405355329925120
1325371804769193985
1325470638883155968
1325404171521187840
1325456557799256070
1325398521273573376
1325454339679412224
1325396408002899968
1325331765960073217
1325260280734093312
1325561906669694976
1325514989868871681
1325403835364483073
1325565897189318659
1325441356198711296
1325331925041635329
1325568903330869250
1325564892942905345
1325451024421838853
1325334319091609606
1325396993397690370
1325331283669610496
1325436005692923905
1325520039777284096
1325486549878919171
1325459430864003072
1325335370599456768
1325312199741550592
1325496574877851649
1325481077855621121
1325489620646318083
1325443308592783360
1325510966726062082
1325418410285670400
1325312421876019202
1325354043582124033
1325500006862884864
1325535906636369920
1325310467913310208
1325230775961317382
1325527727739461632
1325563293113741315
1325585186239762435
1325564633642569729
1325410210320699392
1325378990207623169
1325438134310621188
1325377615998410752
1325517701767421959
1325476925733744640
1325474338586451979
1325466713417273345
1325583735258030084
1325476603464441856
1325475775416504321
1325416162981711873
1325377309529026562
1325425405063553024
1325435624409665536
1325549130429718534
1325481913004544001
1325434013494996992
1325277609987624960
1325531176870744065
1325515874170703875
1325520335056248832
1325464769277681668
1325365805777825792
1325328660690333696
1325573709332156420
1325327211512160257
1325537768378949632
1325491998514671618
1325389851227787264
1325490037866328065
1325430737286410240
1325348248366821377
1325582003413061643
1325392804512722946
1325376080635715584
1325478395187236864
1325313660756127744
1325526914220613633
1325527266252746752
1325517935595622401
1325557025263194112
1325414823866343424
1325447385737203713
1325408361546993664
1325475021461086209
1325516774473871366
1325401177035567105
1325554293932486662
1325236137326161921
1325435081671008258
1325448593927499781
1325558195276935168
1325518054466478084
1325440672875294720
1325450833551646721
1325426084708556802
1325413557471678464
1325393514138640384
1325392929163276289
1325283444503552002
1325554205373947904
1325405530391777280
1325506282619604992
1325455562683920384
1325361304069169154
1325367147346989056
1325394093019684865
1325370467482472448
1325506145939841024
1325402338836828160
1325397558282379265
1325441291837181954
1325429753843736576
1325309696316743686
1325270115756232705
1325419544647790592
1325535953482616833
1325526876950065152
1325351720109694977
1325387959584116736
1325535313624784896
1325533513299451905
1325404980237492224
1325301775230853121
1325433264480378880
1325396358258454528
1325356520922603520
1325378701379440640
1325485902584410113
1325492833718067205
1325565956198977537
1325528703657537536
1325506335102865408
1325540087891972096
1325522749306048513
1325472016401625088
1325420468615204865
1325398706947039234
1325499843687682053
1325497009864921095
1325435573759315969
1325515877928882176
1325241948458917888
1325253916020203522
1325377424327106567
1325398459306962945
1325326258629189633
1325543571898970114
1325438186080903168
1325543139982123008
1325574037096067077
1325443111645024258
1325572952511967232
1325361301833605120
1325484116167577600
1325405394341146625
1325388769940398081
1325351698341261314
1325373716554010631
1325428934855458817
1325562080406233090
1325385403931693056
1325311975555911680
1325519615166963712
1325527276289732609
1325460835221835776
1325525845574737920
1325569027213844480
1325473603450703874
1325490481191669765
1325398078338306051
1325351600139984897
1325358847586873345
1325562919598387201
1325445025568788480
1325528192438956033
1325385873672835072
1325401980760633344
1325351656423383040
1325492819075665920
1325427669807325185
1325517736743669761
1325480736418312192
1325338486635945984
1325350417744752641
1325539472067485702
1325333370042257409
1325505066086883330
1325513334960099331
1325503809582489600
1325529220970328079
1325393397901910016
1325364569200603136
1325562200640139265
1325415211717812224
1325497513982439424
1325358317888303104
1325541337488351235
1325421600099938307
1325520833943662592
1325558313753456641
1325363974397980673
1325324395146072065
1325370057057308673
1325424125813387264
1325289861708996608
1325508892139397123
1325429478126989314
1325425575335522312
1325530994082975756
1325321796007104517
1325365642208436226
1325433197241524224
1325407333086801921
1325454958037245953
1325546412818489350
1325365606565240832
1325425836644818945
1325576601644490753
1325236878333849602
1325232274867163137
1325482681220681729
1325355094393675783
1325527927040176132
1325343533121892352
1325561364753113097
1325423012422819844
1325370170311847937
1325448766292447232
1325559883262009344
1325557418898677760
1325401024060923909
1325491496330661888
1325517329124438030
1325445490633285632
1325546503319019522
1325530926512807937
1325545933392719872
1325470182190567425
1325389215648112641
1325420641751887872
1325261316374687745
1325425982203949061
1325538642534731776
1325248874240487425
1325411660400652288
1325452176563560448
1325370601851252737
1325433792845189128
1325554809865441283
1325436627993366529
1325531874421338112
1325464362677645313
1325401050761863169
1325461711118331905
1325443439102660609
1325498320442204161
1325326213460717568
1325496200263569409
1325316104034676736
1325275334502133761
1325333876613459970
1325504228635381767
1325483826420834304
1325563667556003841
1325475051261620224
1325252219348914179
1325505702081814529
1325519914644484098
1325553515650048001
1325320147494703105
1325428988244860928
1325363443503861762
1325437731292516354
1325368247399686144
1325465981658001409
1325536766472970240
1325464452376956929
1325378487482454018
1325570650002567170
1325447810356043776
1325332821506994177
1325402242137141248
1325356802435903495
1325385686132924418
1325337325564551169
1325531462247084037
1325550627225817088
1325500153378304014
1325563917091938305
1325500054531141632
1325538220617109510
1325389192554287106
1325491127026212865
1325316087869792256
1325543284068978689
1325525543350116367
1325443000458223616
1325563193603878919
1325542618500128770
1325335113228570625
1325517243829129216
1325407642110599168
1325356984091226112
1325542297015119872
1325567970073079810
1325372546930368512
1325406107213451265
1325425660127555584
1325386577384771584
1325261638753202182
1325245925032407042
1325301529381900296
1325491049763135489
1325243222910709761
1325380737797795845
1325334867924619265
1325377760391553024
1325542274802085888
1325410322426028032
1325397695368982529
1325371902869835776
1325573347917303808
1325493290712653825
1325438478528737280
1325521370021834754
1325248126001827842
1325526739733409796
1325232220878086144
1325387583103307778
1325460647874793472
1325524683714924544
1325411064251551745
1325398806192644098
1325361046517932032
1325568408927281152
1325432013919293441
1325415391426977792
1325582866676408327
1325479078464540674
1325540689992617984
1325379774651523072
1325316120539254786
1325514790953955329
1325508912968298504
1325504996364967936
1325385856241332225
1325432442740731904
1325366634274545664
1325427193695117312
1325463840092512257
1325460970425159682
1325397114462068739
1325329537006247936
1325573195454439425
1325428895227797509
1325424918268350470
1325373965360107522
1325469017088397312
1325359633473695745
1325519704627273728
1325524098227834880
1325528272948649989
1325529645043896321
1325274769328136193
1325366126537306114
1325568085290577920
1325334974652960769
1325428991319273472
1325521918582255616
1325495772675248128
1325370932404346881
1325341919585644544
1325558808547119105
1325554954279538691
1325397736028565504
1325386602063990784
1325558457978806273
1325567929375657986
1325323196195803138
1325392084652728322
1325265541041430530
1325529956252782593
1325562641159512066
1325534575066537986
1325361490308845569
1325429422124625921
1325565947722289154
1325456004453167107
1325359402434646027
1325464491467939840
1325478093314732034
1325456853925588993
1325448355535843328
1325576553242259464
1325567327342129160
1325560297848008706
1325380666381524992
1325575264227778562
1325379017650925569
1325469410644144128
1325422635384238082
1325406080923471873
1325567997537345536
1325404785651093504
1325343080057364480
1325584007132835840
1325470203703156741
1325499270942892035
1325451468137259010
1325433063921344512
1325532235043364866
1325342148615659521
1325422017072467970
1325427326922977286
1325406745997549568
1325398548935008258
1325366692025954304
1325520931188592642
1325518476056866816
1325320282060578816
1325432420267646978
1325515911223250945
1325318123663319040
1325511620282421261
1325530363549118464
1325492553085542400
1325479302444544000
1325335369060147200
1325271684849537025
1325501422868209664
1325335590909468674
1325327950120685569
1325283560610295808
1325522258429874176
1325447495384698882
1325567376033804288
1325440945429602306
1325227864535539714
1325502693671137280
1325312057579773953
1325370450051035136
1325367518094118912
1325481980151156738
1325396966935818243
1325357103050076162
1325431436376150017
1325363314436747265
1325476220776099841
1325449135391125504
1325473781268279296
1325421876492038146
1325363428857442310
1325257232448184320
1325433333115998210
1325362363290312705
1325444693023453184
1325521732287881216
1325263301249552386
1325435819499397121
1325443187859730432
1325370611284271104
1325395554688507909
1325536934131798017
1325390512552079360
1325512525048328193
1325548971993993221
1325489074875084801
1325394805225107457
1325412485290209280
1325474234769035264
1325426880690991105
1325439327523000320
1325241048193519621
1325506478615179271
1325563870178643969
1325428368481857537
1325531467183763456
1325380084585390080
1325391258832019459
1325315166184108032
1325436476662886408
1325357130107457541
1325445192581836801
1325517749754466307
1325481780800086017
1325296241232764932
1325282334342524928
1325448965765132289
1325434213919830018
1325439197990309889
1325557618505621506
1325486900841418754
1325498358706958341
1325549205511921664
1325526147820646400
1325515962507026432
1325484439430967300
1325385442628407296
1325515463783313415
1325506361757757446
1325564428818001921
1325382512613462016
1325475637482680320
1325325276415463424
1325467930193244165
1325468127929495552
1325371147064631299
1325440746753839105
1325564760339984384
1325427607010222082
1325514931836489731
1325469019550396416
1325509548187201537
1325566637437804545
1325537252164984833
1325505966713004032
1325434535983591424
1325557851566170112
1325519282269278209
1325375792851849216
1325459390493843461
1325483810578964481
1325466422273847298
1325410424867713024
1325306828612317184
1325578006614716417
1325314562023940096
1325397298617217026
1325571913612226561
1325427707803525121
1325310574654263303
1325392307349319681
1325477627864420357
1325436250690613248
1325551830844256268
1325457109144776705
1325391300519219200
1325256176884457472
1325425363258904576
1325565637830303744
1325489080273149952
1325359033990197248
1325518945282101249
1325298903227518976
1325519581713199113
1325306860765925377
1325411776272412674
1325408001973514241
1325514857425276936
1325455982512787456
1325583932549689345
1325485533590589441
1325477369302355969
1325421878635352065
1325579491620564998
1325395989482655744
1325379555713044482
1325577774644473856
1325354035944239104
1325561595334897666
1325401470171222019
1325294048203116544
1325314234838888448
1325495216187584514
1325527319189086213
1325533352103907330
1325443599316750337
1325409001643905024
1325446571018887174
1325553284514504706
1325451476639100930
1325423407396229120
1325361736300552193
1325331213104664576
1325587492725264386
1325459310634262529
1325445170683371521
1325443030967521289
1325462782263894017
1325446525883965441
1325557784042205184
1325514556236566530
1325250594882220032
1325444610102059008
1325399179342962689
1325503343607898114
1325420789177470979
1325536833338544135
1325314099790614531
1325414535302352896
1325573909920555009
1325457563018727424
1325385357928566784
1325484365028225025
1325541947323375619
1325518846569099267
1325282477557100544
1325435451507953666
1325400969715257344
1325352798851096577
1325422860882616320
1325375116801404929
1325554961523019778
1325410196676620289
1325403142452891649
1325409826051133443
1325401932270358528
1325355533663145984
1325543019920191488
1325408771544395777
1325384623313068033
1325455964221431808
1325513706067914758
1325396644532195329
1325429880494940160
1325519908701081600
1325573563017961472
1325503655248867329
1325488765486460933
1325482715462905857
1325411335618879488
1325550630434385920
1325459273581793286
1325543348946530316
1325425803232993290
1325477493822939142
1325481759065202695
1325577099097333762
1325522124103147520
1325417273209843713
1325567835708547073
1325499858904559616
1325515671527186432
1325349178608934912
1325433717330898944
1325439887848464384
1325477564291411972
1325434600412340224
1325507502298066944
1325293480038502400
1325494625461735431
1325517896030810114
1325445915642130433
1325412917236428802
1325400377924202497
1325555890708164608
1325481277106089985
1325410491766874112
1325427926825885701
1325409320834650115
1325444615219056642
1325312493716115456
1325506736044859397
1325285199773642756
1325252584790241280
1325391377144844288
1325306242538082304
1325525391382110215
1325366622455009281
1325472579080101896
1325310429720178690
1325402557880086528
1325505679298334725
1325499254966800392
1325464267584319488
1325565380794912769
1325458486600331266
1325330211706200064
1325311660844871680
1325528460941463553
1325461740876951554
1325410956684496896
1325562823620104194
1325555919778951168
1325389515587014658
1325472725452935169
1325577184321343488
1325430370964271106
1325532613948354563
1325562806880624650
1325242190235389953
1325514047408771072
1325579083233816577
1325526908247957504
1325584710958010369
1325411230069174272
1325368459774087168
1325387205825744900
1325510541104779264
1325570172443357185
1325527337354588160
1325363189417193472
1325416676272246785
1325435377688211456
1325358494405496832
1325320988641390594
1325559076194033665
1325360100123537410
1325517164812652549
1325381162601209856
1325371715862605824
1325325028964016130
1325368608411803649
1325394063722500096
1325430370196709378
1325364308713287680
1325499884087152644
1325359183143833600
1325412754417733635
1325254147508105216
1325453410737532929
1325408809716740097
1325405972580491266
1325432169938948103
1325392548140097537
1325436078745149440
1325567755723141125
1325463444246712323
1325430268526735360
1325499004847874056
1325474283594936321
1325583783454707713
1325551985886629889
1325401585304924160
1325372233343229953
1325488699455516677
1325499758908215297
1325560008889741314
1325427145364135936
1325436855765131265
1325425831620042756
1325398846290194433
1325353289693736960
1325524463513964544
1325495291945086977
1325461664985206784
1325313486512152578
1325427183205158915
1325333428812849154
1325433270901862402
1325514975541071872
1325257543925420032
1325510553159282690
1325429595361906690
1325413315250708481
1325398191026675713
1325437806790004737
1325388938828189696
1325504752218738692
1325575425074950144
1325536152720461826
1325355799485542402
1325567011653636109
1325399729887457283
1325378601013964806
1325525196703404035
1325521182016348160
1325548841018531840
1325472514714312707
1325458242575724548
1325350536326115331
1325504393656102912
1325467129362214913
1325521520026812416
1325445139448418304
1325371952857550848
1325394161114243072
1325494677165006859
1325440849174548482
1325336806544601088
1325327609538949121
1325552744367861765
1325482821562093569
1325437369382793217
1325531032712581124
1325327945888538625
1325288412107206658
1325430847323992064
1325491095850115072
1325323075001446400
1325359835051945984
1325427054674911238
1325424674201808899
1325537563432673289
1325554972772200454
1325470354429632512
1325503302310764546
1325396856541761537
1325470592410275841
1325327874413506560
1325554505736458241
1325514975054540800
1325470593987325958
1325375077739794432
1325235733376999426
1325321631082930176
1325536810626412547
1325393214598230017
1325421785815408641
1325584714028232705
1325387526929076224
1325338964404936705
1325322806192648192
1325502119173091329
1325341468664401921
1325493299382267905
1325499925166247941
1325523126969626625
1325468367579451392
1325524759233310721
1325413968299630595
1325409382247632897
1325401001160028160
1325383176676577281
1325457707541946370
1325574260983820288
1325487260578566144
1325394995029925889
1325411003274842113
1325491706511450113
1325573919017988103
1325491186723938305
1325429853143900162
1325501922149871630
1325560421659660289
1325487852780707840
1325561281760423942
1325504942048677892
1325470111948533762
1325431622934667266
1325494508109385730
1325447004676354051
1325370140515504132
1325409604306661376
1325460961214541827
1325506698543501315
1325391116502491137
1325499320372768770
1325466987955359745
1325565051953172480
1325463148233625607
1325394644109316098
1325532804214616064
1325418730487222272
1325516473167736833
1325408171574386688
1325348819677159425
1325465323135528960
1325477117455462400
1325395770376409088
1325375953468596225
1325550281690636288
1325254407731154944
1325398770729820160
1325470334473150465
1325450721647587329
1325492439017197569
1325384648436932608
1325551692285435904
1325495264304652289
1325447995752665095
1325429031156805633
1325581874610245633
1325342408553410560
1325349221759938563
1325524262619394050
1325328834649071621
1325347627362299904
1325434273738973185
1325385629014913029
1325444123818676227
1325387671192162305
1325490040877748225
1325347528594890752
1325231825871138816
1325510150560550918
1325431321523597318
1325561585595785222
1325241723153420288
1325417529351827457
1325425449237876736
1325398130184114181
1325508370405744640
1325488806527635456
1325227479515213824
1325430251158196226
1325389228029538305
1325517988045393923
1325339038417620999
1325503927798931456
1325576601610964993
1325401994270564352
1325366670962151424
1325500351299153922
1325543880150933506
1325314282830106628
1325253227047227395
1325359236503756801
1325338005645783041
1325401549238116352
1325568746463899648
1325574864649003009
1325234134671712259
1325366068198699008
1325485980929957889
1325414341538091009
1325581421017116673
1325257976404471811
1325348899289239553
1325493204293087233
1325446810584965121
1325508253728509953
1325404457023246337
1325354824184061952
1325510962007453703
1325233843285188608
1325352968217124864
1325413270291886080
1325294806751473664
1325504960159735809
1325417823368306689
1325526944520282113
1325491814518972417
1325392136280436738
1325450327072657413
1325382101890424832
1325404395148898304
1325491557500391429
1325544673159548929
1325504964949630977
1325243150886178820
1325412079881375746
1325574478265544710
1325512677020536834
1325463427167510529
1325526323897511938
1325473772711915520
1325525992736174086
1325434193577463809
1325409392053903360
1325242140872544258
1325526722901585929
1325525988592259073
1325321793599647745
1325437018571149313
1325437705862451203
1325544253192343555
1325514273876021251
1325472321486909443
1325439120357908492
1325515965749202948
1325557846067601409
1325562622226391041
1325519011329822720
1325588488738250752
1325500651841982466
1325395059718696960
1325280523003027456
1325576293035991040
1325371678675902464
1325237740775104514
1325298053344075778
1325576073791279110
1325343412493627392
1325337782034771968
1325321105243074561
1325379617503539200
1325510143677763584
1325524932281978883
1325558393021534209
1325579331456950275
1325458008671997960
1325500568983523338
1325438926094561280
1325288553123885057
1325473336139378690
1325431286513725441
1325430047767998464
1325548639486406657
1325507662948278273
1325429427375902721
1325416796250398720
1325509504683945985
1325359609566081024
1325447132501987329
1325583561647386624
1325303922383347713
1325561144224993285
1325449526212222977
1325436226862784517
1325472410976612352
1325356316752302082
1325382995625340928
1325399070823866369
1325424992960589824
1325373912763469824
1325363060698206209
1325392623616585732
1325478846775218176
1325500416596074497
1325578694740627457
1325523552993505281
1325574731114962946
1325421802709987329
1325285789996118017
1325456278429327362
1325234030078517248
1325418111558934530
1325568258297253888
1325564392369483776
1325431782112702468
1325474894520389633
1325397642411716611
1325586403640664071
1325551930815488000
1325406399074021378
1325396015571202048
1325522562076401664
1325490051657166859
1325370472385703936
1325494815593795585
1325416969131077632
1325393860621635584
1325432793447460864
1325526391924924416
1325569781349707778
1325409425155366913
1325494262704836609
1325525785843814400
1325379907287977995
1325425452085817344
1325490018585075712
1325427014929690624
1325413136581668864
1325410978574503937
1325573072468979712
1325518626309480459
1325539416765571074
1325456350877536256
1325449098812645377
1325520011151237122
1325263192516292609
1325405770058436608
1325497054324547588
1325417764111208448
1325526058750402560
1325494043984490500
1325566827318161408
1325311497346670592
1325515875471020033
1325398855739904000
1325306818508300295
1325443518836387840
1325404005753909248
1325435707884761098
1325432505084817408
1325412522720161792
1325397018504798209
1325323715362631680
1325568088830566400
1325558300813955072
1325390026679709702
1325517817140146180
1325407190488854528
1325397966991994882
1325497734477000705
1325568730181619712
1325536699166896136
1325528204791177216
1325424757341380609
1325505881015013376
1325560702891937794
1325373326584385536
1325470750149660673
1325361223630721025
1325430563067600898
1325404685478604800
1325455340096335872
1325548357742448640
1325449368498040833
1325571540512083969
1325269320637812736
1325300297078595584
1325467294907117568
1325529378206478337
1325564886991196163
1325348321930735616
1325507948639088640
1325460868528795648
1325469591779352578
1325498306378821633
1325399803967262720
1325349111005147136
1325396792981204993
1325421613278433280
1325510818105069569
1325492024565493763
1325372202863259650
1325516637240487936
1325503429393965056
1325448570900799489
1325510763272867844
1325463574848942080
1325389318760894464
1325403585249742849
1325542001920585735
1325433966963396609
1325507391081881603
1325541623409893376
1325557732297076737
1325353454701842432
1325373320154533892
1325354761990844416
1325418343948562437
1325347896703787008
1325386049472909315
1325483286995607552
1325259630151430146
1325418637017161728
1325334477804105729
1325322881191079938
1325395817050628099
1325320527687380992
1325510191966777350
1325389071557005312
1325526219102834689
1325449355655057408
1325552581750497286
1325556432138342401
1325532436667752451
1325347191385452544
1325325745086984193
1325421313024929792
1325308616627326977
1325467678165831680
1325501197659369472
1325356125965983744
1325413459522179075
1325406837844434945
1325502353408188417
1325422996912271361
1325529080528310275
1325427424683827201
1325490438984306688
1325468373359202304
1325309906572832768
1325529706100350976
1325388898802003969
1325571608153649160
1325473833512562689
1325421023718764545
1325235850582646790
1325467220005298178
1325449832878780416
1325587243554271234
1325454966643941376
1325340812759150593
1325513449007407104
1325487078910660608
1325377777286197253
1325505184148156416
1325536813197484033
1325400597198233601
1325583165465956354
1325419275113410561
1325335583019970560
1325530128408064002
1325525495123996672
1325397065246109696
1325455748722266114
1325418323371319297
1325457524749987845
1325323214264864769
1325415762027274240
1325253767764336640
1325384068071043072
1325482708466806784
1325415491872174080
1325504431908139014
1325460984484548609
1325500108591521794
1325412897456074757
1325396788082323458
1325340914097811456
1325532794307702785
1325544528623890432
1325487756571779074
1325361198766972928
1325403230571016192
1325410816162754560
1325407708527423489
1325574580610723840
1325357417421365248
1325430037911384065
1325423137173827584
1325503376684167170
1325409633415163904
1325391547941203968
1325501688413888515
1325336321741754368
1325461264231960580
1325334174706757632
1325414885774254081
1325437066319175687
1325358562806280194
1325399305826529280
1325562811741851658
1325346049683320832
1325441476432629761
1325308742783655940
1325239439552032774
1325458248040931331
1325390889754259456
1325533881349640203
1325410952553050112
1325512371662680065
1325484642535936001
1325425150943256576
1325398746532810752
1325503635917254657
1325561423129358337
1325421099149037568
1325465520666251265
1325354751295447040
1325398055051538434
1325513451142311936
1325485472039186433
1325419580102152192
1325533463890567177
1325423167263952896
1325502465081561088
1325366303704674305
1325419370831601664
1325365720927129600
1325574938263248900
1325429593541668864
1325532423220830209
1325492904970891264
1325359129213460480
1325436056016220160
1325455282839965697
1325447276706336773
1325436737447976960
1325504937971867648
1325322295703908352
1325443726328598529
1325380901614858241
1325504315721736194
1325435639668465668
1325500643621154816
1325410505197039617
1325354913992482816
1325504081151012866
1325407561651261440
1325514062315343873
1325410941652127744
1325516447343398913
1325345114278006784
1325446688673312768
1325430221936463875
1325519840396840960
1325457291731226627
1325534776963555330
1325552614801629184
1325372867362566145
1325578809404481538
1325475406594666502
1325521417480364041
1325348566492123136
1325408094160097280
1325377650609811456
1325349425678573568
1325370365800017920
1325365590018707456
1325482302986711040
1325577678712434688
1325408111868391424
1325465504807604225
1325560633480372224
1325398041919070208
1325456437380780034
1325565162280120320
1325505558124896257
1325394447023136768
1325500682162548736
1325469079675809792
1325335822619586561
1325348313231728640
1325230436117843970
1325527891304730625
1325269041657819138
1325480480603590656
1325456894853603335
1325365577108631552
1325509546006220800
1325498919913197569
1325418467915337735
1325379789000204289
1325402130946068480
1325528000696360962
1325367888606277632
1325393152832921604
1325384885809377281
1325340773697658882
1325416550845845504
1325431411604598789
1325440203050381322
1325396175420350465
1325425286490566658
1325403212661321735
1325511107667169280
1325508483568054274
1325542044396359681
1325454089803718658
1325558917804470273
1325576941416697856
1325513956270755840
1325421577362677760
1325534280815161347
1325465968940883974
1325489087390756865
1325514015276224512
1325517320811393024
1325240577911386113
1325382939887230976
1325451571128389632
1325401082466594816
1325324066845233152
1325324491522781184
1325422027428270080
1325512918021103617
1325433553639919617
1325512636142940161
1325520573380878343
1325503680825659392
1325289286158135299
1325398180687712262
1325402056140664833
1325565386830589953
1325549588783173633
1325426793277493250
1325558649926934539
1325456717052862464
1325350923019948032
1325539714653368320
1325556668860686341
1325528951595347975
1325498830616408071
1325486697904267264
1325452471897108480
1325425533983854592
1325563243994214402
1325360263860776960
1325440629447536642
1325374141176877056
1325240024036745223
1325508491264602114
1325406275551817730
1325367051083517953
1325559351822725131
1325332025914634241
1325451178088558594
1325384604371587073
1325332084601319424
1325392624681889792
1325471196893294595
1325501840776105985
1325462366025379840
1325261247303069699
1325546200418951168
1325557978469183488
1325396926221733888
1325373677282734080
1325438394583953410
1325391245569568769
1325508969302024202
1325574327417364487
1325452697814888449
1325440513621757952
1325404680017604608
1325378315310559232
1325489098665172992
1325569515837485056
1325446738178682880
1325391793362493440
1325417310652338181
1325368645686599683
1325452433691209730
1325516670383828992
1325354603710394368
1325451051760226306
1325522013834932226
1325523386601263104
1325485354598674440
1325563027152924672
1325393007919640576
1325366703375708160
1325456026611617793
1325425775722569729
1325402167625314304
1325515310674432013
1325559715426865153
1325586661623869440
1325378538736848896
1325567676429832194
1325375038942552065
1325561041925836803
1325502330687590402
1325484665411690498
1325566008397008901
1325492627219820544
1325355743957168128
1325440078307586053
1325501197470588929
1325587114998853636
1325445821542838273
1325379726681255938
1325558545895616515
1325363856831614976
1325342106119000065
1325405900077731841
1325519442839801856
1325527207305994240
1325469323524190213
1325463135575289858
1325442530922651648
1325444442241822723
1325424143626596354
1325425147600400385
1325322730007310337
1325467478412169223
1325502883022983175
1325566188819263494
1325309046409338881
1325571087875387392
1325349054763634688
1325564288623374343
1325569464604241922
1325355677586493441
1325387821495033862
1325580347367682049
1325496540169965569
1325442893960589312
1325321055527968769
1325466252970766336
1325434357042081795
1325280282468036609
1325427805551796225
1325454609301843971
1325508513691541505
1325299055124221952
1325485330397614080
1325446949160546304
1325243673504722944
1325524138501529602
1325478725345976321
1325542477181444107
1325525276755943424
1325503127655763969
1325500298333446144
1325473981542100992
1325416356913819648
1325522235491295236
1325406282338226177
1325539409626804224
1325534497245339655
1325539809398550534
1325561894070005762
1325546513645379584
1325357397167251456
1325573846905327619
1325542327918751745
1325412965328285696
1325526538947878914
1325388627266973697
1325501389653544963
1325461531308519424
1325550896781123584
1325473730475208706
1325529341858623489
1325387409274626049
1325398910710538246
1325256628736765953
1325395961259188225
1325472162250174466
1325557731042992130
1325477251832483845
1325487183264878595
1325420262246985729
1325407861766295552
1325276681758633984
1325341680497811456
1325565400772472833
1325529486054580224
1325407055490985984
1325364854882971648
1325528238966398979
1325539871000309760
1325313032331948033
1325269093604323328
1325247574354382848
1325579881183207425
1325425632638021633
1325438752504877056
1325575720270262272
1325481625174634496
1325420293893074947
1325526866543915009
1325435523352170500
1325459915952021505
1325419378633011201
1325506391826640898
1325394931389788160
1325237927467773953
1325366867503034369
1325354981558525953
1325565596776460289
1325393872449662981
1325520101177692172
1325563994879488010
1325492968132841472
1325532702943145984
1325526950346182656
1325482932111355905
1325453324234186754
1325232348275863554
1325416425507467265
1325577539084017666
1325535791217569792
1325507028702420992
1325502927402889218
1325484525368041476
1325506380233584640
1325396714694594567
1325444550492647424
1325430019116642304
1325442322138607617
1325519664219361280
1325366870065688576
1325420715135430656
1325401845137887239
1325403946404507648
1325447862147309573
1325355120494866433
1325587618067853315
1325250203377528832
1325350688952635392
1325382922103382016
1325501087831502849
1325494510948900864
1325423974738763776
1325307477664161793
1325520437003120643
1325516802290487296
1325510750920650753
1325443826270474240
1325500062634565634
1325534643987374081
1325461385858461696
1325477295788863490
1325517636969566208
1325495135761731585
1325439901949702145
1325364241952612354
1325451408808808448
1325457086428352516
1325478575856885760
1325354623264321536
1325443662491381761
1325269346797592576
1325419921271087104
1325406125529980928
1325399360046329857
1325442491588485120
1325390587135193089
1325378454313967616
1325534327778775042
1325410414113513473
1325518543371300866
1325405727876386817
1325341776505417739
1325399211232387073
1325488875880534017
1325507092078338051
1325461128965730305
1325412992129888256
1325567709657096195
1325519720011984897
1325414864916017152
1325574424058343425
1325294009040900096
1325307038562447360
1325481252456198145
1325253918406873091
1325465054947368960
1325440604831158272
1325425175995805698
1325324601732313088
1325452085803016193
1325434548260376582
1325573774058672129
1325530291331616769
1325393520832737280
1325588770771636225
1325490761396342786
1325330782420946946
1325503247839326208
1325542503018360832
1325524626303225858
1325377881925709824
1325542470445391875
1325412040027017216
1325481027540836355
1325415332266303488
1325561970267918348
1325398079533670401
1325511387637047297
1325508603969761285
1325418647809122305
1325552027150155776
1325359803594584064
1325283467555377152
1325509538762665984
1325520437799956482
1325487396272615432
1325503469642539012
1325458657212047362
1325422838308884480
1325514944301969408
1325478550200332290
1325354303998005259
1325420282287431680
1325416496621826048
1325550641046056962
1325409064789168129
1325531362200313859
1325234326091526144
1325580327016869888
1325550813188648962
1325497263863586818
1325461874746552322
1325417695861477383
1325284955375591424
1325559566587863041
1325408683556286467
1325340075278934017
1325559179612991489
1325465709451882496
1325448954239209475
1325332253262680066
1325437773478825985
1325431225583099906
1325464232759095297
1325322630120017925
1325485098268061696
1325563521204170754
1325510633341771781
1325542248986120197
1325351877232488449
1325485274479140872
1325519680665231360
1325462905492557830
1325569368131067910
1325504536740556800
1325414201154809859
1325401857011970048
1325508682327732225
1325401991816896513
1325566409758416896
1325400410945949696
1325492373909102597
1325375513561624576
1325236673064677381
1325483556748062721
1325398387798257665
1325236773769912320
1325423797697196032
1325378998571053058
1325426181945118721
1325424492139720705
1325527672760524800
1325529506132668423
1325579526391406593
1325439517332033537
1325356173994979329
1325568059004817408
1325399342530891777
1325499818299559939
1325332972288040961
1325553996636024832
1325512494044024841
1325407341500567553
1325353542941626368
1325538399265173511
1325573638481915904
1325347237921173505
1325540324211642381
1325344276251807746
1325343899569823745
1325551307122487296
1325467430555160576
1325562828409933826
1325494938226847749
1325516187116167168
1325488053742411778
1325444357181362176
1325294617689006081
1325490034565394440
1325403343108395008
1325240173320413184
1325484774149017602
1325493027402559495
1325501377829888005
1325412538268397568
1325438598217424896
1325414006580973569
1325402054379118593
1325396825738797058
1325374121031704577
1325569352779902984
1325229424984403968
1325549590360322050
1325560226922246145
1325427800690597889
1325481336971419648
1325406299392258048
1325517430672789504
1325405210349547522
1325463710190739456
1325501790645870598
1325420425741004800
1325462035434414090
1325344125806387200
1325352586522861568
1325408646130528256
1325307535432306688
1325514541493587968
1325478298856681472
1325499694420779008
1325422128829763590
1325521077364256770
1325309987632017413
1325450867877744640
1325469160160243714
1325471017460961280
1325367701854892032
1325499588858568706
1325391677792595970
1325458436457426944
1325343074768330753
1325506171718004742
1325477983411376130
1325361485065957376
1325337011633401856
1325398546615595008
1325500897967955969
1325405856142331904
1325518518910132224
1325315842045775872
1325420118415958016
1325468541328502784
1325552855202324480
1325372071120166916
1325394883826360322
1325334147578073089
1325330205888688129
1325562636956803075
1325396789470621696
1325465944232255494
1325425124628160513
1325461251544248320
1325491859486093312
1325566970511708161
1325416293990805504
1325485037056380928
1325327290922905600
1325544148846465025
1325510894458073089
1325410492521865216
1325371917369569282
1325506967171895298
1325387935223517189
1325463193356038144
1325257871068688385
1325506102067408902
1325337115484418048
1325526316452601865
1325512168058523648
1325391612881539073
1325380147999019008
1325288969911885827
1325516258197057545
1325562768028823558
1325511139137085440
1325274087262916614
1325421611412037634
1325324286979170309
1325551351758270466
1325364926538518529
1325358229476532231
1325465290688311297
1325428982217662464
1325483251079602177
1325345703493857280
1325556990278574081
1325453102867156992
1325483830703251468
1325343201448824832
1325580626049847298
1325447459959672832
1325391607634522114
1325338959753441280
1325428048527826947
1325535857340784641
1325588742883643392
1325310315458859009
1325411784870780929
1325394307046645761
1325571205164883968
1325363305423187969
1325522213395632130
1325432542602858496
1325271298050756608
1325514453761339396
1325488457960009728
1325368637889400834
1325574966188924935
1325421142849564672
1325307476934266881
1325283609742290944
1325490275163181057
1325484751717863425
1325399286490787840
1325486890200535043
1325307021030289409
1325420313845387265
1325542795009019905
1325448290658361345
1325533914014871555
1325488865910661121
1325503846702059520
1325431693445042176
1325422545626157057
1325560870269833216
1325342885454155776
1325551818060017665
1325457001825116160
1325431472430473217
1325562979144798209
1325531509277806592
1325507712977956865
1325467211058835457
1325359793574436864
1325371598602428417
1325362736495259648
1325416281512742912
1325336968989974528
1325497124197429248
1325386483411378177
1325444152792846337
1325544828105613314
1325357014881603586
1325413299777892358
1325529885075443712
1325233234788159488
1325453245255446531
1325344943129452545
1325505482786795522
1325351770709700608
1325420488135479296
1325511717015740420
1325505368101957633
1325479831480524809
1325517392995344385
1325466625387220994
1325231594572050432
1325379815273336833
1325532062535872512
1325508710572175365
1325524088618700801
1325533324505473025
1325509834406584323
1325482732277919747
1325566656249262080
1325562990620532737
1325481568840847361
1325357502121308160
1325301092004016129
1325434976414945280
1325519569490939904
1325379158470438913
1325310874618191872
1325432098543575042
1325552147694579713
1325563617073393665
1325563009436160000
1325549679606722560
1325506560735457282
1325347505811447809
1325336176333611008
1325460933787983877
1325408971725869056
1325492779196276737
1325417685736415232
1325426672301203456
1325414411985711106
1325419007231619072
1325234274749050883
1325372552852746247
1325403162090631168
1325568035885871105
1325402816333090816
1325370816687693825
1325505607303110658
1325383193864900609
1325536452860633093
1325551655719460864
1325422878226067456
1325543164980178946
1325229711778340865
1325361860208685056
1325415467738128386
1325323454476857344
1325557405778911232
1325522559031537670
1325398005806112768
1325422935268581376
1325584169523695616
1325398604773810177
1325362332814467072
1325468651915538433
1325568014780141568
1325370817136439297
1325258593856262145
1325408193774751745
1325357658770182144
1325335771256152064
1325557546002894848
1325378354380496898
1325512832889352192
1325542435401986049
1325408382304612353
1325496056122109953
1325380550908129282
1325327982785933315
1325509924214992900
1325480410269282304
1325409709059436544
1325348183644528640
1325509770464387075
1325479409256689665
1325366107969118208
1325372437735878656
1325402841670950912
1325412847720013825
1325438712050802689
1325265455183958016
1325237164473454593
1325295217994559489
1325497310219038724
1325403458925694978
1325233464086573058
1325236981723394048
1325420149311148032
1325355893668581376
1325464984642609154
1325528634292113408
1325421490217623552
1325477752024215552
1325378918975680513
1325486978633232386
1325540783106166786
1325482113454497792
1325469590823038976
1325418756290600960
1325411187169882113
1325357092627214343
1325562026727444481
1325527379612233730
1325513123428769792
1325556385581592577
1325552361679556608
1325502364091117569
1325441109963759618
1325557854925942784
1325463475083243520
1325525577772699648
1325397612888010752
1325471976522133505
1325433084561469440
1325405989374480385
1325446856760025093
1325262128459120640
1325368541227458560
1325495209216577537
1325535888382832641
1325501493982720001
1325257625085358080
1325503718083743745
1325530930748993539
1325503526638940163
1325430442825289728
1325493820587462656
1325479076073775104
1325358764455759879
1325572340529455104
1325562116531777538
1325461282024263680
1325406520121683969
1325357708694974464
1325492462824075264
1325370686047735808
1325395728785694721
1325552214476206080
1325495967228059650
1325511304539496448
1325582632797736960
1325314616700833792
1325272607202086912
1325551062166724609
1325586389036044290
1325419093403504641
1325558373333553152
1325476693667160065
1325501673410875393
1325461612992598018
1325368344049037313
1325518073152098310
1325468529496367104
1325528562091356160
1325483124638310400
1325349026376585218
1325432387371667458
1325462925272899585
1325461197467119617
1325298464629067777
1325530209689489408
1325435854240813057
1325373078424195073
1325476636175818754
