1324009731166490624
1323792001716858883
1323954032860401664
1323999611565023234
1323873249814548481
1324005970255687681
1324111708210778115
1323988919093002241
1324067386669080578
1323930261122355203
1323806349109714951
1324027615364218882
1324051664945487873
1323788919050260480
1323941339483033601
1323903626075688960
1323968942247993345
1324089651573985283
1324050669637160960
1323985187630362627
1324009414894997504
1324069117498970114
1324046915978301442
1324051998531031040
1324116008978784257
1324014019385184257
1323897591684321282
1324020966884868097
1323994373433020420
1324006687729213444
1323992772848877568
1324071016428130312
1324038082073677828
1324094223268913154
1324082497093832708
1323977275352715265
1323980662332891143
1323912770199425026
1324047410591649793
1324045557510393856
1324055587349553153
1324047301199990784
1324065870008692736
1324129019596603392
1323898023643025409
1324048563823890437
1324113343083352066
1324004038485200896
1324032803906953217
1324072061430648833
1324041487517143043
1323995124129538048
1324046088005963778
1323942219309604865
1324053818280169473
1323809249567408130
1324055859362701313
1324106296409444356
1323852518946938881
1324078736644460544
1323990400307097600
1323991524066103298
1323907523095781376
1324110534300631044
1324057212755599360
1323892115919802368
1324016194383433728
1323994566995955719
1323876496004554752
1324006768956084225
1324033300181229568
1323950285711155200
1324064894413643776
1324005265386123265
1324023750875062273
1324052169864171521
1323907272167333890
1324076426514059265
1323998920628932613
1323955731817766915
1323903469271527425
1323879002352832516
1323897127232221185
1324022569041879044
1324110761568968705
1324047826511405056
1324113182722588678
1324098664638353408
1323945177048895488
1324045076364845056
1323927339118546944
1323948820384911361
1323967230019727360
1323970542546915331
1323975780280504320
1324030752456118273
1323952484897988608
1323969132082114562
1323989104707723265
1324042289489084416
1324130832626393096
1324049393209745409
1324114891238707204
1324014439025266689
1323963738651873296
1323879542918971393
1324010242439602178
1323906830079299585
1324110007143665664
1323777340367917057
1323938714729488384
1323892226297126912
1324031827900813313
1324092321722441728
1323886934515720194
1323989493280550913
1324025828385148928
1323918212216639489
1324071191494230016
1324015109950373894
1323923259407126528
1324077281824759808
1324032293376315392
1323950534487908359
1323950100360646656
1324079148252516360
1323901975222779904
1324023899999281152
1324013590693728259
1323994084273434625
1323928763655213057
1324051067517194241
1323900219508084736
1323949184672825344
1324017142757494786
1324099271285743620
1324108164623716365
1324045762335047680
1324084995946909698
1323969004189458436
1323938319668072449
1323994760940572672
1323967791800766464
1324117575664603136
1323783093891829766
1324126371468234760
1324055259531063296
1324017933555765249
1323900281839591426
1324134190619725825
1323965462342979585
1323927406093176838
1324011990302511105
1324042954265317377
1323818536230408192
1323918731177795584
1323957413775581184
1323907270556745728
1324049594490200067
1323889807098073088
1324049015701442569
1323931949774315520
1323988034401042433
1324006584381558784
1324053039658008582
1324106118357012490
1323991066673119233
1323939045764964352
1324028420955742209
1323956041323720704
1324007181197430784
1324030674265903106
1323959400629940225
1323909990445420544
1324009373258125312
1323844483621027841
1324067365773021188
1324049279007248391
1324007178131460101
1323877129734545410
1323779357874290688
1323888660887052290
1324091867185569792
1324044141131608069
1324086144091463680
1323858193693483008
1323954671996833792
1323809366189969408
1324047740020658177
1324032550612963334
1323868554899427328
1324012893285818374
1324046026827796480
1323839812642754562
1324047838951690241
1324129932201611268
1324025180977537024
1324049955762438148
1323904378890313728
1323980285407539207
1324017190031544320
1324064435045060609
1324014308897021959
1324069482055258114
1323888239057555457
1324004598634393601
1324034576713502720
1323913574264328195
1323906865269510144
1323819165149483009
1324065111439478788
1323967793256083457
1323977740459085826
1324119112403079175
1324071127438757889
1324119277180456963
1324006747426693120
1324125870366154752
1323990117212737541
1324045902525464576
1324009832328867841
1323959920144703489
1324023858286989312
1323913366491070465
1324024852039217153
1324052148930433025
1323937124027084800
1323960740169003008
1323937633983221761
1324093076852322313
1323974747445747712
1324029610321989632
1323850340559691778
1324129759916417024
1323965625610473473
1323896522778574849
1323835310724149248
1324003738177163265
1323920986824167425
1324025853827756033
1323909553717739520
1324054216512516097
1324102019515297792
1323912495644463105
1324068549913120770
1324071013907398656
1324049002908844042
1324111721057996801
1323935468006920194
1323917378023993346
1324052498529849345
1323996133673361409
1324060759308029957
1323929311607488518
1324096288938512385
1323855373019848705
1323871271504007168
1324046708758745090
1324039091500032000
1324082924073979908
1324010557960314881
1323908824529592328
1324049465532186624
1324064291775983626
1323945327389528066
1323973613054271489
1323886138872967169
1324052132450963465
1323961612819140608
1323961086010224640
1324022848357322753
1324037810144292864
1324014034253918216
1323949429091696640
1323818363223760901
1323926327871836160
1323969504704081921
1324030578757455878
1323907965297053696
1323992476735164420
1324037078561263617
1324025813315035141
1324052211106762755
1323938803367772161
1324032166653763585
1323999819644416000
1324049668238647298
1324139261969502208
1324123757380800512
1324106382631686144
1323925487559811075
1324020287445323777
1323853956435615749
1323949828804694016
1323892892818092037
1323941035324690433
1323902067447050240
1324037953279111170
1324073020726616066
1324102779854561282
1324124828396343296
1324085743774502912
1323940022794551297
1323916640644464640
1323957157730148354
1323975477342707714
1323968481470124033
1324086242452164608
1323898127993184256
1324079212232384515
1324069613920018433
1324025548969041921
1323903905395138561
1324036470479425538
1323983813828030465
1323825366469922816
1324061572071915522
1324067810381877250
1324076633402331139
1324067052085235712
1324028120719101952
1323955158422851585
1324093826152235009
1324043816408670208
1324108702971027458
1323942783485431808
1323932176539394056
1324085448533299204
1324063553020678148
1324012029821276160
1323957412106219526
1323929090114654208
1323938245286141954
1323859032340262914
1324027396870279170
1324004924045332480
1323920487458758658
1324025076602310656
1324062494932041732
1324073591332392961
1324084659685363714
1323997006612910080
1324050064201916418
1324025914586521603
1323968504308129792
1324028563494965249
1323872138651160582
1324021993054838787
1324035160619290626
1324012625441804290
1323994675280314369
1324045539709779970
1324097081091522564
1323860036624486401
1324006782444982274
1324076045721604096
1324031236776595457
1323961315644366851
1323895552052994048
1324011978231291904
1323886475998564352
1323958891449884672
1323902442568896518
1324073371123023872
1323942333235126272
1324009278815064067
1324050910734094341
1323896916636180480
1324014374512709638
1323955136289529856
1323918070671380482
1324101236665233411
1323799082800947200
1323817348969697281
1323924247975284736
1324132621551607809
1324083017783123969
1323978773302267904
1324040507614441474
1324001683781857280
1324098040152625155
1323970958223380482
1324082897310093315
1324010537546665985
1323966752842305539
1323860149279272960
1323999013855809537
1324096079156158466
1324029591988670466
1323968486054518786
1324093001895800833
1323997040905494533
1323978559216623617
1324129042363285504
1323904479016701952
1323989846025711616
1323961689344278528
1324016135273152519
1323974041863102466
1324041662700670977
1323881010833051648
1323922707457724416
1324125331272466439
1323786518192861188
1324028398356889612
1324116274025291776
1324022308726595588
1324136438963855360
1323930461903720448
1323993647986184192
1323907939330121730
1324066749487239168
1324109823722532865
1324081868229300230
1323780301177454593
1323938417852485634
1323928185495498753
1323988493559828481
1323871347471052804
1324027695890681857
1324125271881076738
1324114444050419712
1323830811666321410
1323961923046723590
1324028506146222082
1323963443859333122
1323937820961112064
1323918500730122242
1323970222206996487
1324064864281731073
1324056764665499649
1323979126760443904
1323956375886639105
1324029109681463300
1323910204770181120
1324038001408774145
1324028113894952960
1323926921466515456
1324097591643131906
1324042215002460163
1323873161423802370
1324062496102047745
1324024985338454016
1324080078343622657
1323942069660983296
1323942748702035968
1323966463598862336
1323882649140793344
1324005488762249218
1324008445104836609
1324048372697882629
1323909045380591617
1324027367950635008
1323887055638847488
1323961958039719936
1323967730421239808
1323971389641105408
1323935535426129922
1323812421182525441
1324015488448532484
1324026158799872000
1324036154438623233
1323939328108732416
1323949583488163840
1323925882004799489
1323897690074181633
1324051199809769474
1323960347640897536
1324113037830328326
1323941930984706053
1323963608624226304
1323895254899109889
1323874966610337792
1324008471629565952
1324047539641995265
1323998720980078592
1324119142174216192
1324012735571599361
1324049629927845888
1323957910729351169
1323790351270875137
1323885247562395649
1324074853436166144
1323969003753218049
1324117850043355143
1324070647442608128
1324120177185824769
1324106548134772737
1324095712129417218
1324098819005521922
1324081470600892418
1324019837165805569
1324090867720794112
1324053083836633091
1323898149002530817
1324012414065520640
1324034064815456259
1323959120211431425
1323994060768555011
1324074556261310465
1324037170848534531
1323938693594439680
1324029996587982848
1323960046699630592
1324038302366896134
1323943621264101377
1324033666385891330
1323990278697635841
1323921922392993793
1324043221798952966
1324026343915474945
1324054660420898818
1324046570019606529
1324024716743639044
1324095518767751173
1324072189554003969
1324085478879055873
1324005615362994178
1324020784126480385
1324132967095144448
1324015103910547457
1324004520351903746
1324008757962166273
1324070610528587782
1324035965153873920
1323947822782230530
1324106932316155909
1324076238844080129
1323920421419298816
1323957847424704512
1323976313393303552
1324031971627028480
1323920216464740352
1324049732352774145
1324025829526032385
1324027556102897664
1323898188412129280
1324046933116231696
1324084277785595906
1324009185835700224
1323966526647578629
1323953604034732033
1323980272073887744
1324026816156307459
1323959072182407168
1323936254820552704
1323890265741053959
1323977898395652096
1323883942659936257
1324094929312821248
1324042986058059778
1323940881385345025
1324023686408609806
1323959922908925952
1324032784789344261
1324132744050495496
1323983252592406530
1323866323408007169
1323972616839958529
1324025091819245571
1324056354324140034
1324074686884548608
1323963138136543238
1324036887036727297
1323812506738040838
1323931679434616833
1324028510600572931
1323998056275189760
1323902924867706880
1323869180282703872
1324039005378351106
1324017531728941060
1323840545895124996
1324025885490618369
1324033689546854403
1324075080066977793
1324109262117867523
1324128276961546240
1323977306558390275
1323917707830505475
1324086980142137352
1324054971449516033
1324085901601943559
1323795368291819521
1323878776766431232
1324109049965760513
1324086407443480577
1323990610521587712
1323896726932148229
1324109083440488454
1324120553008103427
1324110184407597056
1324024698976522241
1324025531071868928
1324020403749163008
1324112615942082561
1324015716165689353
1324050089367818242
1324048052311785474
1323958289915367424
1324035541797666818
1324047159524806657
1323959053253529600
1324085246887972865
1323965563052396546
1324052930375417856
1324031081864187904
1323939363575767048
1324033710765887493
1323934332231311360
1323962809219166209
1324033215435313152
1324013113226743808
1323969252685172737
1323886130492809219
1324061824946495489
1323909637654093824
1323901275487014912
1323893667107639296
1324007989213384706
1324060561563418625
1323992169850560515
1324041310941097986
1324039748558721025
1324020248413175808
1323946014341029896
1323949029819035648
1323961798459052033
1324026376622657537
1323969318179229697
1324045143780040704
1324106411954085890
1324122610674864131
1323931535230324738
1323901437554925569
1324032670343536641
1323938538560364549
1324052031854858243
1323936960008826880
1324013063746560000
1324019069155217417
1323985330777792512
1323955017456459776
1323991762977886210
1323995303058526208
1323918874954338305
1324072475819429888
1324049436322996229
1323904465687220224
1323904126141517827
1323930491825856512
1324020759770050566
1323941530739089408
1323862157847597056
1323984480625983492
1324131946881048579
1323930694918221824
1324113661355610117
1324031405593104384
1324011916793171968
1323830003222650883
1323974280883875840
1324035216009273345
1323990474328297472
1324040435845791745
1323979027590356999
1323998540465643521
1324049364436815878
1323983840176676864
1323893253159223296
1323946294931542016
1324061690200207360
1324035390160994304
1323922265139019776
1324029538267996168
1323994710642466816
1324006457394810881
1323818919203917831
1323994799859519494
1324000747080556546
1323925689838559235
1324005335527497729
1324031801703174144
1324064352408899585
1323980418752909312
1324054483148689410
1323988990043869184
1324121023797776385
1324112388774367234
1323838780172836864
1323963116980445188
1323929631804825600
1324130082638671875
1324071461947146243
1323899708348207104
1323993598044606472
1324111562903269378
1324047400223313921
1324083314236542978
1324041805172740099
1323926012439179264
1323978497648451585
1323930631894716416
1324108408069521409
1324075767559573504
1324065355073990656
1324117712625422343
1323943121504342016
1324007301724971015
1323957410579578882
1324072051892723712
1323962056756891648
1324088531204165634
1324054289342439424
1324008761397227523
1324034467175059457
1324001061837934595
1324031612582060032
1324006766468804612
1324109094291185664
1323930093002117120
1324023595002155010
1323985007631912966
1323883033204789248
1324037889076928519
1324019418465247233
1323828446439575553
1324060626700959753
1324078194350264329
1323983813442211842
1324097819158994944
1323795027324211203
1324101039923089409
1324003499546415104
1324011738661036033
1324051651309821952
1323997587351998465
1324027634708291585
1324100920548954116
1324039100895211523
1324066211261378560
1324018743010349056
1323882951701078016
1324069214664249346
1323980824954458114
1323932306759950342
1323942425883267072
1323888676334686208
1324049215002157065
1323838412240134145
1323938118458892288
1324074276891348992
1323936725673091074
1324074663081857026
1323900925107384337
1324086147648233475
1323976527634178048
1324070617189146627
1323944966347984897
1324021835323887616
1323809089231724547
1324060278917648389
1323965607876960257
1324065900996317192
1323883442845765632
1323901101016555520
1323875843232464898
1323982074873827328
1323913923901427712
1324039096956784647
1324044544015585281
1324112863628242945
1324089691256348672
1324107087673253888
1324035919549243394
1324102473376817153
1323991401898692611
1324007337078804481
1323997660400013312
1323951143542755328
1323955497456852992
1323992472301772800
1324058841848401928
1324043106493337602
1324031783361482753
1324009581832478720
1323993414057250817
1323916273043050501
1323888061038632961
1324084195384348672
1324065890896351234
1323938634870018049
1324044641931583489
1324071565877792770
1324084010751066113
1324127181224636416
1324071001764876288
1324011433768685696
1323969037009932289
1323916916671524864
1324010770242375684
1324055998278127616
1323948394642087936
1323942595173720065
1324013916511477761
1324076165078941699
1323936579040223232
1324003761258483713
1324125680024604672
1323929938286776323
1324058995720626176
1323967882477268992
1323896945971208197
1323852174548455425
1323994955615031296
1324058349038653441
1324098612213796865
1324035666179579904
1323923198153469952
1324054474512584704
1323975898824118272
1324050047802220551
1323985792100945921
1323918651716763649
1323880433042497537
1324101520569282560
1324115915097735173
1324047313833218049
1324094333306478593
1323929299062317056
1324019844451344386
1323968483034583041
1323912303696371713
1324131550565441538
1324134376595169281
1323974551747858438
1324116270787211265
1323927244797038592
1323880657077084163
1323943777501908993
1324107927792345089
1323854467935182848
1324062094547996672
1323886668605173761
1324077677251383296
1324065518630936579
1323926123944828928
1323790534096359426
1324056466811138048
1323944146927800325
1323878879124246528
1323882666383548416
1324045552221343745
1323789170653933568
1323865976342011904
1324101902930509825
1323906259666505729
1323971654159138817
1324102913241788418
1323981628650258433
1324049782667698177
1324076512098852864
1324014173345533954
1324045207223107585
1324005353932075009
1323956868901982219
1324079449638391812
1324025551179419648
1323966400403263488
1323983773105557511
1324095376161411072
1323806032850788354
1324022616655568899
1324051191848935425
1324010355815862274
1324037363669098499
1324053399923544064
1324027315202990081
1323985673427234816
1323945774066126851
1323784035156459521
1324073305406644229
1324016926868328450
1324064416606937089
1323937979438608385
1324099376587952132
1324059966718779394
1324075492392292354
1324049323622096896
1324029393761669121
1324124866950422532
1324030021602807809
1324041135325614080
1323932805286580224
1323868969204359173
1324069533540405253
1324033497519017985
1324045750691598340
1324066814603788288
1324100093620998145
1323902590808195072
1324064327016554497
1323898023538094082
1323956101172350979
1324055888391524353
1323995226453778432
1323861888732696578
1323886716458029056
1323952023050592256
1324025429611761667
1324114225623609345
1323972464293138438
1324107666386464768
1323955309136719877
1324036635068145665
1324032291086213120
1324105116480405504
1324109902730698752
1323972890744791040
1323981165779423232
1323954743283224579
1323886465412222976
1323944619542011904
1324023597728468992
1323905617321447425
1323925146202157057
1324075105484480514
1323939428369371149
1324074694505598977
1323972289172541440
1324046821904310272
1323930587606978561
1323904974137577472
1324031450258300928
1323986091297460224
1324047106793971723
1324036598963621890
1324086257056624646
1324091522778890252
1324026847001251842
1324078290584457219
1324053609563197441
1324099566514380807
1324104109558013952
1324095571943133185
1323969174239121408
1324120538780995586
1323937075830398976
1324074886738907137
1324049169988882433
1324034499278229504
1323972949922222080
1324049813319667713
1324010222214631425
1324027385952542722
1324129319279538177
1324059635494621193
1324029876630900741
1323986479077535746
1323815397188141058
1323975665830559749
1324075326054555655
1323929350895448065
1323926264827314177
1324027622305763328
1324015187792461830
1323980701457416193
1323992655785676801
1324020633798324227
1323963037934563328
1324098473285869570
1324120622155390976
1324062494017622016
1324110187045814274
1324026401092210688
1323785462855729154
1323960934122049536
1324028157037629441
1324003294453338113
1323957406301409281
1324005002965356548
1323903766589034496
1324036393463697409
1324093693549305856
1323875559991091200
1324039054132989952
1323962761462898693
1324068816683487233
1324056193980076034
1323953239126147074
1324097103338024962
1324009452748550146
1324024622136791047
1324046873636802563
1324016644151234563
1324089494300143617
1324044969229783041
1324035251426000896
1323983105225592834
1324046095509540864
1323981010439208962
1323994118339629057
1323896311113043968
1323855630080253952
1324087370313027584
1324093194246782977
1324130918433476611
1323943663928573952
1323891502649610240
1324026679145205760
1324085892915646467
1323969794182422529
1323944172219469825
1324101819635798018
1324097218417172485
1324004394552229888
1324098065943433216
1324093516054671360
1324028750397345794
1323796127519559680
1324045356552855556
1323973311362117640
1323903641804251136
1324080745284063233
1324025282567806977
1323987157984382976
1323924008052707333
1324022493410136064
1324101955308892164
1323991840148889600
1324108917828395013
1323943908821315590
1323952831095779328
1323973013017186305
1324004844546510850
1323974203725488131
1323884410446503936
1324018808944762882
1324109716352585728
1323936450140950528
1323882306092867585
1324027785975910402
1324105931672686602
1324022243840692227
1323956964859252738
1323903129243574273
1324009304920412165
1323983536819494912
1323958064521891840
1323981280325885954
1324026467597123584
1324116693740900352
1324013338083364867
1324083710707277824
1324099160732274690
1324078046496935936
1323900034002374658
1323984526155173890
1323973726937993217
1324062493086502913
1324030746064003174
1324121143406714881
1323970030053347329
1323954371734966275
1323959919876427776
1324054725747159048
1324053685513703424
1323997987941634048
1324129537689559042
1323940606234796032
1324036148809924615
1323991521553768448
1323893647927087106
1323969707062501376
1323984601753276417
1324100826760126464
1324099674958188544
1324002311384010753
1324066720382881798
1324061235873271813
1323929580177154049
1324105077649481731
1323956430395899904
1324071964546392064
1324050018987368448
1324039791512444929
1324100000670953478
1323931973421850624
1324041374707130369
1323922485268590597
1324056406216101889
1324104232627326977
1323904601222008833
1323946301696954369
1323995686854119424
1324094124908314628
1323989610670804992
1324010104505704452
1323975634809479169
1323957818630746112
1324025836652122112
1324036267101872132
1324026739220242433
1324111190952415233
1323963019689340928
1324052459531153408
1324084372824301569
1323834502217682944
1323950154882441221
1323864737596276736
1324002162146447361
1324030701252059136
1324107149438521346
1323989510812782592
1323838599482232834
1324071104625987587
1324066132710641666
1324003516462018560
1324113025939525633
1323932832868302848
1324033770530443264
1324039722692468736
1324120913860792320
1324113465338986497
1324005921564012545
1324042252956610560
1324071524412915715
1323833567152115712
1323990490006564866
1324025692519018502
1323943338731589632
1324045846732771330
1324134490009227265
1324069690608594946
1324076141842468864
1323917453206966274
1323960617540214787
1324118961223573507
1323790351824527360
1324010662301966336
1324027110151933954
1323929358420115457
1324029229437243393
1324049060181979138
1324039021371248644
1323935817190928385
1324054954756235269
1323972737640124418
1323897654598840322
1323883954085179393
1323975562151497731
1323918404349251586
1324026105750294528
1324079801989275651
1324078167833935872
1323944469729841152
1323984854602649602
1324065786663763968
1324047497514356738
1324090918996189186
1323908381543964672
1324006106226712577
1324004425770405893
1324037863189762048
1323968487409307650
1323973081367531523
1324065914271240200
1324058160215318530
1324080466463498244
1324029603808239616
1324024607402299395
1323964147755868160
1323882547928059906
1323888155750182912
1324082645052043267
1324036526620221441
1323936857042931712
1324102253398183938
1323859734982701056
1324094867602133002
1324079070066466825
1324058737900965888
1324100935245848578
1323992975437869057
1324033007142002690
1323937880952156160
1324122819547041798
1324033795293630464
1324107208603406337
1323979420751810570
1324019820459941888
1324057542062936064
1323937893614821379
1323888235014139904
1323936480855732225
1324101816586506240
1324088841033175042
1323948897790791680
1324063618195968000
1323886432302354432
1324063577448341506
1323972386497138689
1323925828107964418
1323948315554230273
1323990985941094400
1323783002112012291
1324039526575149061
1324064507044528130
1324035022953893889
1323935890683645953
1323875758448742402
1323977515631812608
1324006814996963329
1323944537564368898
1324035639873077248
1323916619157000192
1323994227181801473
1324086557880573955
1323990404308480000
1323861400339521541
1324044162514169857
1324103059874611200
1324078546642522113
1323976607707631617
1324002957428482048
1324051036802371585
1324038824545103877
1324007268602515457
1323898762218143746
1324067099657076736
1323984476649783297
1324030196866048005
1324083058329505793
1323991061707018241
1324111651533164547
1323988631799947267
1324025254369517568
1324007618545917952
1324035783209242626
1323920423004917760
1323963040451207169
1324103373017272330
1323963850631368705
1324045225199915009
1324056389233291264
1323897513259261954
1324115425324601345
1323947433232113665
1324116332695195663
1324019669230100480
1323915594413056002
1324046585437790208
1323987916754964481
1324077619189567489
1324028709314113536
1323995106442158081
1323938089992179712
1324029410291392518
1323867063740469252
1323907510273794049
1324005112617050115
1323904427158392832
1324133345844932610
1324018739428397063
1323968533412356097
1324056520376623111
1323852418011058177
1323973653122437120
1323912412559540224
1323964681833369602
1324053283820998666
1323917858829717504
1324036663471984641
1324103437068443649
1324020168511623168
1323982525979611138
1324076802273366021
1323963113071386624
1324040958355349511
1324097580435984384
1324110506005770241
1324048126970339329
1324058526419951616
1324048081529221121
1324033831113003010
1323946080967557120
1323947616011517952
1323873232315928577
1324094098375102470
1324019736552898561
1324015422543482884
1324075588760543233
1324031264479944704
1323974010946932739
1324030401455808513
1324025698638614530
1323957744836186113
1323990369181278208
1323962581846007808
1324038838407356418
1324032801713332226
1324103488545107970
1323978756978069504
1323968895347314688
1323955573554110464
1323944342604701702
1324034345531748353
1324039866120888322
1324000169319387141
1323928816570564608
1324006400415158272
1324101274787287040
1324117795542573056
1323932777570541568
1324040303205036036
1323858645982027776
1324057283626704896
1324116121209966593
1323893968254414848
1324068154574835712
1323927996932198400
1323848866064715778
1323791860670844928
1323995399032549376
1324034389479690247
1323978740993560577
1323983645586214916
1323917519497830406
1324103624323158019
1324125653030023168
1323968531810103297
1323937522318266368
1323868909137702912
1324037485928849410
1324116940550508546
1323878555479060480
1324065246810656768
1324097274306269188
1324110452113182727
1323963273893523459
1324092805975810048
1324068810597519361
1324081922780389377
1324026744484044806
1324003957677711360
1324016795418808321
1324090179842379776
1324015948815368194
1323979669645987845
1324031899178848258
1324007604780175360
1324066360897449984
1323992847129972737
1324065752157200384
1324010835690344450
1323982134579732480
1324071880047890432
1324049487883603968
1324078653538533378
1324130006772162561
1324026722963120132
1323992713100988423
1324090568893452295
1323861315513962496
1323905765879500801
1323995127107510273
1323893594139353089
1324022698742337541
1324138788038283264
1324021630348206083
1324095160221880323
1323983530280603649
1324011134429614084
1324021784555986944
1324112735844663296
1324085957302329346
1324000637839966208
1324022900320600064
1323909225081425921
1323860774247419906
1323968235637714945
1323985610806300673
1323892636793536513
1324000353323491329
1323935252759404544
1324001085531529217
1323910964866154497
1324013133141344256
1323955018786025472
1323957573507338242
1324094419843354625
1323990003496734721
1324060345879678976
1323889032305254400
1324017649404252162
1324051465254637572
1323889997737590788
1324028963967160325
1324035577939922945
1323901251730444289
1324108991933358082
1324086374866235394
1324047754616840193
1323963049309515777
1323913035350790144
1324017255173234693
1324057207399481345
1323974438132568065
1324008099842318336
1323922088521072640
1323808457594724358
1323982214170816518
1323983683070676992
1323821355310190595
1323832932734218242
1324101446456008714
1323930347755753472
1324122825989541895
1323958332651163649
1323958129441280001
1324065429044736000
1324027973348007937
1323920892586528770
1323866529532911616
1323983375955189763
1323968875055271939
1324080768298196994
1323963197301379073
1324044133045014530
1324020816556756992
1323990791719706626
1324000674292637696
1324109206400761857
1324020197800448002
1323969474375098369
1323983858224824320
1324075602765369345
1323888113882681346
1323905765741088768
1323911148346003458
1324069281768898565
1324077836014149633
1323867345266368514
1324087805249757184
1323934436350693376
1323919051060633600
1324096826518196226
1324029686117269505
1323988337896673280
1323953971128664066
1324030212712112128
1324040125190443009
1324008717604556802
1323971052343537664
1324031122309812228
1323939441988169734
1324029060276695044
1324067096859475969
1323989136315871232
1324133542427844609
1324050136734044161
1323876494897254401
1324039196047265796
1324083369597173762
1324123618461261825
1323825859216683010
1323977570229145600
1323863837272145921
1324083915028574214
1324074732971528192
1324119685105963010
1324038617698881536
1324130178428243968
1323801482349727744
1323994281963638791
1324128262101061633
1323994051063021569
1323905531237572608
1323903874026057728
1323980293049647111
1324025057220431873
1324049862619521024
1324055832573652993
1324098992301576194
1324017257845084161
1324010097010483200
1323922563492417537
1323956825683877889
1323959533862092800
1323924564485787649
1323995071604281344
1324090070106865667
1324016337866399747
1324089391921455104
1324051300988952576
1324067724650254336
1324078156928737282
1324003810491179008
1323849676018376704
1324099248913326080
1323900954295570432
1323944002949992448
1324103232923291651
1324027411864915968
1323960135937568770
1324049417859747841
1324020331946876935
1324005424610332673
1324096732414836736
1324066112116502528
1324071162725486592
1324014284893016068
1324018489418502144
1323925833799606277
1323936827447910406
1323938502170562562
1324128837349900288
1323946040626761728
1324082529171918849
1324044247033651200
1324035959101554688
1324093111212085252
1324105315038732289
1323933115937628163
1324060732049268737
1323875008599437313
1323921772702478336
1323970999491198978
1323960444709724160
1324092216667680777
1323959712858185728
1324021400634609664
