1323769915652845574
1323530921589510144
1323557490378838016
1323635143744065536
1323631880365875200
1323649888639279105
1323611738361810950
1323572458486747136
1323638142201663489
1323718663166402561
1323601329810493440
1323572916756353025
1323678916192702465
1323608465303130118
1323692309091942400
1323639299884130310
1323653675844276225
1323688557026955265
1323760549096837120
1323677991516426240
1323726938985431041
1323671646557929477
1323555176540704768
1323515506293411841
1323589627324829696
1323600320107368448
1323660676867493893
1323628487329091586
1323611896520593409
1323605718738632704
1323592855810674688
1323725744728625156
1323695559711096833
1323542926832656385
1323531956001349636
1323699657227309056
1323716976431321093
1323701217101492227
1323615035747348482
1323642986945761288
1323553702494523395
1323677827166806018
1323718005021397000
1323623995816726531
1323762605794693121
1323553690029068289
1323679167372759041
1323570462824271873
1323694431636258823
1323554161112305670
1323605277225242626
1323567836254654464
1323545460045393920
1323608705808687106
1323586354249388032
1323493616023646208
1323681191631986689
1323599960957485057
1323548124091191297
1323643205288689668
1323609625451778048
1323629019988983810
1323601728185532416
1323678799414857729
1323611382626091008
1323578180599484418
1323757936636616704
1323630017583132673
1323431285562499072
1323493703231614978
1323740001524482051
1323470527000961025
1323583279929458688
1323562691148079105
1323500751759486977
1323575465311948803
1323617975065333763
1323677430901542912
1323570541836574720
1323721194307231746
1323541116982013953
1323679838679502848
1323584904148516864
1323648720987136000
1323558092332769281
1323628082541023233
1323641716679860227
1323606905818959873
1323738927774212096
1323633530988040194
1323701054052159489
1323640362729177088
1323540639322177537
1323509515711619077
1323501325066342401
1323756077951946761
1323506237284245506
1323567529269301249
1323583812308209667
1323578473449984000
1323644951259996161
1323723842422939649
1323554793252622337
1323607148467728384
1323613522031464449
1323580069835644928
1323648895344381955
1323550990373654528
1323750991989231624
1323439860858933249
1323556142740606976
1323670589953970176
1323561142736850944
1323594887057592320
1323588984912646144
1323697473135603712
1323539217813786627
1323755808463704064
1323735883003158528
1323716793727332353
1323722201787486208
1323687359855185920
1323770474451607552
1323497762969817089
1323597047476506626
1323589902295015424
1323456467182276613
1323610143385407494
1323662727030706177
1323570896125218817
1323706184554156044
1323704006187880448
1323745663381868545
1323554535860817922
1323626678908760064
1323676116108922880
1323694547419959299
1323566993866399744
1323747128028573697
1323520386999459841
1323598224251326466
1323611426821464069
1323747671157411844
1323566602776817671
1323689136839163905
1323611051267600389
1323711123435196418
1323608154295455745
1323654053470064642
1323672616662638592
1323634412488110090
1323724406804385795
1323511537257140226
1323605278571532289
1323647235926667265
1323682133345476608
1323652729420632066
1323538131560337409
1323707867589992449
1323648406783467526
1323718388607234048
1323418388471820288
1323544324890632192
1323608290866171904
1323610168064528387
1323595015600431104
1323556286085189634
1323573163935076354
1323635082008154114
1323665888290156544
1323644011635245056
1323762659729281030
1323655223827718144
1323618699018993664
1323687514222350338
1323589203263971328
1323618581871951875
1323513483992862720
1323554199485976576
1323675452951638017
1323441404866138117
1323668777419100160
1323664691256807427
1323598949631119360
1323602141777432577
1323689950559260674
1323741572081614849
1323677216803311616
1323669544687161344
1323743392342433794
1323584634635096065
1323575001103159298
1323562112824868871
1323574527675244544
1323547135749591049
1323642853373878274
1323525471213101057
1323590171372277763
1323416781210472449
1323678756100313088
1323735404726702082
1323691911908151298
1323541031233736704
1323577950495801344
1323687407653367809
1323694179646640133
1323539046539415552
1323755799353708544
1323763371968266241
1323618806384742401
1323565566909698048
1323691431253475334
1323692948308058113
1323703591161548801
1323596772950888449
1323560901379825664
1323712251749126148
1323561900127539201
1323534003371212802
1323646443501080577
1323688076410003459
1323697894872985607
1323707226335436800
1323659052564533248
1323509478738841602
1323682345032048640
1323659216155037699
1323766368030892033
1323636379839070208
1323677895785652224
1323562450621505539
1323603979763355648
1323640002547515392
1323655911697731584
1323622374940545026
1323583276162961408
1323563120070152192
1323639950311653379
1323647113448824833
1323645545450213377
1323557891006234633
1323443291300548609
1323622201602560000
1323631439670398983
1323727285623640066
1323745982698455040
1323551297463898112
1323734432667361286
1323596088675356674
1323555292001509381
1323564500994445312
1323647548427481089
1323569437526626304
1323709038975221760
1323566721685475329
1323548020441493504
1323564340344164352
1323605623615926272
1323672214831538177
1323539449196634112
1323681514115207168
1323701028890595328
1323624274956091396
1323697471814537216
1323680669428568064
1323726750766026754
1323682206326378496
1323466592102064128
1323674151819841541
1323535458031337474
1323630826291159040
1323598367549804546
1323719130973900802
1323711321939038208
1323629985203183617
1323659141513121792
1323590082893414400
1323498385224159232
1323599352594599937
1323693049134854148
1323593374847373315
1323651858859175938
1323662168403881991
1323692338288492545
1323580892040843265
1323683356584906754
1323595409772679170
1323651777338761217
1323619346879516673
1323546158892023809
1323764953975791618
1323730746260000776
1323652786140184577
1323713023236841472
1323562837583761414
1323637490306207744
1323528567309930501
1323538058743087105
1323531933842919425
1323528490377990144
1323582405463187457
1323541132278702082
1323709599288053763
1323560590024036355
1323723174077517824
1323574560084664320
1323552909808852992
1323751301923196930
1323611053557751808
1323581071162777601
1323692976242073601
1323613439873425409
1323521783908192256
1323666623971102726
1323670608647999488
1323708277574848512
1323602363257675776
1323671092070940674
1323744898168901632
1323673360698585091
1323623162010083329
1323703835773308930
1323549077372571648
1323598234481209345
1323557407046381568
1323654174249119744
1323666107551592450
1323612742507528196
1323622237568704512
1323604859464069120
1323554494576271360
1323631792130301952
1323592754639896576
1323576404722810881
1323542116568600576
1323472276835151872
1323710751673061378
1323714135209791489
1323625813326073856
1323571635799162880
1323512939391963136
1323756695575822337
1323577657305550849
1323618320172666882
1323510547422285829
1323556403265634304
1323768349659115521
1323598331210354689
1323679143557537792
1323609642677735424
1323589026297876480
1323532389826596864
1323720791297503237
1323630148885774336
1323743781968093189
1323511282629255169
1323600243531939844
1323730202384584704
1323656792862347265
1323739681570332674
1323554241290653696
1323643693983801345
1323610948662382594
1323530054337466369
1323744357049094145
1323607642682654720
1323660742604820481
1323583917107171333
1323605684135616514
1323651610866798595
1323423980108337156
1323518290577248256
1323733725558038528
1323673295246544901
1323625433477353472
1323685199507574787
1323574166478573570
1323621347348676608
1323451735470411779
1323473424354861058
1323434974318628864
1323749494035566594
1323617194840907777
1323696940899590144
1323646649168777218
1323624107980804098
1323439132354465794
1323560632797548545
1323644647214927872
1323571349651136513
1323722967126282246
1323590801943912453
1323550200917577728
1323560253968044032
1323591116227334144
1323514055231942656
1323621425861840896
1323557508779253761
1323560835235667968
1323439208078389260
1323580237351890944
1323715904744628224
1323716372740952065
1323486581534171136
1323544678743027713
1323747531948462086
1323719930370510848
1323632071378653185
1323625991789514753
1323545484565356544
1323686138096267265
1323553066306732032
1323531819975925760
1323721986279940096
1323646696711168009
1323574578233356288
1323595360368025602
1323545510553227269
1323590970735235073
1323548511531683840
1323703017720451075
1323693420221734915
1323614628367257601
1323688907171659777
1323558683176062977
1323558345500987393
1323642054321311745
1323747782474240002
1323508521300873216
1323570614993641473
1323633390382403584
1323590775221809156
1323687536074567680
1323719347307761666
1323526739105120256
1323716809011449856
1323541335131959296
1323637862147985408
1323554592429379585
1323661058523934724
1323647715520237568
1323537636426948610
1323550927098466308
1323645764183220224
1323541308758216705
1323695638769532931
1323691308754624513
1323705892974592003
1323554124969947136
1323751056648687619
1323528415895572480
1323707274976788483
1323604804166389764
1323684069440475136
1323676343901585408
1323494540830035968
1323666879622356995
1323586346452160513
1323587484165591041
1323596268615147522
1323747985335947271
1323587323951484929
1323733746495950849
1323535863511437317
1323641798057742338
1323700474084773894
1323684268409823232
1323754434170638342
1323587799317139456
1323523222487339008
1323719648664276995
1323552399215284225
1323634494226735107
1323635795455074305
1323641424068358144
1323600526454464516
1323539192006250502
1323685296060440578
1323534339636867073
1323732615074091009
1323725677997293574
1323627799157104642
1323703791938654208
1323414705977872388
1323605209885642754
1323662197147521027
1323651568764420096
1323759246345949184
1323609185691541504
1323735914506498048
1323569931703717889
1323726858815442945
1323607878838702081
1323651036557565952
1323687468521181186
1323609401069051905
1323665244082884612
1323745275320696839
1323690929249787907
1323671451971522561
1323725358252937220
1323756354457272320
1323746132279861248
1323618390980861955
1323491561573879808
1323768369531768835
1323615971148521479
1323634547033051137
1323567729438347264
1323508775073075201
1323715678034141186
1323704474205114368
1323563034464423937
1323718487668305921
1323663021902909441
1323720199619727360
1323661112294952961
1323529879195963399
1323510797503504384
1323653743938850816
1323689388438671368
1323553622127509505
1323634282473181184
1323721386234388480
1323515356250558465
1323658259119673345
1323626863714062337
1323524700455272449
1323597176279343104
1323542589799387136
1323626273860714496
1323628112287092736
1323753783734796290
1323732247153881088
1323470406959943680
1323508313091379202
1323615025488158721
1323653692713816065
1323529608487182337
1323674811546112004
1323582418666852352
1323681584663404545
1323679428472459264
1323565274507800576
1323534629857611779
1323752369113473026
1323565256610893825
1323653199929221120
1323705847688630279
1323650629911355393
1323670800172490754
1323739784041406464
1323657441670737926
1323523579414224896
1323620664138436608
1323706249494540289
1323648949870350336
1323626690971635713
1323732404289327112
1323614621547302913
1323514485139800071
1323530532718845953
1323536499627986946
1323752521576390656
1323758531158269952
1323640119778226176
1323420077400723461
1323600886376050690
1323733968609566721
1323571546015846400
1323630927159955456
1323592846457425921
1323734450652536832
1323636364693393412
1323727855038115841
1323775050097532928
1323708387935309827
1323570779133513729
1323558990148755456
1323606177859645441
1323730424279887872
1323733894814945281
1323645692850642958
1323568894976663552
1323566960244891648
1323745679018201094
1323546650699247616
1323713378175668225
1323578558304968704
1323592693705019393
1323702412343914496
1323695655097929730
1323645043861835778
1323655557165830150
1323541767334100992
1323667289917526020
1323501423372455937
1323657602719428609
1323759827059908609
1323771665965326340
1323646857785057282
1323675028437770241
1323571009828622338
1323729586417504257
1323759183288848386
1323687670812413953
1323744282239553536
1323575446563397632
1323635716413394944
1323682511680081922
1323529857419124737
1323734367752114183
1323727916220469248
1323733367599386629
1323605722257641473
1323697720125784064
1323554775275839490
1323572829535850496
1323648136175341569
1323693713214873601
1323468340833226752
1323558320158986240
1323716211981635584
1323515400915722242
1323634799899144193
1323677975271870470
1323655164583182336
1323574484465496064
1323729622299746304
1323652951479623680
1323529584499953665
1323581000753053696
1323604008980930560
1323761115562651649
1323448849441169414
1323647851034038277
1323581001252196353
1323444758035996673
1323698558965567488
1323667189526913024
1323692669688795136
1323691865351331845
1323753253650255880
1323513579182739457
1323542946977927170
1323716619110092806
1323558999640416257
1323678854335111169
1323669611666169857
1323557867174141953
1323634031720861699
1323712429101096960
1323585918343798786
1323681582172065792
1323678241287245830
1323555285538115584
1323560428019060737
1323754055320166401
1323638895041544194
1323553691459325952
1323767944090996746
1323445850618662913
1323683480128131072
1323593804222504962
1323520410412032000
1323627599084617730
1323644345266937860
1323640490764455936
1323615379055403008
1323547194541117440
1323578940200550400
1323598469915942918
1323753965226545158
1323541675189456898
1323530527568257024
1323555354089848833
1323729529374973953
1323676848526643200
1323568740185841665
1323690183368318982
1323633407625220098
1323678693705863169
1323602532883701760
1323561944201089027
1323710291792826370
1323521567498870789
1323566380520714241
1323633497475567620
1323667343298437121
1323640683232677893
1323731299585216515
1323609364335382531
1323716597371097094
1323625443455623170
1323518490767228929
1323767539772645377
1323769574932815880
1323622682127147008
1323668765389787137
1323630335373070337
1323550655345287168
1323674049134952449
1323594941520596997
1323567139006091264
1323594772561408001
1323698649789014018
1323758477609705474
1323638741412564993
1323465330035970050
1323546091246309378
1323557989379416064
1323469486134054913
1323740254025732096
1323753091204849669
1323720534153138176
1323529286922473472
1323685416713756673
1323619158299430919
1323519816574128128
1323672457270697987
1323644552834621440
1323641347795017729
1323683166075396099
1323659549660897281
1323580067834957825
1323648384364851200
1323646947706720259
1323717118735560705
1323540420018769921
1323629768013611008
1323598358821376000
1323652722453848069
1323609100387819520
1323562379163193344
1323555407017762816
1323718712197787649
1323632780081827840
1323549613916344325
1323615031603404805
1323606537793867776
1323659462507331585
1323603946905182208
1323688539998068742
1323560011784740865
1323695051663380480
1323556604600569856
1323536459685597184
1323771318488178690
1323528555536461824
1323533659190841344
1323594787228913664
1323703329051074560
1323648687692795904
1323678284035596288
1323676993330810882
1323688650077544451
1323689407795372032
1323513999896576000
1323710755385053185
1323704035069886465
1323604393497907205
1323749873796132871
1323630310689546240
1323540680027918337
1323611467019653121
1323611103507718144
1323691844681814024
1323642685689942022
1323536404530499586
1323621050438004737
1323584778147385344
1323646850658897926
1323562840461070336
1323624197847977984
1323655230597275653
1323525359820832768
1323661312786862082
1323578897464807431
1323607051994566656
1323543598521032704
1323685415048667136
1323558410558865408
1323710374030565377
1323614227899232257
1323652233645465601
1323553944661037056
1323529774564843520
1323531102334652417
1323480769239654400
1323549064688996353
1323570313838260224
1323449513496006657
1323554040119238657
1323539850235138050
1323593213576433664
1323702978075889669
1323712485447315456
1323587904061558784
1323661114337579009
1323646563076460544
1323602187570864128
1323650628086878210
1323717771499372546
1323585604349734913
1323555018709094400
1323710472995168257
1323669721284333570
1323629184363778055
1323528145761378305
1323646656043241473
1323671020067299328
1323535353215594497
1323526909674868738
1323464239802142720
1323755177120247809
1323535779180720128
1323626191534903297
1323700859398615040
1323592264606777344
1323700720818917378
1323774004864442368
1323540295720542210
1323665159378841602
1323611008846450690
1323593677223186432
1323750119372718083
1323734302253895685
1323675635731075075
1323697828892467205
1323690516811255809
1323560409719316481
1323562312998002689
1323616668657029126
1323690564152401925
1323714152674807810
1323698684907892742
1323549230137528320
1323691822015807489
1323701483116908544
1323657922908459009
1323531345658863616
1323591790042226689
1323727564532338689
1323737738978480129
1323586363657199617
1323638555638484993
1323678484074504195
1323581021984563208
1323623940158357505
1323614472238436352
1323596185697996803
1323529855305175041
1323685237826748417
1323709695752896512
1323705694936272897
1323674834119909378
1323648061940338690
1323710630487052289
1323649035748728832
1323632140605628418
1323640502474911744
1323772017787703301
1323649199108476929
1323496728012705793
1323718180968271878
1323568248051404801
1323722120489259008
1323728201802285058
1323707126020190208
1323613844867059713
1323658266392600578
1323538443104825344
1323635143928696841
1323484837227962368
1323569764975972352
1323642429703180289
1323526451090624514
1323638718624894977
1323618535994777602
1323664613309849600
1323553705271173122
1323662635859136513
1323567521723801601
1323600100262924288
1323629475154792453
1323703186348220417
1323557144894054400
1323723070117433345
1323555427704066048
1323709111784144897
1323650409572040705
1323540825234644992
1323563604810092546
1323550018641559552
1323600619089833984
1323641178097672193
1323537494328172544
1323766044356431872
1323699067587858432
1323631898464313345
1323602903500791811
1323693173781221377
1323691255604387842
1323600088489435136
1323692101087961094
1323720205089079303
1323769088813027329
1323467322686951424
1323623411889934339
1323545436607651844
1323648264340676611
1323679833533091840
1323671809867304973
1323706346504597504
1323582375046057984
1323684809554710528
1323634247429705735
1323583332345696257
1323557945901285377
1323611060302155776
1323587127687479296
1323622987950678017
1323587826743730181
1323756032087248901
1323605403792560129
1323697225944473600
1323480208297648129
1323622180521988097
1323606455015088128
1323518653896265733
1323667976000806914
1323655674585358337
1323728877999579139
1323741168006582280
1323688998448078849
1323606438598639618
1323773919749414912
1323535485260701696
1323601276081475584
1323630431263219712
1323567593085718528
1323441202268655616
1323602480836628481
1323519878687531008
1323650099097018368
1323420953892823047
1323520030999486464
1323587578021498880
1323592249490493441
1323534146875117568
1323559977169100800
1323564298589843457
1323595393616236545
1323695152922316805
1323703864181350403
1323654980314845185
1323730524351987715
1323494019230507010
1323697088048365569
1323416873581584384
1323624763911229440
1323721474289684480
1323517506917642241
1323518569364283392
1323684200516669448
1323544596383703040
1323539035197984769
1323679689316175872
1323495078300655617
1323536278936236032
1323715483053494272
1323704855823876098
1323753803569573895
1323561655507320838
1323546632420511744
1323499559247630337
1323414786542051329
1323692602936446986
1323569088657084421
1323712398595940356
1323727478867873797
1323590064530690055
1323557211893862400
1323564353724026881
1323529469257199616
1323765899971743745
1323676113994997760
1323757847814045698
1323534471279366145
1323658228224479234
1323657350713102336
1323680483700547584
1323624676837515270
1323587356142784514
1323652626672701440
1323553102981726209
1323504743852003330
1323419554924634114
1323704052107149315
1323624757577895941
1323617965221257216
1323637659898707974
1323700112590331906
1323522259051520000
1323533764446834690
1323653430099935233
1323594630269718529
1323774569933688833
1323592309792034816
1323590751012425728
1323552814426193921
1323627706102255618
1323536037306605568
1323666193476165632
1323584798099709953
1323559737204592640
1323529465830539264
1323564532212604928
1323671832612974592
1323709070138871808
1323656842258583559
1323538577200992256
1323584908779003904
1323666914246352896
1323670418406985733
1323578569008812033
1323534640850882560
1323647672629272576
1323560910888275968
1323594288429703170
1323686043737116673
1323688427490021380
1323753458395160576
1323758464489934850
1323552020251496449
1323616707320176641
1323735301597048837
1323760498341564417
1323558862843219968
1323570346449096704
1323640036101967875
1323425801107349504
1323526894952849408
1323729543463641089
1323510473740963840
1323727864836038664
1323639327751131143
1323629437137657857
1323641877661425664
1323543697833734144
1323573276459913216
1323589176625897473
1323530468441149441
1323491010094182400
1323713695831216128
1323706260517199873
1323663048788369413
1323682823761518592
1323750876947820555
1323650132580143104
1323748482608472067
1323543170404274177
1323565319592513536
1323532538187567105
1323588556913336320
1323755926860562437
1323694649710706691
1323538041542160384
1323475084728815622
1323629741090496515
1323530856858853377
1323708416611811329
1323475036351680513
1323573646372208642
1323625982411051009
1323744923145904129
1323550112023531520
1323751764353495046
1323743847038570497
1323630684167131137
1323755214399107072
1323697926846164993
1323657497882824704
1323511266288259072
1323606200316022784
1323635451324997633
1323649816593879040
1323543087499694081
1323653546898870275
1323530134587121669
1323517289707106304
1323767423024177152
1323590992151355392
1323741579258068995
1323510023033683968
1323690836199170050
1323621415032135683
1323662554367991809
1323585942637158400
1323690446229569536
1323688670856155137
1323518939196989440
1323549540465725442
1323506043440275456
1323617941527633921
1323768356021899265
1323589147039354880
1323633795057274880
1323700565814218755
1323762911345434625
1323502264842129408
1323668565967409152
1323621817278410753
1323616999692525569
1323612587855171590
1323570212030001159
1323664138267250694
1323511785605967872
1323743228101828615
1323550188003155968
1323558386936487937
1323664657568178184
1323602867333246976
1323619898707320835
1323717584659738624
1323608593812344833
1323546518201241600
1323644401025953792
1323655308732977160
1323686753190973441
1323564385256808448
1323658448387641345
1323660858640261123
1323705088469291010
1323589344695824387
1323582352916959233
1323677500308918275
1323765603866464265
1323668483620675592
1323537959644209152
1323493129614467073
1323633174338035712
1323681993914200066
1323418565249257477
1323588232970412037
1323746029112610824
1323513445808046081
1323734071315439617
1323537269047873541
1323573171971305479
1323644676780548097
1323667344242155520
1323712661469700101
1323623225134211078
1323554660372893696
1323607021229400065
1323701720187310081
1323695478836498434
1323754087683444737
1323620149459668993
1323688373773545474
1323510462970036226
1323592688432779265
1323754622956281862
1323724152390430722
1323674753044021249
1323740822735605763
1323537489886433283
1323757036576870400
1323742731974397955
1323684639643488256
1323527903305498624
1323742194436575237
1323736372017041411
1323556767570210822
1323716469910286338
1323683229107408896
1323699688374210560
1323561130262962176
1323550345629442049
1323760441407975424
1323534625420050432
1323716976095698950
1323629549347840000
1323626113818648577
1323695124195479553
1323631874196066305
1323528843081244673
1323701277201698817
1323707974750294021
1323604934999347201
1323684529433944064
1323542120385421312
1323754960132210690
1323624489943531520
1323508320515379200
1323550030121390083
1323612751344914432
1323678720264228866
1323742532577251329
1323552082062958598
1323511567825195008
1323565010296201223
1323751238316531712
1323603496269160449
1323689608278876166
1323662364055654401
1323708537130897408
1323727328598462468
1323711033500962816
1323693848711802880
1323673175226347521
1323557044595625984
1323643455571152896
1323538395415588864
1323639644823654407
1323620175934095361
1323643742230818816
1323741392598945792
1323751165121728523
1323735549878951936
1323753243827195916
1323718445440081922
1323570169910878208
1323570615014608896
1323538239022632961
1323702799864127489
1323573743373946880
1323657908584910849
1323518213959856129
1323675531120967680
1323554328095956992
1323675982176374784
1323707565142904834
1323557113013161984
1323557267007066113
1323645281762762755
1323536711733989384
1323750949857406977
1323741351826042888
1323589997136666624
1323674323903746049
1323640894038462464
1323692242050174976
1323506705293053952
1323669631643619329
1323692292595744770
1323562754414968832
1323764070470754304
1323770611932499968
1323679944950587395
1323497402788098050
1323538373882089474
1323587062302445568
1323775300677865477
1323563621360820224
1323737563597864960
1323773260861984769
1323641274084319232
1323673889751314432
1323653288089313280
1323690006419017731
1323620913305235460
1323628343703556096
1323538485161218050
1323648161907429382
1323632829562081281
1323714353804333063
1323741309627035648
1323442520731377672
1323573247477194752
1323527036347056129
1323608647608532993
1323695574403731457
1323717911660404737
1323700430954778629
1323599099673849856
1323541427222159360
1323672560165335040
1323582067549081600
1323567642628759553
1323661603670208514
1323519934043967489
1323640299558785026
1323552462008160256
1323723784654884865
1323563124067356672
1323528704283299840
1323726038350909440
1323664250058006529
1323519205564702720
1323699777524158465
1323469212904493056
1323541685993906176
1323663571897798657
1323565391487094784
1323705641999892480
1323574775843901441
1323641482012692481
1323613602654420992
1323586491008909314
1323693304458977280
1323553787114627073
1323682815532273664
1323569986380664832
1323667155376898048
1323706537936904192
1323570679611084800
1323705898381025282
1323745496821862400
1323596719981010945
1323516463035092993
1323539906640154624
1323599503384072193
1323624967720882176
1323620914769133568
1323696829389832192
1323558625730826240
1323697984710860802
1323564403309117440
1323702112681865216
1323489057863802880
1323727335259099136
1323679593329434626
1323542503191126017
1323601989394223104
1323505877056430080
1323771579688509446
1323609089725943808
1323637020158238721
1323731220828721158
1323617022887034881
1323575231630450688
1323529952675979264
1323701349972905984
1323595574302724097
1323599680152940545
1323691415369646083
1323539196783562753
1323697682943221760
1323618445238407168
1323443788581392384
1323654532971331586
1323578947242700800
1323511922696851456
1323607896257605632
1323523485646422016
1323594391169236993
1323686630822047744
1323594965071650817
1323555072370974722
1323645812652548101
1323638873822535680
1323633306785775616
1323599578227187712
1323725670279688194
1323695663041970176
1323566772390400000
1323596521514946560
1323609760218972163
1323557314188759040
1323564765063618562
1323621264922206213
1323692976426618881
1323622019292946433
1323739268859252741
1323674651478904833
1323505710089576448
1323635985062776832
1323565124792320000
1323623191982546945
1323742390868430849
1323666500390146049
1323501526325858305
1323703910968811521
1323754289060339713
1323652734256644097
1323532601492152323
1323633145384734720
1323617676393140230
1323538708679872513
1323611763976392704
1323676365313421324
1323655913824231431
1323643391180181505
1323624024044351488
1323624479084449793
1323606051770585089
1323549736830410753
1323692515145486336
1323701085027082241
1323610678184333312
1323669407793618944
1323519300813074433
1323631165392248832
1323584982137425922
1323725250819956737
1323545622561976320
1323744361662873601
1323704138316861441
1323535625165950976
1323664724777705472
1323566219333611521
1323566925658624001
1323605405386375168
1323600876175581186
1323610518742044684
1323615747311046656
1323559078535307265
1323596043330719744
1323663508668633092
1323740159515545600
1323654270852468736
1323480229202022400
1323684287678418945
1323584386244268032
1323650607861956609
1323536305972744192
1323667342337912833
1323513965679435777
1323675442277191681
1323615863925334016
1323693686169997312
1323662825756217349
1323638694084050944
1323577700678848512
1323656002559004675
1323500711758516224
1323723165315588096
1323642028123672576
1323731092579508224
1323528397058908161
1323728810714562562
1323665965146644480
1323691681196265474
1323491011386134529
1323510617387520001
1323560413078933504
1323529811483152384
1323737080892186627
1323764797817708544
1323722225929850881
1323684218111754243
1323596573188739075
1323573257925263360
1323662265669832704
1323592229492035584
1323642857240997890
1323619763357175809
1323673847065989122
1323667959701798913
1323629091959021570
1323493845884174337
1323597748810194946
1323547849003597824
1323603553299111936
1323653135831830534
1323689547817984000
1323669711456972802
1323637618798678016
1323565661847719936
1323627239951519744
1323597999394705408
1323693969931440128
1323509324455563264
1323559785145446400
1323605926599950338
1323647208835731458
1323651193562910722
1323623425248792577
1323522045854937088
1323768204435574785
1323744360316489732
1323558293386788864
1323643659594747904
1323693450680848384
1323539103183417344
1323606744023662594
1323660614594629632
1323682178400718849
1323571119325016064
1323518605284302849
1323723869233041413
1323708627648188420
1323775518920069120
1323538346539450370
1323588952989880320
1323541697905786881
1323508881742581760
1323712061025771529
1323572542402121730
1323579345617801217
1323690495378362368
1323731317448650754
1323603410675998720
1323542854166286336
1323645988783927297
1323653784996843522
1323620234721431552
1323546074989080576
1323619776883773440
1323706495557652482
1323739725723799552
1323554268373200896
1323542467740864513
1323626951228166144
1323557811209543681
1323606799656849408
1323530217000964097
1323634615333126147
1323749426037477377
1323726615617196036
1323706295875194887
1323649592886464512
1323715140928344069
1323657621983924226
1323544931693219840
1323554282541559808
1323638410125430784
1323703916870193159
1323611869567946753
1323703674665914369
1323554229320036355
1323571004342415360
1323633059607040002
1323506036309921793
1323594400811933697
1323566148265365506
1323557510960263168
1323580610213011458
1323516595608653824
1323654283712233472
1323657558821842944
1323537700021030912
1323746997854240768
1323573799963545600
1323660057402347521
1323629838696124416
1323684907562995718
1323555657916817408
1323569745556312064
1323584546235887616
1323660104080773120
1323737536678776832
1323682931869544448
1323689370352865282
1323632826512789505
1323534295269625857
1323629504389066753
1323685040866381825
1323692478390767617
1323720308315086849
1323757036346245139
1323541931876585472
1323431316470206464
1323584311862398976
1323541766369349632
1323527288475029504
1323722369450520576
1323724004738453506
1323644751392968704
1323563215998124032
1323628180360540160
1323636849022279682
1323723563271159810
1323637314762014722
1323686869972955137
1323741842974887936
1323495031320252417
1323687566474924035
1323557690304565250
1323701276853587968
1323593756633870336
1323554141797580800
1323751266288283648
1323551777006985219
1323539880236982272
1323706088798212102
1323689015393079296
1323663903084191745
1323638657396465666
1323650713717772290
1323468065674268673
1323542735291326465
1323627710736928775
1323696482952904705
1323431106511835137
1323620989532545024
1323650103308099584
1323646202521489409
1323703750842851328
1323652025922560000
1323667875496951808
1323770647915495426
1323672323313012738
1323749385285545991
1323664288117100544
