1322990186343649281
1322814671930429440
1322961686073085952
1323005079759298561
1323015976330371072
1322867062507773958
1323000026415714312
1322952619233583106
1323001442303725568
1322967231937105930
1323021722266832896
1322837747850268673
1322807198083416064
1322955428398026752
1322915690639200256
1322887628606287878
1322984755093262345
1322946509315493889
1323030400277557249
1322734296835235842
1322876369517350912
1322926771084341249
1323006889945407490
1322934397402779649
1322752704951783425
1322742396795424768
1323007018270076936
1322861331901538306
1323041688399601670
1322873533572239364
1322923200901238784
1322970636180926467
1322968669064962059
1322832789352386567
1323008162543390721
1322796861665746946
1322734778114805760
1322994248397004801
1322855948084514816
1323011893544603648
1322983083507916800
1322850133030174720
1322945885387575299
1322916707749531649
1322845872351252480
1322821233994616834
1322852392195493892
1322855344989720576
1322706514113634304
1322848175548497922
1322869646199050240
1322850132157702145
1322868946337439745
1322948350946271232
1322917301289627650
1322994620834435073
1322694885246439427
1322956927115157506
1322865450452221961
1322800608995348480
1322952053342326784
1322812501877280769
1322840519043670017
1323005600532439040
1322837108629950468
1322994778024349696
1322922685542916097
1323007225384837123
1322834464028897286
1322897314571235329
1323004585464766464
1322950136457289729
1322988804936994816
1322968500386881537
1322987908534513664
1322888948633505792
1322972792808214531
1322876845587648512
1322829204308828161
1322716425375666177
1323043093902446594
1322712823982624773
1323035661386031106
1322984204435640321
1322989405594935302
1323003982458085378
1322888347568775169
1322934715347800064
1322811725406752768
1322776454724227073
1322915936471535617
1322873508817522695
1322922027100024835
1322999949257285635
1322806447734968321
1322791727338500096
1322989330017734660
1322939942415310849
1322916557413093379
1322875128313761793
1322787329636028418
1322984091650826240
1322950824906153984
1322814236851142657
1322933001303531531
1322825502923673600
1322898619939328009
1322773208265871360
1323031466419343364
1322890831234240513
1322885548067987456
1322924052936380417
1322845441185226754
1322984088739995650
1322871309198598146
1322989782214074371
1322891161175031809
1322830491331010566
1322854414340804609
1322864546424492032
1322933171210604544
1323007840643145729
1322907738964430849
1322862708283252737
1322923484763328514
1323036125657780225
1322887407218339840
1322917562041180160
1322762576162365441
1323001619525586944
1322896840405229570
1322996796281466883
1322959906023026696
1322917141788696576
1322821973781540873
1322741098704502785
1322828068734537729
1322708512108138496
1323051665923186688
1322931476896296963
1322949182978695175
1322886713153331209
1323025669253697541
1322960296357625856
1322904302420185088
1322831412618297345
1323010449579909122
1322982580728324102
1322825645437706240
1322804605508636673
1322974236256993288
1322729762683539456
1322987622675996672
1322903102727639042
1322980999513272320
1322892080927170561
1322865239466090496
1322864177640361984
1322908746956288001
1322799344052043776
1322987700178296833
1322960398572802049
1322878108257701888
1322917466830524416
1322912984767877121
1322861348074758148
1322846105453907973
1322873252289613825
1322929822184648705
1322811169208500224
1322956136551690243
1322973126406406146
1322798978317115392
1322886503522095105
1323022462146252801
1322864856010280960
1322990778596102145
1322968496318328835
1322926849752764427
1322877968146976769
1322928949555548160
1322838185626447872
1322798719788556288
1322964209206964224
1322976904207572993
1322890686224543744
1322889367699030019
1322821238427914242
1322952353784438785
1322929817348689920
1322923800955113474
1323040552955293706
1323008516072873985
1322811308035739648
1322881727199588353
1322842503033344000
1322901860500545537
1323048952598585347
1322895734224670722
1322910493971894272
1322884349608472576
1322965275411681281
1322963680150102022
1322995825132380166
1322876990773465089
1322952915406016513
1322848631158951936
1322917454990004224
1323009003945971714
1322988173518098432
1322854084832088065
1323046825486618625
1322891692194877440
1322843909115039744
1322932961646383104
1322813495675674624
1322811764665438208
1322827750865063945
1322841646602571778
1322866457945001985
1323009835848339462
1322947443009486855
1322799366701285376
1323032475870896133
1322956037637496834
1322961242160586752
1323022269971652609
1322736518834855936
1322757822132736001
1322987631169441805
1322861038426038273
1322882656309256197
1322914651278053377
1323019027950772226
1322939423407955968
1322856829311950851
1322849075641884677
1322783114184282112
1322992493076664323
1322883258791723010
1322906249940422656
1322844135129272320
1322942077517312008
1322816100153909253
1322953996303273984
1322983146921611265
1322805316304723968
1322781822837788672
1322824580013215744
1323022357997490176
1322976755162910721
1322836040789434368
1322867457539846145
1322890339645087744
1322786002872782849
1322905397884276740
1322840433295265792
1323000536359145475
1322926965133844480
1322884105499979776
1322949628988399621
1323039032465567745
1322990138255921152
1322923217523277824
1322975677998632969
1322872315340836866
1322890972842393600
1322994033636085761
1322858907388227585
1322898067176173569
1322927704530997251
1322975046265163777
1322871247122931713
1322899030825930754
1322733289912885248
1322980415162978304
1322805061290991616
1322807419160985601
1323000308189044742
1323026449444573186
1322963689817935875
1322803106372005888
1322807668105465862
1322987789005299712
1322782821681954824
1322902785717927937
1322856338825879554
1322967130334240770
1322883663298777093
1322826033012367360
1322903102169751553
1322951009728188418
1322994132370030592
1322707852344074242
1322918449211846659
1322860099199770624
1322848022074675201
1322848494940540928
1322839623773560833
1322971569078099971
1322989896068485120
1322901419150790659
1322860461898010624
1322982612995112962
1322894286313181194
1322973922376192003
1322945819654393862
1322844181358907392
1322825072466448385
1322816228348563456
1322981967059656705
1322985374235414532
1322804020906512385
1322901975101513728
1323004756755927041
1322908151419686912
1322951992768143363
1322856779160707072
1322918716980580352
1322983549214085123
1322993024318742528
1322910429354561536
1322858121564401664
1322852140151427077
1322846595008876547
1322912804781916162
1322971221022179332
1322944134139838464
1322831957605175298
1322859325690417168
1322903639162298371
1322916317373079552
1322921652615786496
1322936175552831488
1322835478052220928
1322802945952567301
1322977140216836096
1322728204143153152
1322901941278646273
1322840269138632705
1322805413465726976
1322827679415078914
1322823556934311937
1322847928885649411
1322921520063303680
1322867692324487168
1322905829864017921
1322827251944181760
1322815462430904320
1322958631986487298
1322988892962914311
1322998827310338055
1323008131899805697
1322992911529713664
1322952787878047745
1322907899832733701
1322850537067499520
1322813660205621248
1322989156834881536
1322897574865620995
1322830871615934465
1322709444594196486
1323008393850880000
1322825262300614656
1322864302223695872
1322990191523422208
1322929114702118918
1322901628912107520
1322976361049427969
1322981653283786754
1322964639739772934
1322930646172508174
1322921158921113606
1322840632747085829
1322988118157463554
1322806084772515840
1322970035976052737
1322861783133073410
1323029330709123086
1322951858437165056
1322927290452451331
1322800938478874624
1322915701833781250
1322990334826209283
1322954638090448901
1323020519353028608
1322988617959116809
1322983146170843139
1322994850489372676
1322894628287336454
1322988692529651715
1322857202626023425
1323030425435070471
1323013784399716352
1322798348915658752
1322887393947590656
1322797443541536768
1323016840659034115
1322916896929439744
1322934767701164032
1322828141426073600
1322824074259767296
1322910593360289792
1322972042765967361
1322982055467167745
1322934875805110277
1322996047304687618
1322985490312761344
1323017210798002177
1322841686448459777
1322794861871988736
1322987967640645641
1322842748744093697
1322808278955470853
1322761592405135360
1322911126934487041
1323046219011293186
1322880510608183302
1322965250023559168
1322956687955943433
1322914741459783687
1323026078735228928
1322846888664727553
1322822976698523651
1322812680395251712
1322873833334972416
1322880475325730816
1322965988300615680
1322972038827593733
1322779342372560896
1322974477660098560
1322819330913034240
1322847884094672896
1322965244008910848
1322855707318902784
1322876220258869249
1322696355320598528
1322806216926490625
1322896322408665089
1322998974521987082
1322820032133562368
1322979329438109702
1322947154135142400
1322834485243748354
1323013332899606528
1322872024084172800
1322940264734990336
1322890741555863553
1322940343789232130
1322937227589177344
1322854219024683009
1322916304496611328
1322901466437218309
1322808216603004928
1322969753858854913
1322899791328718848
1322871298385731586
1322708996021755905
1322856625863090177
1322994625829883918
1322945289502793730
1322931694052249601
1323029059090206720
1322842294798716940
1322951811775537152
1322973467524898818
1323009850008346638
1323001870781132803
1322884004979367937
1322985697750503424
1322952368288337920
1322807089509683200
1322950000486305800
1322990089010642944
1322986564125888512
1322999972833480705
1322922790941589504
1322875125390364672
1322789262069301250
1322841235242057734
1322857404862730240
1322704114258743298
1322870012399550466
1322857876860403713
1322892775508107264
1322949684256800772
1322886738461818881
1322909959122788353
1322816384674521090
1323048469611819011
1322859383156592640
1322845474601291783
1322943542008971265
1322786728181178368
1323016968409108482
1322952872124887040
1322893979235614722
1322843215666548736
1322802395458449408
1323032888049344512
1323016998045970433
1322990769054121984
1322848939880730626
1322856988162797570
1322957073735364615
1322876630897954816
1322996611757342725
1322961646663442434
1322998838483968006
1322983756442075137
1323051750790713348
1322922345397444610
1322857010023567361
1322917315869114369
1322951639469301760
1322949944848908290
1322780192545394688
1322995956892291074
1323046584477732865
1322797421676711936
1322933553454342148
1322989399601283074
1323034787557363712
1322863517058375682
1322832024575610883
1322874804454756353
1322861526114537475
1322864647939215365
1322856754837917703
1322867318712639490
1322978763790077953
1322866836699009025
1322939950015414273
1323018471077236736
1322791256657899520
1322862056266178561
1322941565967372288
1323021909278248960
1322963622381891591
1322858089788416000
1322943799946039300
1322897892286320642
1322894060441526277
1322930296799547392
1322911542988386304
1322861778833940483
1322859468250644481
1322874541975195651
1322971152512372741
1322971600162050049
1322837979816185856
1322835223915208724
1322994518447267841
1322985347958059011
1322842426957041664
1322969296356757507
1322959026372681730
1322723819203760129
1323012602822381568
1322966413838110723
1322928113538469892
1322857074804576256
1322735340671696898
1322988732111310850
1322883701978636294
1323001169044713479
1323007490628423682
1322921517093658624
1322894871691206657
1322797298292871168
1322814074909052930
1322940085889912833
1322991275625353221
1322970716829077504
1322968083728867328
1322930185663139840
1322873577859883008
1322987956139937798
1322813443083276288
1322802443814666240
1322928411757682700
1322810367941160960
1323004421450747917
1322961728364306433
1322923783422939142
1322940308909379590
1322818819203780608
1322899695400853511
1323007953457319936
1323010755080474624
1322900630969733131
1322705459766317062
1322913811704254470
1322964084636160000
1322898011773689856
1322999423941697544
1323033000460886016
1322845997417025536
1322986742580973573
1322980418270932994
1322956258924703746
1322850045658566656
1322913925348970496
1322903565048991746
1322813895518674946
1322796676369780737
1322993787698819077
1322994269431488517
1322981727355240459
1322870534548398083
1322994390126702595
1323003095404761095
1322907654767992833
1322980795791876096
1323007136297869312
1322998711170060290
1322918834416816128
1322880235008872450
1322967870826029057
1322846939612893184
1322985991934779401
1322896886332870657
1322808404600070145
1322847672676601866
1322997653848891397
1322807323123961856
1322867704341155840
1322899198442917893
1322878062824951808
1323033844451364864
1323008660809883648
1322814497799720960
1322937230684495877
1322921066893856773
1322943691187769346
1322841734422892544
1322935912871960577
1322870873376890882
1322850822653415427
1322842054528040960
1323004975031660547
1322988842262142976
1322927972152758278
1323006579743010824
1322996085741309953
1322698055007801347
1322901579977076736
1322894369649807360
1322883255436267525
1322871540128583693
1322965071853686784
1322863815713837056
1322815090001924096
1322990798045089799
1322914488396484610
1322876610534625281
1322835291657310208
1322820019403841536
1322855968678567936
1322708965332029440
1322865964011134976
1322862117666590721
1323031163817123842
1322980666917662726
1323051863130910728
1322962418302148609
1322892147935293444
1322913465518968832
1322911222791053312
1322831606957150210
1322959813945511938
1322964791078588416
1322974109257601026
1322814378744401920
1322907883089076231
1323013058625765376
1322992952835215361
1322791872390201345
1323009576497750016
1322810072762851328
1322862301008044033
1322749487035478017
1322853535101390848
1322780839646793729
1323004397052416000
1322842592141332481
1323003491229573126
1322837485215469574
1322810033638440960
1322788609552887808
1322861762329399297
1322938454766997504
1322876385120178180
1322995276488069121
1322740212095688704
1322785262360006658
1322913909544681474
1322972488528203778
1322798480524517378
1322999192801943553
1322918882013777921
1322840985219444737
1322993901494521858
1322991211238535176
1322991255534665731
1322927763196583937
1322804825625645056
1322835228713517069
1322930783594651648
1322996985943724032
1322915013590454272
1322870257283928065
1323003090623189006
1323011823730384903
1322787998501654533
1323008329745129473
1322943233396297730
1323006799256104966
1322832813717073921
1322884844947472389
1322939487991812098
1322881147681079303
1323006636022239233
1322785435869941760
1322726300654731272
1322911080209817600
1322998532656214016
1322961721162686464
1323032200447619072
1323028455987052545
1322961444657397760
1322859038544187393
1322888302085758976
1322888845055172614
1322931386848808962
1323020500654804994
1323017940678201348
1322845617769582592
1322895836603392011
1322877031680516098
1322750441206149120
1322988112709124097
1322882316352499712
1322804996958752768
1322890033687388160
1322808783488405504
1322865712868839433
1322870105261432832
1322819841712136192
1322833769628340224
1322858344214892546
1323044441922428937
1322892923705446401
1322810778085400577
1322819353348345856
1323003106280509447
1322970643751673856
1322894328562438144
1323027995586666498
1323030715387289606
1322928677240406027
1322894572280778754
1322989187042336769
1322853146465570824
1322953978943033350
1322973690024337418
1322906708243599361
1322853931710636033
1322918523346292745
1322812220045205509
1322988444495286272
1322957541429706760
1322898102039269378
1322875027998482432
1322982397747539968
1322909871617069060
1322992409840701441
1323017949830066176
1322993332977631233
1323018782126886917
1322792400587284480
1322872830518829056
1323021076209782784
1322823399639556096
1322988662959820801
1322809941644713985
1322901869287690248
1323018434880458769
1322873867468234752
1322871600102912005
1323046993749487630
1322905385087520769
1322835115840577536
1322903251449225219
1322921310201221134
1322973025533415424
1322857394226012166
1323014417714393089
1322862568432611329
1322897358707974145
1322918889974571011
1322813498573934592
1322990133239517190
1322864623079563264
1322827706816409601
1322964203288879106
1322829249997381638
1322961798522351619
1322943220645613569
1322834385222225924
1322983209118978048
1323012021789593606
1322796778442248192
1322986875016093698
1322950758984278016
1323022827155574792
1322960762525175809
1322806598385999873
1322888789837127680
1322912602339631107
1322696340003033089
1322893462631600133
1322847690527571976
1323029559722364930
1322922719927697408
1322883018437046273
1322705845243813888
1322691399846924288
1322873263391973376
1322843155386015746
1322990228882280453
1323035821767905280
1322931937942622209
1322844940095885323
1322836560878993418
1322988536937750531
1322956235310845957
1322815899603210240
1322874704844279808
1322987782038560768
1322847619820015616
1322879800600645633
1322970947373146113
1322872760746561536
1322989954373476352
1322895731867426816
1322815566441336832
1322991041084035078
1322989352079761410
1322802308711788544
1323020588194156544
1322914668151775233
1322991357791752201
1322995713219899394
1322707596470558720
1322847754385850370
1322842137210327053
1322895238093017088
1322800675907112960
1322861189295230976
1322847019929665546
1322982793887043584
1322915641817530368
1322881838898126849
1322988427550334977
1322822684464599042
1322889338473111554
1322919318485573633
1323011391230562304
1322990296649576449
1322967679402213377
1323013984245764099
1322994454157021185
1322855760590786561
1323008942847389697
1322954213450752000
1322797770936328192
1322844791726612482
1323013539326500866
1323042323631144960
1322992715114700800
1322880947788959747
1322839598339362818
1322851242247397378
1322832200178507778
1322987376243810306
1322882185179877378
1323030798782652416
1322790576878768129
1322848992397565952
1322855196758843392
1322691832913035264
1322873255317938177
1322909423258505217
1322815866380128256
1322998389953433605
1322800646886739969
1322966252160167939
1322835542959161344
1323003973025079298
1322982663490338816
1322882188862496769
1322844275089035264
1322825470862381056
1322894537384222721
1322891440721199105
1322917619821957120
1322951529788174341
1322966253644976128
1322918829891166208
1323019766093721602
1322912728978247691
1322856012811018245
1322801744418623488
1322848577865969665
1323050941076115456
1323035641534439425
1322995545078697986
1323018622269272067
1322886993647460352
1322868888552570880
1322864251913068550
1323027960610410499
1323014932355555339
1323027370144636935
1322882584758620171
1322854717509292032
1323025247264714752
1322699691822374913
1322851788312219649
1322845560794206208
1322872588276768777
1322784222914949120
1322865954334904328
1322907744127619072
1322723928448577537
1322818561228836866
1322844267686088707
1322994068549472256
1323017292423323655
1322939005613334530
1322848865473757185
1322999187609407489
1322917577358823425
1322910162366201859
1322896799905030144
1322855489672224780
1322817376589647872
1323000430050365446
1322838876877107200
1322834753251364864
1322985251170361354
1322950353147617280
1322914665308004352
1322869112364814337
1322996877034475520
1322919014297985024
1322812494323290113
1322999817019285505
1322890762934276100
1322954483152945152
1322996764128010243
1322972784251883520
1322814259680731136
1322781533967699969
1323016679304138752
1323009068215185411
1323007357165707270
1322690740267425792
1322909213379743745
1322891037694722057
1322947566506594306
1322983061609455617
1322904794013511687
1322895715065094144
1322960002626314240
1322715444730617861
1323006481487273994
1322830624835670017
1322873251358494723
1322999264360976385
1322898694878973952
1322806724743598082
1322940403021041666
1322988204727951360
1322971177397198849
1322841836508094464
1322815004882669568
1322861099780288512
1322846687635869696
1322844908240195584
1322994803831984129
1322897359806803969
1322995151925661696
1322970466966011905
1322985299161600002
1322951915118972928
1322877877180878849
1322879186898427904
1322916969696448514
1323044886678044677
1322956972388483073
1322905169198239744
1322760264496787456
1322829459901337601
1322812813950287872
1322827998991687683
1322988438187057153
1323013913923997696
1322867991755804674
1322965794742034433
1322890732609429504
1322833104403374080
1322744188392321024
1322968054943436807
1323031069323595780
1323008043311910912
1322867323452227584
1323022157237145602
1322938865007665152
1322836170523529217
1322883171998982149
1322731399854567426
1322877541716267016
1322941403400462338
1322874543933980672
1322818734269095936
1322840884895981574
1322960814333153281
1322885716867715072
1322922670221107203
1322987957775749133
1323015557839523840
1322945028302475265
1322908768020168704
1322894062861639680
1322969715283763202
1323023831393570818
1323022503716048915
1322988726876803075
1323014198364934149
1322829416720904199
1322963882298773505
1322991561219756032
1322913853521465344
1322845836548673542
1323015483348713473
1322902809474465792
1322988364052766726
1322922482760929280
1322852057141956610
1322976499650252800
1323015071040180225
1322728695639912448
1322966064829968392
1322914680034263040
1322874417949585409
1322801382282399745
1322948288954421250
1322858010117607426
1322836806321266689
1322839352385425409
1322837834462613511
1322837899126198275
1323001054292828171
1322997360587382784
1322988090118590467
1322997231734149121
1322974014877454340
1322819299187302400
1322979247695290376
1323038243718373401
1322909751500558337
1323009280983896066
1322929306604101632
1322967475382870018
1322948706962911233
1322986002785382402
1322915738076794885
1322810674221821954
1322973815740211212
1322868306420838400
1322977835066265603
1322801185787707392
1322915790740443139
1322853271585902593
1322935348498935809
1322823683052871680
1322821548483465217
1322917681364951044
1322897457450229760
1322955588616310785
1322941945715503104
1322953889050693633
1322984701418766346
1322847106856554498
1322990001802616833
1323028953154637836
1322951729231597569
1322876117880082433
1322937006192791553
1322959869918519297
1322833446570463235
1322884492529459200
1322850028319313920
1322966254643269632
1322980235005120513
1322801540449685504
1322989884018184195
1323018989207986181
1322845123319836682
1322955238664523776
1322895415629533186
1322846405812277248
1322975738581164033
1323031638641647616
1322900855637610496
1322988029112438784
1322881938072371207
1322872700738686977
1322857099051880448
1322810634111606785
1322970773137596421
1322791943521378306
1322999027852578819
1322849540165292038
1322946781693575169
1322937078427066370
1322900123920326656
1322801390792691712
1322954941347094531
1322988477265416192
1322732313491480579
1323014903905591298
1322929857815347200
1322878374650531842
1322948640932061185
1322913480387792898
1322807429038526464
1322695936083218432
1322808879894482945
1322989199658799115
1322996433935601664
1322909238310699010
1322862069155303426
1322829659730575368
1322988278862270465
1322819305474527232
1323009979130007553
1323028366950309888
1322694468135432192
1322822386614489088
1322965263134920708
1322861620272517121
1322856695794642944
1322813280071680000
1322896229093834754
1322940899928743936
1322794501400834048
1322850627081437184
1322827718522785794
1323009393944875009
1322994666313261058
1322873254810439682
1322810487302725632
1322778149399240706
1322720401525526531
1322958034197504002
1322881636372013056
1322956748802711552
1322909522571063297
1322841818208358407
1322827303563468801
1322861286284251136
1322990788142354432
1322990956887592961
1322907407073370112
1322794230339768321
1322977913252306947
1322958573056516098
1322912205499674624
1323017059723337735
1322813356638654466
1322704560666923008
1322816815827980290
1323019503907840012
1322966312809877511
1322808186240466944
1322899741009653762
1323014478074679301
1322834625501212674
1322928079644352512
1323000690365661188
1322856953673109504
1322842793455353858
1322841916296302592
1322851318738857984
1322854238196768768
1322903453417590785
1322822521352294400
1322956617755856898
1322844144755265536
1322810068878921728
1322848867990327296
1322991585315950593
1322859607748976640
1323014240886730752
1322997680289861632
1323021301288751104
1323011516992573441
1322827479006941184
1322880293259325440
1322824773626417152
1322690758147792902
1322838064406929410
1323043732321718272
1322985511473106945
1323033243659182084
1322992441423732738
1322985395395715072
1322794630266654726
1322800504913776640
1322850153406078981
1322992882899365899
1322883839946084354
1322992949706264577
1322914981562720257
1322950353432813575
1323015764610342913
1322767996767641602
1322689824499916801
1322956697493798912
1322834728991547395
1322900940983279618
1322975828733558784
1322874941994422284
1322921928060010497
1322931892325437441
1322789999008514049
1323013026891681792
1322845457261932544
1322849839261122561
1322997048099115025
1322928551478382592
1322988165314105347
1323028606080176128
1322920757115211786
1322709070256709632
1322969236998860810
1322782576747159553
1323005244335366145
1322821930458750977
1323033971698077698
1322918514739523587
1322945717678313480
1322824421812428801
1322914880970723328
1322971676167016449
1322959470792790017
1322909976583655425
1322818247918526465
1322792905103364097
1322986157102243841
1322982654795522051
1323048117009264640
1322988342036828161
1322879807236001792
1323011746999787523
1322994636596588544
1322965711929692161
1322813202560942082
1322809582448771072
1322953406261153797
1322962225175384064
1323029289139359746
1322886279047118851
1323012519934513156
1322993303097401345
1322969220779573249
1322884902145171458
1322858694925819913
1322956166809460740
1322990328782168065
1322852951858257924
1322971708740063234
1322950346419904512
1322868727491252227
1322890904919748609
1322928612471955456
1322978197072470016
1322832663661731841
1323042624022917122
1322898050436767745
1322865233115947010
1322853708452007937
1322877182067224577
1322962470147948544
1322854844403720192
1322849204423827457
1322996660914528256
1323031501802508289
1322994646130315267
1322866484339683338
1322805949342588933
1322812336533573632
1323041679058866181
1322835679173316608
1322788557661097989
1322778396452130816
1322834190191284225
1323044704062181376
1322969116798554124
1322732816237580289
1323039836786380801
1322794141676437509
1322844602890653696
1322927407565864960
1322836874893942784
1322989908173139968
1322881725597437954
1322924392242884619
1322869938416177152
1322925125180788736
1322989595118706690
1322839467011543041
1322695968740048896
1322814276298559490
1322995827191750656
1322984613166391300
1322966254156763138
1322841917953056768
1322910429652361217
1322887810140020736
1322836333333762048
1322817967957200896
1322957694001700864
1322868651700166667
1322961215015047169
1322892755882881032
1323001554031562752
1323013582775324681
1322869125237137413
1322893045369610240
1322737396597858305
1322836916484661249
1322904167455883264
1322841653149863936
1322894874505564161
1322989769203265536
1322988644026753024
1322970037536305152
1323021173526024197
1322783373434212353
1322863609547022339
1322865278267629578
1322914731645112320
1322834076429070342
1322844589330440193
1322997644726251531
1322996337554710534
1322890026145992707
1322992579743535108
1322883685532786689
1323041325839720448
1322896275419897858
1322880590912364544
1322839023572930561
1322910585248489478
1322714118508453889
1322997458335653889
1322926728927416322
1322776100959887363
1322823458082988033
1322987783732998144
1322966494549024778
1323003416445100034
1322959501214056448
1322844154465058829
1322846521864368129
1322969207752056835
1323009200973320192
1322953945506025473
1322850841884319744
1322999756713582596
1322810915734126592
1322897885516713999
1323023403687780352
1322900778332422146
1322854938989481986
1322763602483466243
1322842124153430016
1323014439830999043
1322955980293001217
1322855334931779584
1322739789225930757
1322874683671400449
1323017195203502080
1322998191340609552
1322815989759774724
1322957313477615623
1322870738118987776
1322837248870617089
1322877461521195008
1322988479131901958
1322961828406829059
1322918151739367424
1322859233117982721
1322971126524465152
1322936250886721540
1322986424463990784
1323022171329990656
1323003003301974025
1322989425089982464
1322874543468412928
1322951206726213633
1322890551792947200
1322836412291534848
1322856108986433538
1322802855624036353
1322915335184502784
1322842019392356357
1322876788733808644
1322963470103453696
1322809093279678464
1322914492611780608
1322870192528121858
1322873266227302400
1322966341691867143
1322896518219780097
1322940613629759489
1322953392084471809
1322824710862897152
1322864435262820352
1322946112408506368
1323021539751743489
1322989136387674121
1322872506617835523
1323029635920236544
1323006377296613381
1322860169672323072
1322765814710370305
1322916481651396609
1322991791533133824
1322908058444533760
1322708307128262657
1322868371524853760
1322858408664571905
1323040654486884352
1322952687185465353
1322830307154894849
1322898558484385792
1323015857967140864
1322930289304285184
1322853804434432001
1322830543650803719
1322921171982176256
1322824903322685440
1322944654313246720
1322796233338114050
1322998045999534080
1322912360991019014
1322870706036707329
1322990600677920771
1322883039043723270
1322921538765684737
1323041634813202445
1322986756329906178
1322885348687577088
1322998563618623488
1322694666022768640
1322946563258408962
1322992137890336770
1322872947338600448
1322813236215975939
1322843615484366849
1323020085351559169
1322816947906617344
1322969238865367040
1322960750634246144
1322932134047326214
1322703810675048449
1322893705158791170
1322995556818571268
1322889890497966084
1322805514812575744
1322784935166562304
1322788055074426881
1322977388737843200
1322870986849636352
1322792811285094400
1322835149805989888
1322901974321299460
1322840558243581953
1322988208486031367
1322987177207386124
1322826821856092161
1323036958403235844
1322986842451513344
1322824499998457857
1322693857033834502
1322828722706255872
1322868202771271685
1323047221504417792
1322978379801440257
1322902267452936193
1322857181050490884
1322790071741911040
1322861961323945986
1322848731520184320
1322830215500992514
1322857736485380097
1322845198624448512
1322872464276393986
1322804256093609984
1322955536141266946
1322868424356278275
1322934713808543744
1322926453063901185
1322976412232548354
1322884095320481797
1323009517660098562
1322842309571039233
1322896626252468228
1322785467599855616
1322884242481815553
1322899064409772032
1322784966045028352
1322815963037868033
1322831772133003270
1322884615649005571
1322857445534871552
1322950378925789186
1322919446416138241
1323001089873104897
1322988291541663749
1322979622036885504
1323003609395679234
1322941220725940226
1322882647635468290
1322966253158486016
1322821376995172352
1322791488246419456
1322992428337537027
1322866007086682113
1322724493417218048
1322843895194132482
1322734991671992322
1322901025582391299
1322815929600954368
1322821099365740545
1323012950173646849
1322867303218905088
1322970913286033408
1322866276222554112
1322837576919797760
1322960953563119618
1322899788610895872
1323029283510648843
1322833382770966530
1322713857710870528
1322976741254680576
1322692339467505664
1323006586118352897
1322849211147296786
1322815867869188098
1322840317117276165
1322896721370882048
1322814413498388482
1322911144261156865
1322809549171150848
1322845069402083328
1322817530411569154
1323032255682498565
1322878438361821184
1322867835698352129
1323016638246146048
1322878575159189504
1322876042047115269
1322975845074481159
1323003611115360260
1323001735019974661
1322968757501911041
1322994428311732227
1322802869452611584
1322912810247094278
1322876482516111361
1322834894817558528
1322798190735859713
1322987852603469825
1323024208046264320
1322785972728307712
1322722462262579201
1323004084174073857
1322896374715867147
1322795915976056832
1322981815657877513
1322970607705825281
1322915908516487168
1322808515656847361
1322938711655378944
1322816893418438657
1322988549902315525
1322943239138222083
1322883611377438720
1322973862812741632
1322790459274649600
1322879510954577921
1322797894135676928
1322953157509586960
1322870826794967041
1322979205404073984
1323051794155642882
1322875374368366593
1322938648623521793
1323001365199790083
1322913646679334912
1322896835120406533
1322827922831454208
1322812013727416321
1323030828427956227
1322822127138070533
1322970092712398848
1322893278916784132
1323010242423279616
1322946338821165057
1322854116331298818
1322899366340923393
1322987844424638466
1322883491974029312
1322809882811183104
1322856143027404800
1323007883605401605
1322938267499663360
1322843033059078144
1322965273264214018
1322827855038881792
1322818848404443136
1322833158350536705
1322974341210976256
1322826345081167873
1323022943396499456
1322826601050959873
1322988223396761604
1322885494229917702
1322845181234786305
1322873818701058049
1322693545766146051
1322999965011087362
1322860249292935176
1322836246327103488
1322935716360409088
1322795989665800194
1322941446568267783
1323005092283502595
1322912459636748289
1323023922342686721
1322854340428779520
1322835897813995520
1322997777513807874
1322970114011078657
1322998480269385728
1322849943586033664
1322914434910736390
1322961263866056710
1322837544673910796
1323005283480862725
1322997089673138176
1322994334216716289
1322969506457788417
1322929343283253250
1322922944943849472
1322911731342082052
1323011588337512448
1323004760937635842
1322879883710705664
1322979552251973633
1322874542470168577
1323004623448346626
1322964440644489221
1322834611035131904
1322904860136820736
1322971308267851777
1322862191612145664
1322803717226270721
1322821788854792192
1322788632462282754
1322815055772176385
1322999418715623427
1322835965006827520
1322974177582813187
1322877959880015874
1322807789836787712
1322872628026216450
1322899919808679936
1323046286313086992
1322907023541981191
1322916651495575552
1322874547712991232
1322950263884361728
1322892290906533888
1322825829366288384
1322879127947542531
1322820627523231750
1323027194952777732
1322887229849669633
1322940900004237312
1323020889366138886
1322894159427022858
1322864540388904960
1323014324143693825
1322920633714573314
1322805688658255872
1322993797052190726
1322802207121657856
1322856151533453312
1322968969624604674
1322835356874661888
1322852840449126405
1322788151904079873
1322910201536720907
1322970210010341377
1322844347541319681
1322844776794935302
1322903528478789632
1322958852380413960
1322745697091776517
1322817914777554944
1323024565665189888
1323030126439915527
1323032751289880577
1322929146742321158
1322848770695041024
1322956453150400514
1322990456184197120
1322906812941766658
1322799419788505088
1322875561828589569
1322930974133465088
1323012290673889281
1322726747897552897
1322926838524555264
1322866614698713097
1322851526998740992
1322766847457038336
1323050501953490944
1323013840918007809
1322846885858713600
1322818159020109824
1322802744789475329
1322891552142823425
1323004102788395011
1322932255451418624
1322873073737977856
1323038181055496192
1322895168400445440
1322823984359055361
1322795983286214659
1323024197136928777
1322988393702240267
1322977353178533888
1322992493638668296
1322976739904098310
1322863404177084416
1322925873637543939
1322864749298810894
1322912424245235714
1323023222753943555
1322810911594291200
1322941772306284545
1322915047862095877
1322893316724264960
1322883406435389440
1322895208451842048
1322871616062267393
1323016860233797633
1322917502909861893
1322899856751550476
1322893665807880194
1322802065161281536
1322786625567576064
1322973608373817346
1322952773047078913
1322882749108232193
1322848413336150017
1322922715704102915
1322900301775601667
1322740283143000066
1323016939875258369
1322956023657803779
1322989124438163457
1322993002336444416
1322987907733475334
1322964354199887873
1322800699214827520
1322905411280916480
1322836245207261186
1322960761111695360
1322888374676557832
1322889903538143232
1322978714783797251
1322897676325847041
1322978337317392385
1322803073669124098
1322876723906707456
1322862106472042496
1322815901113196547
1322813561840828416
1322783220639932418
1322793378048860160
1322790787869036545
1322995489797820416
1322874418750754816
1322855856338280450
1322814151257980928
1322870667675656193
1322891964732289025
1322969899115925505
1322787059241803776
1322697102095491074
1322982582145994756
1322799673556537344
1322827884390731776
1322908784633745410
1322841157039251459
1322809620222615552
1322780379691057158
1322927366625234945
1322992649134067715
1322913321515974659
1322977128921661441
1323035613508046848
1322896445972819968
1322898114752270336
1322857035722051584
1322850706357997570
1323004078683758594
1322952306816634884
1322952786305146881
1322819674397200384
1323007964559585281
1322980743820300288
1322996819241144326
1322836704374493184
1322999955787862018
1322864090637914112
1322858117009444864
1322821303829712896
1322815651103166465
1322821772769660928
1323015146902609922
1322991839767572489
1322911412696588289
1322846071790489601
1322935043657027585
1322925505826459649
1322994124161732608
1323033953322885129
1322898838265450498
1322921013462663169
1322883447845773312
1323010764844707843
1322992263543300106
1322895749361864705
1322989000211210251
1322887584939466752
1322854078481915904
1322926912046567436
1322812549520334849
1322997323664920576
1322988218355240960
1322836586430713857
1322835051365748738
1322976433187291138
1322958720821829632
1322826151463657475
1322952329788854274
1322809159222439937
1322959295797960704
1322988723336785933
1322859823034224641
1322958183938359296
1322962948290158597
1322894421080367104
1322755347585654784
1322837632251006976
1323021077199659010
1322809122782404614
1322944072647147522
1322972318377889793
1322704088610545664
1323000179692363782
1322872355618725888
1322996789700661249
1322809080516354051
1322852289477025793
1322992735431917568
1323011018004570113
1322994691235827712
1322844090984210437
1322847286876135425
1322690040020013056
1323032435806904323
1322821424155942913
1322802856475435008
1322941876937347079
1322908803373834241
1322848236412018688
1323000070917263362
1322828302734839808
1322821691408551936
1322774672706994176
1322787001347788800
1322952789413175297
1322973351523082257
1322893167398707206
1322999896425844751
1322691633511542784
1322696490817519616
1322911695963148288
1322909662254084096
1322859080000688128
1322995792207138825
1322956751679983617
1322856992784982016
1322832603804770306
1322779879117627392
1322834519309901824
1322797660374507520
1322895127325691904
1322992553122320388
1322841342381330433
1322961780134600708
1322833644256436224
1323016927351050240
1323031477060313090
1322989449270185984
1322887974028267520
1322815894473658368
1322727345057337345
1322844278796787714
1322857837731713024
1322860637303746560
1322863548293406722
1322901315564036103
1322860556576002049
1322819820954464256
1322918364986155008
1322828814825758721
1322933048715989003
1322825594682318848
1322996964796047361
1322987030834515987
1322973972926025730
1322952608642981889
1322910982952357890
1322875929316741122
1322820988573229056
1322895485913411595
1322883377117204481
1322970668984602631
1322888788943667200
1322926075190648832
1322983759738712064
1323038995878715398
1322892163408154624
1322979308244258821
1322945991205683201
1322938670668779520
1322951962632036352
1322882611308617728
1322927475006017537
1322882217505398791
1322797646915002370
1322858586419200006
1322988363520069633
1322845987770114048
1323028135189819394
1322937810370875393
1322890674094694406
1323001479754665994
1323011247097454594
1322997103149416448
1322859750648930304
1322884221560565760
1322976528829980673
1322968635783208960
1322989573912350722
1322841857949315073
1322806728371720192
1323023532272615424
1322958843316441093
1322989592627322881
1322938781520023555
1322823898296188929
1322804030805024768
1322956665239592960
1322863678190997506
1322991355119964160
1322958881203621893
1322917079268380673
1322710314375327744
1322827704622845952
1322884370529734657
1322846302565240833
1322811853182033920
1322939163604299776
1322920769433804802
1322798171794362368
1323045118291619840
1322820796985888768
1323002661382270976
1323031799426154498
1322880876368269312
1322780825495216128
1322990918492966914
1322932454571868161
1322848131717959680
1323026086859624455
1322972791650615296
1322958471973797891
1322899205636186114
1322995585167761409
1322894274262872064
1322849988544811009
1322988090772914178
1322919485108555779
1322893386358132745
1322868069337866240
1322843829951746048
1322842461341917189
1322787513875005442
1322890023683919872
1322914952613711874
1322865227508129794
1322952886570110977
1322850271781965828
1322853026282065933
1322928655966838784
1322993302694699009
1322839118410375168
1322980926121562113
1322919467924492291
1322806071342338055
1322980836564705280
1322946754459951104
1322988235262431232
1322917456801865729
1322835750526869510
1322993481594376194
1322863841764614145
1322811870894559232
1322805099706621952
1322996144167858176
1322979204137422856
1322803109773692928
1322969088377950216
1322883678733815810
1322697027780792320
1322815461072003073
1323003514587652099
1322971461435289600
1322809068768079872
1322969711102038016
1322844325500362752
1322800146795663360
1322954117900369921
1323011970681999360
1322909806630490114
1323019116823937024
1322855943118475264
1322868963475415044
1322939760470642688
1322993953625509888
1322884761262690312
1322697745044557830
1322777929785446400
1323027130649817088
1322773782180859904
1322942728100085766
1322792831874977793
1322942158844891137
1322878778033512449
1322930826980532225
1322952785181122560
1322796723228594178
1323030498780786689
1323009635884929029
1322995485670596609
1323006989140676610
1322872346781339649
1322898766136037376
1322866678405935105
1322923365871587330
1322871963380076546
1323002025823621123
1322850194271121408
1322830418132017157
1322801006778920961
1322811612236075010
1322849920207015937
1322994397303214086
1322901851013025794
1323019357581156352
1322693179230064641
1322734300748546049
1322843229822291969
1323030132672573440
1322779446395490304
1323048868934750210
1322807291029168133
1323007139032555520
1322912724834226177
1322993981542801408
1322836251746193409
1322821011037978626
1322949375837016064
1322865042354851840
1322972405258690562
1322783029958422528
1322824541928902656
1322816064938455040
1322937663645691905
1322866409702121478
1322826111638790144
1322815662817988608
1322935473766096896
1322757801173766144
1322894357343731718
1322797539071041536
1322842225521364993
1323003750034931713
1322850538489323521
1322980486218731526
1322858554794168320
1322887946886881280
1322895010182909952
1322813830997680128
1322952950810107904
1322810837514506241
1323000037455077380
1322996130712530948
1322997749957201927
1322821236431462402
1322906079932698624
1322709674492350464
1322959175517876224
1322990411351285760
1322836682509606912
1322988443551629312
1322915630434181121
1322895080345292803
1322987885600088065
1322887609186660354
1322912974965792769
1322918826867073026
1322880972371755008
1322889021593329668
1322818250909114368
1322993945123737600
1322844285142736897
1322987929275346945
1322992962238906370
1322863159003254784
1322881794983763968
1322780813658869765
1322892131908767745
1322997625315090433
1322938246150672390
1322859194249338881
1322836919819128832
1322838087802769418
1322812242832838656
1322800942501289984
1322962814634438658
1322893195412443136
1322698298243821568
1322878226549641216
1322977341514141697
1322988049073082374
1322851177206304768
1322970608167247874
1322803852270280704
1323044756893569026
1322924244494438405
1322875811314176000
1322991479036530690
1322933695658053632
1322901002908028928
1322966226415603722
1322944248392622080
1322995596567945219
1323000823908061184
1322845620437196806
1322985664799977480
1322716490894876673
1322987946824343555
1323002802654904320
1322988991487029252
1322881450069397506
1322791088357318656
1322893220804702208
1322810132594593792
1322827701418401792
1322905540364816390
1323030795943116802
1323030742058864644
1322871930991579136
1322792619500593153
1322971455127199748
1322836314287411202
1322828090385588232
1323019958255865859
1322843516842758145
1322891393837240320
1322858730950676481
1322957641279279109
1322870177457938432
1322809890008637447
1322977909158612996
1323015937298227200
1322926743112556544
1322830803827597315
1323007395031900163
1322960838303645696
1322943809504874496
1322809723746439168
1322961641454161923
1322887932513001473
1323009936301953024
1323000995333476356
1322862472869675010
1322892925563555841
1322802854441209856
1322919609893326850
1322844944843870210
1323037463938564116
1322813052132229120
1322843238387093510
1322857431534362624
1322950052327936001
1322852462592667648
1322815928229339136
1322900320570298369
1322839334312157184
1322869699802243077
1322821335932981249
1322704488986300416
1322982420191334405
1322818555751137280
1323007370646212612
1322974255584366595
1322891948206788610
1322817025111216128
1322922888463290368
1322882379501965318
1322988618860896263
1322857661260570633
1322855005314011136
1323006113332285453
1323019975653793792
1322955572992335874
1322927613787201536
1322991647525949445
1322798493702983681
1322951678098919430
1322847940315123712
1322808675908673538
1322988241574858755
1323020258039468037
1322853687505702912
1322921991016501248
1322957060259127298
1322831186989895682
1322824527768944645
1322963608574283776
1322925538739183618
1322849770797498368
1322892499027955712
1322973904609124354
1322879669193068545
1322960992813359104
1322988579140882434
1322944761104343045
1322994585350623232
1322821759872258048
1322953390121455617
1322995168593780739
1322901828867149825
1322860819290480645
1322819750133669888
1322882212006682635
1322996968969412616
1322838774179614721
1322865775481421824
1322999001403301894
1322994502261477376
1322872237310021633
1322696616239943682
1322953107433758725
1322818464831152128
1322903643746639872
1322969053259026433
1322965996827803649
1322820007982714885
1322901792791908352
1322954191162191873
1323015762458664960
1322862933886619648
1322894752900153347
1322976266602033153
1322889468181958661
1322943093751095305
1322985725722128384
1322882302456856577
1322855899321540609
1322877289772863495
1322813634653884419
1322981713211961344
1322860778404356096
1322814881465323520
1323004713646854144
1322994490265817089
1323036262467514369
1322984647295488001
1322901321511481344
1323008702014738433
1323034778237620225
1322843946419134464
1322902751815344128
1322989909414653953
1322920685082202112
1322826730772570114
1322854533748428800
1322896354725699585
1322828375610839040
1322785706918449155
1322985471199367169
1322803289856069636
1322986354729472011
1322795581769744384
1322902974302089218
1322916883591553025
1322886348269826048
1322859923710107651
1322841485889413121
1322878260099850252
1322951057186689025
1322842428055920659
1322745374830977025
1322844463920783363
1322859346628386816
1323026162310930440
1323048368462008322
1322835795036803073
1322872406038425610
1322916203610996736
1322867535293882368
1322858748357038080
1322959812481716225
1322966516615335937
1322964245080903681
1322881966157533187
1322795695938670593
1322849025176096770
1322947280601796612
1322874546622468098
1322871994552111104
1322936051346845696
1322917745202180097
1322843316107567104
1322696437617053697
1322707387778764800
1322691375322845184
1322828261576028160
1322798146460749824
1322698257835970563
1322809627315154944
1322979488406396934
1322866891556294656
1322793332104450048
1322912955571314689
1322760031310352384
1322824278514028546
1322885708735041536
1322986710830141444
1322815036109266949
1323016644529135619
1322988222578917376
1322791744975548421
1322765460342005762
1322813219916926976
1322992814536511491
1322889730745339905
1323025205846003719
1322857725630570501
1323010891189751813
1322829263578533888
1322819760145506306
1322707667459231745
1322852903284080640
1322916171990126592
1322917676747001856
1322845851023253511
1322998356952731648
1323041429728493571
1322949494040895489
1322925614534451202
1323015991052455936
1322788319500095488
1322962912328228866
1322866011922669568
1322989775545110534
1322986597302808577
1322937530208161793
1322806746977632256
1322981136545554436
1322840296900726787
1322902716075642887
1322821008999567361
1322861397601144832
1322859233470197760
1322845994996977668
1323019870783635458
1322881033143001090
1322834078983458819
1322970583366324224
1322839957275348992
1322953798982242308
1323007854291357705
1322964431672889344
1322913494816247810
1322827004534804493
1322833220883369995
1322812452929753090
1322855564578271235
1322992858933112840
1322695736572760070
1322988008153485314
1322997380225114113
1322952491517050880
1322838497481396224
1322840035608199168
1322691109047439360
1322894486591152129
1322827607130300416
1322823131455737861
1322949756549767168
1322837419180412928
1322973270401056768
1322799580384239616
1322702376990576640
1323024441664774150
1322888392888168450
1322933097227292674
1322878118458249228
1322834771911839744
1322889241588891651
1322864990399959043
1322821996300980224
1322968963761033217
1322781482868445186
1322851699644600320
1322846390695940097
1322857291641737216
1322917715233902592
1322856453187796992
1322841726944481291
1323020052443090945
1322988862566768645
1322892105602207744
1322894673208315905
1322902412869382144
1322854838615552000
1322812156925104128
1322983278761136130
1322863979908268039
1322859778872410112
1322810857366106112
1322691045549813763
1323025188414464002
1322857228316119040
1322833087781392404
1323037487959314436
1322991846231080961
1322821891376250880
1322912096569466881
1322827610515124225
1322893421862883328
1322961401535672323
1322924130006687745
1322993625865854983
1322917581871865856
1323002142605647872
1323049321210748931
1322987892243861509
1322874544403763200
1322791789921787905
1322702696038752256
1322856735242145792
1322967266829471758
1322837701771563009
1322817096116543489
1322890404744863744
1322794731454300163
1323032856801779714
1322835692930560000
1322835096752295936
1322796086948487173
1322696129541189632
1322991124634587137
1323017620841549824
1323012776600756226
1322907220871417856
1322938578108862464
1322830276259651589
1322806385604759555
1322873262888636419
1323045898327412737
1322848286496169989
1322996183774670859
1322882719664074752
1322989224690360321
1322820279064813568
1322984370303631363
1322801403220402177
1322807292614627328
1322937821506768905
1322813323604336640
1322872879495573506
1322798363331485698
1322884184952766464
1322719856215687168
1322888433681969152
1323015575019270144
1322951804221562881
1322802443407790080
1322965258525384709
1322857131817709568
1322987526999728130
1322810781319208961
1322883627961798657
1322815787841761281
1322946475240902662
1323041023245881347
1322876826390302720
1322870781756407808
1322826274147106816
1322942313509851136
1322853765557477376
1322696264748830720
1322881266908352514
1322859227862470657
1322857164931768320
1323023411610898438
1322874535436259328
1322960916263161856
1322992278928007175
1322706285570232325
1322942469126971407
1322901388465217536
1322793127661490177
1322911967124836355
1322995427109732353
1322891826022539264
1323012978556502017
1322905259631665154
1322874016814673921
1323027536675307520
1322996162962612225
1322901575103295489
1322868775847342081
1322902450479792133
1322746967592763392
1323003417413980161
1322961094428839936
1322876567207481345
1322871588816080898
1322821416643891202
1322891434547126277
1322962451990720518
1322921726796275713
1322914135999479811
1323035607388639233
1323020474612387847
1322830773955821575
1322870133363253248
1322792089135046656
1323041247410475008
1322901804376592385
1322967391480041487
1322934773640241152
1323021727614541824
1322812733428015106
1322986518307344389
1322966316156936195
1322966252659314690
1322885172723929089
1322988091775340544
1322937884907868163
1323003015511629824
1322900473603596291
1322874540683309056
1322929633923313667
1322992805363490816
1322829686334984194
1322980087902384134
1323010469721001985
1322855910843310082
1322812868342022144
1322800488774066176
1322859439263678464
1322816969884766209
1322989058365292544
1323004662111477760
1322975056327225351
1322917804404842496
1322852416077910016
1322839451698139147
1322776505555013632
1322867209983664128
1322850183164665857
1323002170183241735
1323001193413693440
1322851436531748867
1322691339608358912
1323015606883463168
1322942583514009605
1322705440841584640
1322963987911352321
1322841975628902403
1322891138169217024
1322924784745938944
1322931069868478465
1322851776266121217
1322844366193467393
1322989445881188361
1322858955371122688
1322998938627153920
1322816492723933185
1323006897532915714
1322863696310341636
1322857641442451456
1322954515348365314
1322925446506401793
1322843254052835328
1322881748708036609
1322993723710541824
1323014717217058819
1322850250730688513
1322861472771416066
1322914414291570689
1322832936236965888
1322828167929876485
1322886392112943113
1322809686551384064
1322846480332476416
1322858823086952450
1323038248596287488
1322842325291290626
1322995115024154624
1322885159620911106
1322854434586742785
1322883037747679233
1322939695064633350
1322807626183442432
1322987806613032960
1322998341354082309
1322997243180392461
1322967337746706444
1322863907195756545
1322836570660110336
1322998342427811842
1322988260948324357
1322942435425738757
1322800234347614208
1322833778105077760
1322989999445450752
1322865265932144645
1322789585815019520
1322909261207236608
1322997787869515782
1323021324260966408
1322880133720625157
1322992375145336832
1322878675059167232
1322719463666581504
1322786616985952257
1322939462188470275
1322921116873170945
1322874247757418498
1323044938594988032
1322812858456018944
1322864499427344386
1323011214612570118
1322972570820464645
1322848657595600897
1322869398420553729
1322885341058052101
1322944073137856513
1322859378458984448
1322999015441653768
1322832235301687296
1322941938635579395
1322869425561882624
1322899533324525579
1322924851351474176
1322798489307385856
1322962515291213831
1322987743740338178
1322899609463738369
1322893304963518465
1322987880684363780
1322989255631736838
1322994942550093829
1322940427381678080
1322868435504766981
1322724858988531713
1322850259022860290
1322828588912201734
1322870385373814789
1322896510913335301
1322965263684427778
1322921879594803201
1322906218508279813
1322837652224331776
1322900086402228226
1323001178452566018
1322922659844415489
1322906849801314306
1322847703534100480
1322763978326552576
1322853441480364042
1322856589603311617
1322861586286022657
1322985979100205059
1322962838290370561
1322705399062159363
1322794976183549952
1322988262592577542
1322882690463444992
1322860511063609344
1322868730255364100
1322821204663627776
1322866991758266368
1322853559168307202
1322917772842668032
1323019580403494913
1322958317736656897
1322836707520192517
1322833463012184067
1322888306745610241
1322946298132258816
1322853506747912192
1323031448220303360
1322953581910249479
1322899314490941440
1322873980143939586
1322859924083380225
1322995303839092736
1322804050010820608
1322797824380162049
1322871331982086144
1322929942955462656
1322944091173380100
1322828886086983683
1322743323996622849
1323020306374631424
1322978235290951684
1322993940459622405
1322812580709175296
1322917441274597377
1322931868887633921
1322914781209264130
1322815213427712005
1323003189008998402
1322941673639448576
1322811571425476610
1322904136363495424
1322783311106887680
1322869235119460353
1322784826798342144
1322963921062580226
1322963413417545735
1323021357676929025
1322955376724201474
1322849992302858246
1322846158570639361
1322824128915787783
1322703536044544001
1323003415224586245
1322864475708497920
1322979811430670347
1322895400991416320
1322953018308988929
1322845526862254081
1322993509608161280
1323001613963923463
1322799896253079552
1322838380242194432
1322819152080490501
1322875493553741827
1322900623298301952
1323010116514439173
1323015937763717121
1322893684120190976
1322794091407642626
1322944730049765376
1322961738220871680
1322855138554503170
1322853340850589696
1323040937547845638
1322959473233825795
1322826638179127296
1322720023245447168
1323000200877756416
1322840407189950465
1322859215673823232
1322854380610215936
1322887366885953538
1322829729225912320
1322889104045080576
1322992189258059790
1322827298756825089
1322941733546741760
1322992552312799232
1322797998624153600
1322804476743282689
1322976296968880131
1322992255968399360
1322815779570679808
1322826804349014017
1322905033818726400
1322888410072256513
1322992651872985089
1322918980579897353
1322943323099848708
1322978622894989312
1323004540619268096
1322802916864962560
1323029970248228864
1322897409354145793
1322874541497065472
1322736322075889670
1322988090999377920
1322918993662009344
1322977875184787456
1322967865436315648
1322810495615881216
1322870037821169664
1323020503414677505
1323033333937393664
1322838976613502976
1323036253240102912
1322904458020429829
1322857254966697984
1322809435434164224
1322991914719862787
1322949571509657601
1322934399747477504
1322991810503970823
1322995332402262016
1322969523939647490
1322835139131572224
1323004272406155265
1322901440998920192
1322951557424410625
1322888950365696002
1323030333693054976
1322950455912222722
1322836948113887238
1323014122653556742
1322851593570734094
1322901857157730304
1323018368685887490
1322993378523598848
1323028488316747777
1322961422486245376
1322855577165406210
1322987763050926086
1322992459450863616
1322689942624063491
1322803627443032065
1322798144401395712
1322911339959013379
1322812981621698560
1322992293943644160
1322891768992587777
1322851751104491520
1322902071172018176
1322988930082476034
1322995774213554180
1323025673884192770
1322993179621208072
1322815961414729728
1322943527890931713
1322969160813629441
1322978776217780225
1323009396994154503
1322890654465298434
1322869233735372801
1322869369416962048
1323020276339216396
1322895670521581571
1322889760743002112
1322881893868675072
1322816772718927872
1322856046877093889
1322803141029625858
1323002307341127680
1322794884416372737
1323018142776516610
1322880298456145921
1322986782191947776
1322692153563320320
1322868516681383941
1322944237508435968
1322981360219443202
1322861827173371904
1322861872677298177
1322931066479517697
1322766854117560320
1322892810928951297
1322925235193131009
1322995900441071617
1322695501708484608
1323015956025823232
1322928374692618240
1322843734703280130
1322851864141090817
1323026557598838785
1323051800824549382
1323015784029954048
1322838354405347329
1323032598231343107
1322822688575000576
1322807227149885441
1322922705386176512
1322893080576593922
1323037242621743109
1322842304655347714
1322829264564178944
1322942091006271490
1322801357020160000
1322951751088164864
1323026257639051264
1323004507551399936
1322988245479731206
1322916364219277312
1323045122301399042
1322889020456796162
1322825923452903424
1322993919341318156
1322966335341645825
1322918408577552385
1322964325397647361
1322941964057251841
1322835416211427328
1322914413532336128
1322820750164795393
1323027875612794894
1322985066067382278
1322889870667321344
1322821693585399809
1322944995096219648
1322996128367939586
1322844744666460161
1323008071736676354
1322867285401489409
1322867149212471297
1323010906704519169
1322846234474881025
1322795344837677056
1322988166874304516
1322875867362721793
1322834103000010753
1322932832038232067
1323009226776739845
1322930719912579074
1322997690842648578
1322997387405758466
1322834359976554497
1322886306393956354
1322977296924446725
1322866623850680320
1322999035792338950
1323051849860161550
1323010948999847937
1323012388971577346
1322964741812326400
1323001858437369859
1322921908275466242
1322718785200099329
1323007393320546304
1322879120221609985
1323024686683488261
1322996714484191232
1323023547221057538
1322831624325791744
1322954153749041152
1323000580420325384
1323028647318532099
1322987690053304326
1322953757605400578
1322892621119954944
1322862159248969737
1322815423742619648
1322820933690810368
1322997243796987904
1322944879962578944
1322963408015142912
1322815094435307522
1322972059778060288
1322891479732375553
1322880903723524096
1323041404571049989
1322886309757726720
1322850303780282369
1322783326340632577
1323013381629091840
1322988877716561920
1322883345106280448
1322947522848002055
1322913853559185413
1322805752604614656
1322910276082110464
1323028225325436929
1322765781323702272
1322810683122176001
1322998387449470978
1322989042749812741
1322949009401589760
1323018403788017673
1322895921693286401
1322982719765336066
1322992395848421379
1322850902752006144
1322898336626679809
1322789476066828288
1322994932727058432
1322842964826198016
1323038751732441088
1322847714690895872
1322800449272090625
1322904425271336962
1323048121866268673
1323040797944631303
1323013517994270720
1322954758525800448
1322814075206774784
1322793291520352256
1322882695366664193
1322870049464635406
1322819803254542337
1322890576883310594
1322980723163385856
1322929694057123845
1322846185602846720
1322883073550225413
1322848542277423108
1323021680353095680
1322826724435021824
1322839432739913729
1322945320477745152
1323032464026193923
1322938373422649345
1322942804809666560
1322965212526448641
1322890795658186752
1322968358619414528
1322828223470882817
1322987622675943429
1323005616756019201
1322981656920231940
1322896322823860238
1322937027826978816
1322815625463549954
1322917959954763778
1322886204677906435
1322988288865611776
1322800231902306304
1322892123184734208
1322891005394341902
1322823817132204032
1322855984059027456
1322974912471072770
1322884540742979585
1322813245573468162
1322988083374133251
1322969511558107136
1322799733799354369
1322865069294866435
1322945840110096384
1322856524386062336
1322997498030546950
1322937868004872193
1322964275799928833
1322967291814924289
1322821457982988290
1323042184501858304
1322799816053821447
1322961516505817089
1322988210788671491
1322923012535058434
1322983846195986432
1322857272624689152
1322950105259978753
1322941959233744898
1322916084945690625
1323001597547433995
1322859777723158528
1323028138826305547
1322969750096498688
1322916474403606529
1322848092962594817
1322852057221615616
1322959949014683657
